/*--------------------------------*- C++ -*----------------------------------*\
  =========                 |
  \\      /  F ield         | OpenFOAM: The Open Source CFD Toolbox
   \\    /   O peration     | Website:  https://openfoam.org
    \\  /    A nd           | Version:  7
     \\/     M anipulation  |
\*---------------------------------------------------------------------------*/
FoamFile
{
    version     2.0;
    format      ascii;
    class       volScalarField;
    location    "10";
    object      p;
}
// * * * * * * * * * * * * * * * * * * * * * * * * * * * * * * * * * * * * * //

dimensions      [0 2 -2 0 0 0 0];

internalField   nonuniform List<scalar> 
5600
(
-0.301772
-0.307405
-0.309268
-0.312942
-0.317171
-0.3222
-0.328611
-0.334573
-0.344147
-0.350123
-0.302176
-0.307703
-0.309554
-0.313203
-0.317429
-0.322423
-0.328919
-0.334683
-0.344657
-0.350183
-0.302969
-0.308287
-0.310107
-0.313705
-0.317919
-0.322829
-0.3295
-0.334821
-0.345628
-0.350219
-0.304118
-0.30913
-0.310898
-0.314406
-0.318592
-0.323349
-0.330291
-0.334847
-0.346962
-0.350089
-0.305581
-0.310198
-0.311882
-0.315252
-0.319383
-0.323887
-0.331209
-0.334592
-0.348525
-0.349607
-0.307306
-0.31145
-0.313008
-0.316178
-0.320217
-0.324341
-0.332158
-0.333895
-0.350176
-0.348564
-0.309237
-0.312843
-0.314222
-0.317118
-0.321017
-0.324616
-0.333043
-0.332658
-0.3517
-0.346915
-0.311319
-0.314333
-0.315474
-0.318013
-0.321714
-0.32463
-0.33375
-0.331007
-0.352323
-0.345072
-0.313501
-0.315884
-0.316719
-0.318813
-0.322254
-0.324356
-0.333968
-0.329321
-0.352289
-0.342542
-0.315742
-0.317465
-0.317923
-0.319485
-0.322591
-0.324003
-0.333576
-0.32732
-0.351825
-0.339575
-0.31801
-0.319056
-0.319064
-0.320015
-0.322598
-0.323503
-0.332818
-0.325049
-0.350732
-0.336752
-0.320289
-0.320647
-0.320133
-0.32043
-0.322384
-0.322778
-0.33168
-0.322884
-0.348496
-0.334625
-0.322577
-0.322237
-0.321138
-0.320724
-0.322002
-0.32193
-0.33011
-0.321104
-0.344741
-0.333137
-0.324888
-0.323832
-0.322107
-0.320933
-0.321484
-0.321045
-0.328135
-0.319828
-0.339404
-0.331282
-0.327255
-0.325457
-0.323066
-0.32111
-0.32089
-0.320146
-0.325847
-0.31886
-0.333003
-0.327762
-0.329717
-0.327147
-0.324059
-0.321312
-0.320298
-0.319215
-0.323344
-0.31775
-0.326293
-0.322054
-0.332318
-0.328946
-0.32514
-0.321601
-0.319788
-0.31823
-0.320669
-0.316059
-0.319626
-0.314503
-0.335121
-0.330899
-0.326366
-0.322028
-0.319403
-0.317193
-0.317807
-0.31354
-0.31275
-0.305827
-0.338193
-0.333057
-0.327795
-0.322635
-0.319138
-0.31612
-0.314738
-0.310115
-0.30516
-0.296696
-0.341606
-0.335473
-0.329484
-0.323437
-0.318963
-0.315005
-0.311459
-0.305792
-0.296772
-0.287475
-0.345431
-0.3382
-0.33148
-0.324423
-0.318869
-0.313805
-0.307952
-0.30063
-0.288379
-0.277933
-0.349734
-0.341294
-0.333807
-0.325571
-0.318882
-0.312432
-0.304166
-0.294748
-0.280377
-0.268072
-0.354577
-0.344808
-0.336455
-0.326888
-0.319014
-0.310788
-0.300049
-0.288428
-0.272323
-0.258525
-0.360016
-0.348793
-0.339381
-0.328434
-0.319206
-0.308789
-0.295592
-0.281773
-0.264318
-0.249449
-0.366101
-0.353276
-0.342547
-0.330286
-0.319335
-0.306391
-0.290788
-0.274913
-0.256335
-0.240613
-0.372885
-0.358249
-0.345973
-0.332453
-0.319264
-0.303574
-0.28566
-0.267899
-0.248377
-0.232016
-0.380413
-0.363658
-0.349758
-0.334824
-0.318883
-0.300333
-0.280223
-0.260759
-0.240445
-0.223531
-0.38872
-0.36942
-0.354046
-0.337201
-0.318109
-0.29667
-0.274493
-0.253501
-0.232516
-0.215128
-0.39781
-0.375452
-0.358933
-0.339382
-0.316869
-0.292586
-0.268476
-0.246115
-0.224566
-0.206744
-0.407625
-0.381715
-0.364372
-0.341212
-0.315101
-0.288073
-0.262168
-0.238583
-0.216559
-0.19834
-0.41803
-0.388213
-0.370132
-0.342582
-0.312752
-0.283114
-0.255555
-0.230881
-0.208463
-0.189875
-0.428804
-0.394987
-0.375839
-0.343395
-0.30978
-0.277684
-0.248615
-0.222979
-0.200239
-0.181314
-0.439672
-0.402072
-0.381068
-0.34354
-0.306147
-0.271752
-0.241319
-0.214846
-0.191851
-0.172623
-0.450332
-0.40945
-0.385439
-0.342891
-0.301815
-0.265288
-0.233635
-0.206449
-0.183265
-0.163774
-0.460492
-0.417007
-0.388664
-0.341312
-0.29674
-0.258256
-0.225528
-0.197753
-0.174447
-0.154738
-0.46989
-0.424512
-0.390558
-0.338676
-0.290876
-0.250622
-0.216964
-0.188726
-0.165365
-0.145492
-0.478297
-0.431619
-0.391013
-0.334877
-0.284168
-0.242352
-0.207912
-0.179339
-0.15599
-0.136017
-0.485519
-0.437902
-0.389958
-0.32983
-0.276565
-0.233409
-0.19834
-0.169562
-0.146298
-0.1263
-0.491387
-0.442912
-0.387335
-0.323477
-0.268017
-0.223758
-0.188222
-0.159371
-0.136271
-0.116347
-0.49575
-0.446235
-0.383071
-0.315771
-0.258479
-0.213366
-0.177531
-0.148742
-0.125897
-0.106171
-0.498465
-0.447522
-0.377082
-0.30668
-0.247913
-0.202205
-0.166249
-0.137657
-0.115162
-0.0957712
-0.499389
-0.4465
-0.369288
-0.296174
-0.236291
-0.190249
-0.154359
-0.126104
-0.104054
-0.0851028
-0.498366
-0.44297
-0.35962
-0.284231
-0.223592
-0.177482
-0.141846
-0.114074
-0.0925692
-0.0740733
-0.495226
-0.436796
-0.348022
-0.270836
-0.209803
-0.163887
-0.128694
-0.101551
-0.0807386
-0.0626028
-0.489784
-0.427892
-0.334459
-0.255981
-0.194913
-0.149452
-0.114887
-0.0885175
-0.0685991
-0.0507568
-0.481849
-0.416207
-0.318908
-0.239665
-0.178912
-0.134176
-0.100438
-0.0750011
-0.056081
-0.0387696
-0.47123
-0.401719
-0.301364
-0.221889
-0.161791
-0.118079
-0.0854021
-0.0611578
-0.043054
-0.0266345
-0.457747
-0.384428
-0.281834
-0.202648
-0.143574
-0.101224
-0.0698272
-0.0468714
-0.0296458
-0.014314
-0.441249
-0.364348
-0.26033
-0.181951
-0.124363
-0.0836343
-0.0536907
-0.0321446
-0.0159239
-0.00180113
-0.421614
-0.34151
-0.236866
-0.15988
-0.104256
-0.0652729
-0.0370178
-0.0170042
-0.00192813
0.0108872
-0.398769
-0.315992
-0.211462
-0.136661
-0.0831329
-0.0462009
-0.0198427
-0.00148948
0.0123103
0.02372
-0.37269
-0.28797
-0.184176
-0.1122
-0.0611067
-0.0264771
-0.00220821
0.0143577
0.0267558
0.0366549
-0.343407
-0.257664
-0.155128
-0.0864511
-0.0382479
-0.00616644
0.0158361
0.0304927
0.0413693
0.049641
-0.311005
-0.225026
-0.124512
-0.0595544
-0.0146329
0.0146617
0.0342335
0.0468691
0.0561117
0.0626327
-0.275661
-0.189557
-0.0928777
-0.0316864
0.00965607
0.0359337
0.0529219
0.0634395
0.0709475
0.075603
-0.237612
-0.151687
-0.0600236
-0.00299935
0.0345207
0.05757
0.0718361
0.0801575
0.0858314
0.0884865
-0.19687
-0.111977
-0.0259996
0.0263713
0.0598508
0.0794861
0.0909136
0.0969778
0.100664
0.101007
-0.153164
-0.0713548
0.00899807
0.0562966
0.08553
0.101594
0.110098
0.113849
0.115249
0.112654
-0.107286
-0.029755
0.0447461
0.0866373
0.111438
0.123804
0.12933
0.130689
0.129378
0.123267
-0.0596146
0.0127198
0.0810228
0.11724
0.137449
0.146022
0.148531
0.147366
0.143019
0.13397
-0.0105345
0.0558532
0.117606
0.147943
0.163435
0.16815
0.167594
0.16372
0.15626
0.147162
0.0395491
0.0993782
0.15427
0.178576
0.189263
0.190082
0.186403
0.179705
0.169593
0.160477
0.0902187
0.143002
0.190785
0.208964
0.214799
0.211706
0.204867
0.195359
0.183004
0.173279
0.141049
0.186417
0.226918
0.23893
0.239903
0.232907
0.222899
0.210652
0.196306
0.185596
0.191612
0.229311
0.262434
0.268292
0.264435
0.25357
0.24042
0.225531
0.209323
0.197347
0.241479
0.27137
0.2971
0.296874
0.288255
0.273585
0.25735
0.239927
0.221937
0.208528
0.290228
0.312281
0.330684
0.324495
0.311222
0.292841
0.273608
0.25376
0.234047
0.219115
0.337444
0.35174
0.36296
0.350984
0.333202
0.311233
0.28911
0.266955
0.24558
0.229083
0.382728
0.389451
0.393708
0.376169
0.354062
0.328656
0.303775
0.279436
0.256469
0.238407
0.4257
0.425129
0.422716
0.399887
0.373675
0.345012
0.317525
0.291136
0.266657
0.247059
0.466003
0.458497
0.449783
0.421985
0.391921
0.360207
0.330285
0.30199
0.276092
0.255012
0.503308
0.489296
0.474719
0.442316
0.408688
0.374151
0.341983
0.311939
0.284725
0.262242
0.537303
0.517287
0.49735
0.460746
0.423869
0.386764
0.352556
0.320926
0.292514
0.268726
0.567703
0.542259
0.517516
0.477153
0.43737
0.397971
0.361942
0.328903
0.299419
0.274442
0.594253
0.564023
0.535073
0.491425
0.449106
0.407704
0.37009
0.335826
0.305404
0.279373
0.616728
0.582415
0.549899
0.503469
0.459003
0.415906
0.376952
0.341655
0.310439
0.283505
0.63494
0.597297
0.561888
0.513203
0.466997
0.422529
0.38249
0.346358
0.314499
0.286824
0.648734
0.608558
0.570954
0.520561
0.473038
0.42753
0.386672
0.349909
0.317563
0.289321
0.657996
0.616111
0.577035
0.525494
0.477087
0.430882
0.389473
0.352287
0.319614
0.290989
0.662646
0.619903
0.580086
0.527969
0.479117
0.432563
0.390877
0.35348
0.320642
0.291825
0.662646
0.619903
0.580086
0.527969
0.479117
0.432563
0.390877
0.35348
0.320642
0.291825
0.657996
0.616111
0.577035
0.525494
0.477087
0.430882
0.389473
0.352287
0.319614
0.290989
0.648734
0.608557
0.570954
0.520561
0.473038
0.42753
0.386671
0.349909
0.317563
0.289321
0.63494
0.597297
0.561888
0.513203
0.466997
0.422529
0.38249
0.346358
0.314499
0.286824
0.616728
0.582415
0.549899
0.503469
0.459003
0.415906
0.376952
0.341655
0.310439
0.283505
0.594253
0.564023
0.535073
0.491425
0.449106
0.407704
0.37009
0.335826
0.305404
0.279373
0.567703
0.542259
0.517516
0.477153
0.43737
0.39797
0.361942
0.328903
0.299419
0.274442
0.537303
0.517287
0.49735
0.460746
0.423869
0.386764
0.352556
0.320926
0.292514
0.268726
0.503308
0.489296
0.474719
0.442316
0.408687
0.374151
0.341983
0.311939
0.284725
0.262242
0.466003
0.458497
0.449783
0.421985
0.391921
0.360207
0.330285
0.30199
0.276092
0.255012
0.4257
0.425129
0.422716
0.399887
0.373675
0.345012
0.317525
0.291136
0.266657
0.247059
0.382728
0.389451
0.393708
0.376168
0.354062
0.328656
0.303775
0.279436
0.256469
0.238407
0.337444
0.35174
0.36296
0.350984
0.333202
0.311233
0.28911
0.266955
0.24558
0.229083
0.290228
0.312281
0.330684
0.324495
0.311222
0.292841
0.273608
0.25376
0.234047
0.219115
0.241479
0.27137
0.2971
0.296874
0.288255
0.273585
0.25735
0.239927
0.221937
0.208528
0.191612
0.229311
0.262434
0.268292
0.264435
0.25357
0.24042
0.225531
0.209323
0.197347
0.141049
0.186417
0.226918
0.238929
0.239903
0.232907
0.222899
0.210652
0.196306
0.185596
0.0902186
0.143002
0.190785
0.208964
0.214799
0.211706
0.204867
0.195359
0.183004
0.173279
0.0395489
0.0993781
0.15427
0.178576
0.189263
0.190082
0.186403
0.179705
0.169593
0.160477
-0.0105346
0.055853
0.117606
0.147943
0.163435
0.16815
0.167593
0.16372
0.15626
0.147162
-0.0596148
0.0127197
0.0810227
0.11724
0.137449
0.146022
0.148531
0.147366
0.143019
0.133969
-0.107286
-0.0297552
0.044746
0.0866372
0.111438
0.123804
0.12933
0.130689
0.129378
0.123267
-0.153164
-0.0713549
0.00899796
0.0562965
0.0855299
0.101594
0.110098
0.113849
0.115249
0.112654
-0.19687
-0.111977
-0.0259997
0.0263712
0.0598507
0.079486
0.0909135
0.0969777
0.100664
0.101007
-0.237612
-0.151688
-0.0600237
-0.00299945
0.0345207
0.0575699
0.071836
0.0801574
0.0858313
0.0884864
-0.275661
-0.189557
-0.0928778
-0.0316865
0.00965598
0.0359336
0.0529218
0.0634395
0.0709474
0.0756029
-0.311005
-0.225026
-0.124512
-0.0595545
-0.014633
0.0146616
0.0342334
0.046869
0.0561116
0.0626326
-0.343407
-0.257664
-0.155128
-0.0864512
-0.038248
-0.00616653
0.015836
0.0304926
0.0413692
0.049641
-0.37269
-0.28797
-0.184177
-0.1122
-0.0611068
-0.0264771
-0.00220829
0.0143577
0.0267557
0.0366548
-0.398769
-0.315992
-0.211462
-0.136661
-0.083133
-0.046201
-0.0198428
-0.00148956
0.0123102
0.0237199
-0.421614
-0.34151
-0.236866
-0.15988
-0.104256
-0.065273
-0.0370179
-0.0170043
-0.00192821
0.0108872
-0.441249
-0.364348
-0.26033
-0.181951
-0.124363
-0.0836344
-0.0536908
-0.0321446
-0.015924
-0.00180121
-0.457748
-0.384429
-0.281834
-0.202648
-0.143574
-0.101225
-0.0698273
-0.0468715
-0.0296459
-0.0143141
-0.47123
-0.401719
-0.301364
-0.221889
-0.161792
-0.118079
-0.0854022
-0.0611579
-0.0430541
-0.0266346
-0.481849
-0.416207
-0.318908
-0.239665
-0.178912
-0.134176
-0.100438
-0.0750012
-0.0560811
-0.0387696
-0.489785
-0.427892
-0.334459
-0.255981
-0.194913
-0.149453
-0.114887
-0.0885176
-0.0685992
-0.0507569
-0.495226
-0.436796
-0.348022
-0.270836
-0.209803
-0.163887
-0.128694
-0.101552
-0.0807387
-0.0626028
-0.498366
-0.44297
-0.35962
-0.284231
-0.223592
-0.177482
-0.141846
-0.114074
-0.0925693
-0.0740734
-0.499389
-0.4465
-0.369288
-0.296174
-0.236292
-0.190249
-0.154359
-0.126104
-0.104054
-0.0851029
-0.498465
-0.447522
-0.377082
-0.30668
-0.247913
-0.202205
-0.166249
-0.137657
-0.115162
-0.0957713
-0.49575
-0.446235
-0.383071
-0.315771
-0.258479
-0.213367
-0.177531
-0.148742
-0.125897
-0.106171
-0.491387
-0.442912
-0.387335
-0.323477
-0.268017
-0.223758
-0.188222
-0.159371
-0.136272
-0.116347
-0.48552
-0.437902
-0.389958
-0.32983
-0.276565
-0.233409
-0.19834
-0.169562
-0.146298
-0.1263
-0.478297
-0.431619
-0.391013
-0.334877
-0.284168
-0.242352
-0.207912
-0.179339
-0.15599
-0.136017
-0.46989
-0.424512
-0.390558
-0.338676
-0.290876
-0.250623
-0.216964
-0.188726
-0.165365
-0.145492
-0.460492
-0.417007
-0.388664
-0.341312
-0.29674
-0.258256
-0.225528
-0.197753
-0.174447
-0.154738
-0.450332
-0.40945
-0.385439
-0.342891
-0.301815
-0.265288
-0.233635
-0.206449
-0.183265
-0.163774
-0.439672
-0.402072
-0.381069
-0.34354
-0.306147
-0.271752
-0.241319
-0.214846
-0.191851
-0.172623
-0.428805
-0.394988
-0.375839
-0.343395
-0.309781
-0.277684
-0.248615
-0.222979
-0.200239
-0.181314
-0.41803
-0.388213
-0.370132
-0.342582
-0.312752
-0.283114
-0.255555
-0.230881
-0.208463
-0.189876
-0.407625
-0.381715
-0.364372
-0.341213
-0.315101
-0.288073
-0.262168
-0.238583
-0.216559
-0.19834
-0.39781
-0.375453
-0.358933
-0.339382
-0.316869
-0.292586
-0.268476
-0.246115
-0.224566
-0.206744
-0.388721
-0.36942
-0.354046
-0.337201
-0.318109
-0.29667
-0.274493
-0.253501
-0.232516
-0.215128
-0.380413
-0.363658
-0.349758
-0.334824
-0.318883
-0.300333
-0.280223
-0.260759
-0.240446
-0.223531
-0.372885
-0.358249
-0.345973
-0.332454
-0.319264
-0.303574
-0.28566
-0.267899
-0.248377
-0.232016
-0.366101
-0.353276
-0.342547
-0.330287
-0.319335
-0.306391
-0.290789
-0.274914
-0.256335
-0.240613
-0.360016
-0.348793
-0.339381
-0.328434
-0.319206
-0.308789
-0.295592
-0.281773
-0.264318
-0.249449
-0.354577
-0.344808
-0.336455
-0.326888
-0.319014
-0.310788
-0.300049
-0.288428
-0.272323
-0.258525
-0.349734
-0.341294
-0.333807
-0.325571
-0.318882
-0.312432
-0.304166
-0.294749
-0.280377
-0.268072
-0.345431
-0.3382
-0.33148
-0.324423
-0.318869
-0.313805
-0.307952
-0.300631
-0.288379
-0.277933
-0.341606
-0.335473
-0.329484
-0.323437
-0.318963
-0.315005
-0.311459
-0.305792
-0.296772
-0.287475
-0.338193
-0.333057
-0.327795
-0.322635
-0.319139
-0.31612
-0.314738
-0.310115
-0.30516
-0.296696
-0.335121
-0.330899
-0.326366
-0.322028
-0.319403
-0.317193
-0.317808
-0.31354
-0.31275
-0.305827
-0.332318
-0.328946
-0.32514
-0.321601
-0.319788
-0.31823
-0.320669
-0.316059
-0.319626
-0.314503
-0.329717
-0.327147
-0.324059
-0.321312
-0.320298
-0.319215
-0.323344
-0.317751
-0.326294
-0.322054
-0.327255
-0.325457
-0.323066
-0.32111
-0.32089
-0.320147
-0.325847
-0.31886
-0.333003
-0.327762
-0.324888
-0.323832
-0.322107
-0.320933
-0.321484
-0.321045
-0.328136
-0.319828
-0.339404
-0.331283
-0.322577
-0.322237
-0.321138
-0.320724
-0.322002
-0.32193
-0.330111
-0.321104
-0.344741
-0.333138
-0.320289
-0.320647
-0.320133
-0.32043
-0.322384
-0.322778
-0.33168
-0.322884
-0.348496
-0.334626
-0.31801
-0.319056
-0.319064
-0.320015
-0.322598
-0.323503
-0.332819
-0.32505
-0.350733
-0.336752
-0.315742
-0.317465
-0.317923
-0.319485
-0.322591
-0.324003
-0.333576
-0.32732
-0.351825
-0.339576
-0.313501
-0.315884
-0.316719
-0.318813
-0.322254
-0.324356
-0.333969
-0.329321
-0.35229
-0.342542
-0.311319
-0.314333
-0.315474
-0.318013
-0.321714
-0.32463
-0.33375
-0.331008
-0.352323
-0.345072
-0.309237
-0.312843
-0.314222
-0.317118
-0.321017
-0.324616
-0.333043
-0.332658
-0.3517
-0.346915
-0.307306
-0.311451
-0.313008
-0.316178
-0.320217
-0.324341
-0.332159
-0.333895
-0.350176
-0.348565
-0.305581
-0.310199
-0.311882
-0.315252
-0.319383
-0.323887
-0.33121
-0.334592
-0.348525
-0.349607
-0.304118
-0.30913
-0.310898
-0.314406
-0.318593
-0.323349
-0.330291
-0.334847
-0.346962
-0.350089
-0.302969
-0.308287
-0.310107
-0.313705
-0.317919
-0.322829
-0.3295
-0.334821
-0.345628
-0.350219
-0.302176
-0.307703
-0.309554
-0.313203
-0.317429
-0.322423
-0.328919
-0.334683
-0.344657
-0.350183
-0.301772
-0.307405
-0.309268
-0.312942
-0.317171
-0.3222
-0.328611
-0.334573
-0.344147
-0.350123
-0.356464
-0.359784
-0.362929
-0.365588
-0.367448
-0.368055
-0.366787
-0.362845
-0.355398
-0.343474
-0.325994
-0.30201
-0.270696
-0.232665
-0.187495
-0.13906
-0.0924303
-0.0397268
-0.021059
0.0203146
-0.357065
-0.360439
-0.363655
-0.366392
-0.368336
-0.369041
-0.367883
-0.364056
-0.356726
-0.344908
-0.327512
-0.303604
-0.272286
-0.234269
-0.188977
-0.140519
-0.093893
-0.0406687
-0.0219163
0.0194631
-0.358105
-0.361575
-0.364912
-0.367799
-0.369904
-0.370793
-0.369838
-0.366223
-0.35913
-0.347533
-0.330303
-0.306554
-0.27524
-0.237262
-0.191783
-0.143227
-0.0960719
-0.0430136
-0.0235118
0.0178405
-0.35931
-0.362891
-0.366365
-0.36946
-0.371795
-0.372938
-0.372266
-0.368886
-0.362206
-0.350929
-0.333945
-0.310449
-0.279175
-0.241295
-0.195612
-0.146879
-0.0992481
-0.046164
-0.0256445
0.015589
-0.360401
-0.364039
-0.367629
-0.370965
-0.373585
-0.375038
-0.374744
-0.371918
-0.365484
-0.354594
-0.33794
-0.314808
-0.283641
-0.24599
-0.199997
-0.151151
-0.103127
-0.0499492
-0.0280996
0.0128825
-0.361227
-0.364702
-0.368356
-0.371943
-0.374877
-0.376686
-0.376793
-0.374404
-0.368453
-0.358062
-0.341818
-0.319117
-0.288122
-0.250679
-0.204791
-0.155704
-0.107407
-0.054188
-0.0306944
0.00989907
-0.361114
-0.364712
-0.368344
-0.372128
-0.375372
-0.37755
-0.378067
-0.37615
-0.370712
-0.360856
-0.345106
-0.322924
-0.292368
-0.255183
-0.209509
-0.16024
-0.111805
-0.0586793
-0.033296
0.00680127
-0.359623
-0.363895
-0.367499
-0.371401
-0.374916
-0.377435
-0.378344
-0.376902
-0.372
-0.362726
-0.347551
-0.325945
-0.295921
-0.259109
-0.213867
-0.164533
-0.116079
-0.0632287
-0.0358153
0.00372409
-0.357153
-0.36206
-0.365781
-0.369753
-0.37346
-0.376263
-0.377523
-0.376529
-0.372137
-0.363459
-0.348888
-0.327928
-0.298553
-0.262221
-0.217609
-0.168394
-0.120031
-0.0676607
-0.0381945
0.000770477
-0.3535
-0.359092
-0.363172
-0.36721
-0.371012
-0.37402
-0.375575
-0.374961
-0.371035
-0.362938
-0.348983
-0.328714
-0.300086
-0.26435
-0.220539
-0.171672
-0.123517
-0.0718271
-0.0403958
-0.00198799
-0.348766
-0.354911
-0.359586
-0.363758
-0.367577
-0.370718
-0.372491
-0.372185
-0.368657
-0.361097
-0.347763
-0.32821
-0.300406
-0.265391
-0.222524
-0.174259
-0.126443
-0.0756131
-0.0423943
-0.00450712
-0.343385
-0.349534
-0.354909
-0.359319
-0.363101
-0.366274
-0.368246
-0.368181
-0.364987
-0.357914
-0.345197
-0.326371
-0.299467
-0.2653
-0.223496
-0.176088
-0.128756
-0.078941
-0.0441752
-0.00676458
-0.337908
-0.343226
-0.349131
-0.353811
-0.35754
-0.360724
-0.362808
-0.362932
-0.360028
-0.353399
-0.341294
-0.323211
-0.297277
-0.264083
-0.223458
-0.177137
-0.130448
-0.0817696
-0.0457323
-0.00875455
-0.332465
-0.336407
-0.342462
-0.347234
-0.350836
-0.354026
-0.356182
-0.356461
-0.353817
-0.347604
-0.336115
-0.318802
-0.293899
-0.261803
-0.222464
-0.177427
-0.131541
-0.0840912
-0.0470674
-0.0104828
-0.326397
-0.329279
-0.335175
-0.339701
-0.343055
-0.346173
-0.348445
-0.34885
-0.34645
-0.340643
-0.329781
-0.313273
-0.289457
-0.258574
-0.220613
-0.177023
-0.132083
-0.0859215
-0.0481859
-0.011961
-0.319528
-0.321867
-0.327394
-0.331358
-0.334355
-0.337377
-0.339736
-0.340249
-0.338101
-0.332699
-0.322472
-0.306804
-0.284116
-0.254538
-0.218029
-0.176004
-0.13213
-0.0872873
-0.0490945
-0.0132039
-0.311914
-0.314171
-0.319183
-0.322353
-0.325138
-0.328279
-0.330305
-0.330893
-0.329
-0.324002
-0.314415
-0.299609
-0.278074
-0.249864
-0.214857
-0.174473
-0.131761
-0.0882464
-0.0498228
-0.0142358
-0.30395
-0.306381
-0.310673
-0.313068
-0.315634
-0.318482
-0.320428
-0.321093
-0.319448
-0.314862
-0.305917
-0.291988
-0.271622
-0.244823
-0.211356
-0.172652
-0.131167
-0.0889434
-0.0504539
-0.0151045
-0.296324
-0.298827
-0.30203
-0.303773
-0.306133
-0.308905
-0.31067
-0.31122
-0.309728
-0.305529
-0.297223
-0.284203
-0.265034
-0.239694
-0.207783
-0.170745
-0.130477
-0.089457
-0.0510088
-0.0158363
-0.289243
-0.291756
-0.293375
-0.294205
-0.296039
-0.298253
-0.299877
-0.300516
-0.299236
-0.29545
-0.287784
-0.275652
-0.257626
-0.233684
-0.203262
-0.167861
-0.128883
-0.0891684
-0.0510863
-0.0162988
-0.278237
-0.283918
-0.284634
-0.285093
-0.286735
-0.288933
-0.290302
-0.290286
-0.288628
-0.284642
-0.277006
-0.265136
-0.247759
-0.22486
-0.195886
-0.162321
-0.12515
-0.0873193
-0.0502962
-0.0163897
-0.26175
-0.270079
-0.271842
-0.271889
-0.272787
-0.274364
-0.275491
-0.27551
-0.273669
-0.269521
-0.262035
-0.250672
-0.234317
-0.212949
-0.186009
-0.154864
-0.120084
-0.0845731
-0.0490204
-0.0162475
-0.245999
-0.255379
-0.257835
-0.257739
-0.258161
-0.259397
-0.260372
-0.260192
-0.25812
-0.253844
-0.246555
-0.235783
-0.220517
-0.20074
-0.175863
-0.147119
-0.11475
-0.0815109
-0.0475722
-0.0159877
-0.231044
-0.240143
-0.242969
-0.243002
-0.243202
-0.244145
-0.244895
-0.244527
-0.242336
-0.238068
-0.231063
-0.220934
-0.206765
-0.188544
-0.165662
-0.139218
-0.109213
-0.0781791
-0.0459597
-0.0156095
-0.215565
-0.224381
-0.227492
-0.227773
-0.227917
-0.228627
-0.229165
-0.228686
-0.226497
-0.222354
-0.215698
-0.206234
-0.193143
-0.176421
-0.155454
-0.131202
-0.103499
-0.074609
-0.0441842
-0.015125
-0.199941
-0.208437
-0.211726
-0.212257
-0.212436
-0.213
-0.213393
-0.212872
-0.210767
-0.206826
-0.200566
-0.191777
-0.17974
-0.164454
-0.145314
-0.123142
-0.0976601
-0.0708471
-0.0422599
-0.0145525
-0.184562
-0.192534
-0.195897
-0.196662
-0.196934
-0.197436
-0.197751
-0.197236
-0.195259
-0.191574
-0.185755
-0.177653
-0.166641
-0.152722
-0.135313
-0.115102
-0.0917444
-0.0669372
-0.0402038
-0.0139089
-0.169458
-0.176836
-0.180202
-0.181178
-0.181576
-0.182079
-0.182365
-0.18189
-0.180077
-0.17669
-0.171346
-0.163935
-0.153913
-0.141289
-0.125508
-0.107138
-0.0857986
-0.0629238
-0.0380384
-0.0132102
-0.154793
-0.161541
-0.164841
-0.165992
-0.166528
-0.167066
-0.167361
-0.166954
-0.165329
-0.162266
-0.157415
-0.150691
-0.141619
-0.130212
-0.115954
-0.0993056
-0.0798729
-0.0588533
-0.035791
-0.0124714
-0.140746
-0.146821
-0.14999
-0.151275
-0.151944
-0.152536
-0.152863
-0.152544
-0.151121
-0.148392
-0.144036
-0.137983
-0.129816
-0.119549
-0.106707
-0.091663
-0.0740207
-0.0547739
-0.0334929
-0.0117066
-0.127418
-0.132813
-0.135806
-0.137183
-0.137969
-0.138622
-0.138995
-0.138772
-0.137553
-0.135155
-0.131284
-0.125876
-0.118563
-0.109358
-0.097827
-0.08427
-0.0682993
-0.0507358
-0.0311786
-0.0109295
-0.114915
-0.119647
-0.122433
-0.123862
-0.124744
-0.125456
-0.125877
-0.125751
-0.124731
-0.122651
-0.119241
-0.114444
-0.107928
-0.099705
-0.0893783
-0.0771909
-0.0627699
-0.0467922
-0.0288854
-0.010154
-0.103346
-0.107442
-0.109999
-0.111446
-0.112403
-0.113165
-0.113632
-0.113597
-0.11276
-0.110976
-0.107996
-0.103765
-0.0979836
-0.0906596
-0.0814308
-0.0704948
-0.0574979
-0.0429988
-0.0266527
-0.00939432
-0.092798
-0.096301
-0.0986226
-0.100061
-0.101071
-0.101872
-0.102378
-0.102422
-0.10175
-0.100233
-0.0976443
-0.0939286
-0.0888125
-0.0823002
-0.0740609
-0.0642557
-0.0525525
-0.0394139
-0.0245213
-0.00866523
-0.0833561
-0.0863203
-0.0884113
-0.0898223
-0.0908652
-0.0916941
-0.0922311
-0.0923424
-0.0918125
-0.0905304
-0.0882874
-0.0850295
-0.080505
-0.0747136
-0.0673523
-0.0585534
-0.0480069
-0.0360985
-0.0225337
-0.007982
-0.0751111
-0.0776005
-0.0794758
-0.080847
-0.0819084
-0.0827549
-0.0833134
-0.0834777
-0.0830663
-0.0819836
-0.080038
-0.0771758
-0.0731639
-0.0679976
-0.0613983
-0.0534751
-0.0439398
-0.033117
-0.0207341
-0.0073608
-0.0681558
-0.070244
-0.0719282
-0.0732554
-0.0743248
-0.0751816
-0.0757546
-0.0759594
-0.075643
-0.0747233
-0.0730237
-0.070491
-0.0669077
-0.062265
-0.056305
-0.0491188
-0.0404379
-0.0305392
-0.0191698
-0.00681878
-0.0626159
-0.0643833
-0.0659085
-0.0671928
-0.0682623
-0.0691229
-0.0697045
-0.0699394
-0.0696959
-0.0689026
-0.0673956
-0.0651223
-0.0618779
-0.0576499
-0.0521975
-0.0455979
-0.0375997
-0.0284433
-0.0178929
-0.00637441
-0.0586627
-0.0602018
-0.0616116
-0.0628627
-0.0639307
-0.0647925
-0.0653773
-0.0656283
-0.0654315
-0.0647246
-0.0633523
-0.0612618
-0.0582576
-0.0543243
-0.0492339
-0.0430531
-0.0355446
-0.0269223
-0.016965
-0.00605008
-0.0564687
-0.0578916
-0.0592435
-0.0604795
-0.061549
-0.0624141
-0.0630044
-0.0632687
-0.0631009
-0.0624421
-0.0611438
-0.0591523
-0.0562795
-0.0525055
-0.0476132
-0.041659
-0.0344199
-0.0260873
-0.0164585
-0.0058706
-0.0954625
-0.105061
-0.11452
-0.12383
-0.132987
-0.142002
-0.150891
-0.159671
-0.168364
-0.176989
-0.185572
-0.194134
-0.202704
-0.211302
-0.219944
-0.228672
-0.237416
-0.246469
-0.255536
-0.266378
-0.08985
-0.0989061
-0.107829
-0.116619
-0.125281
-0.133829
-0.142276
-0.150637
-0.158929
-0.167167
-0.175367
-0.183546
-0.191712
-0.199893
-0.20805
-0.216307
-0.22444
-0.232983
-0.241181
-0.250823
-0.0842696
-0.0927154
-0.10103
-0.109218
-0.117288
-0.125249
-0.13311
-0.140884
-0.148578
-0.156206
-0.163774
-0.1713
-0.178774
-0.186253
-0.193668
-0.201207
-0.208643
-0.216523
-0.224491
-0.234015
-0.0787485
-0.0866108
-0.0943604
-0.102003
-0.109541
-0.116982
-0.124332
-0.131599
-0.138791
-0.14592
-0.152988
-0.160026
-0.167022
-0.174053
-0.181069
-0.188253
-0.195487
-0.203141
-0.211094
-0.219963
-0.0733642
-0.0806835
-0.0879057
-0.0950359
-0.102078
-0.109037
-0.115919
-0.122734
-0.129489
-0.1362
-0.142872
-0.149539
-0.156197
-0.162908
-0.169639
-0.176487
-0.183366
-0.19039
-0.197564
-0.205359
-0.0681303
-0.0749366
-0.081651
-0.0882827
-0.0948371
-0.10132
-0.107738
-0.114099
-0.120412
-0.126689
-0.132938
-0.139178
-0.145403
-0.151639
-0.157856
-0.164077
-0.170284
-0.176548
-0.183085
-0.190301
-0.0630646
-0.069373
-0.0755934
-0.0817372
-0.0878115
-0.0938215
-0.0997713
-0.105667
-0.111514
-0.117319
-0.123085
-0.128819
-0.134517
-0.140188
-0.145836
-0.151483
-0.157186
-0.162991
-0.169104
-0.175738
-0.0581783
-0.0640023
-0.069745
-0.0754167
-0.0810238
-0.0865698
-0.0920568
-0.097488
-0.102866
-0.108195
-0.113479
-0.118722
-0.123935
-0.129128
-0.134326
-0.139535
-0.1448
-0.150102
-0.155615
-0.161522
-0.0534663
-0.0588276
-0.0641157
-0.0693372
-0.0744969
-0.0795967
-0.084638
-0.0896228
-0.0945541
-0.0994363
-0.104275
-0.109078
-0.113853
-0.118606
-0.123347
-0.128064
-0.13279
-0.137514
-0.142419
-0.147685
-0.048945
-0.0538706
-0.0587291
-0.0635246
-0.06826
-0.0729367
-0.0775558
-0.0821188
-0.0866286
-0.0910882
-0.095502
-0.0998715
-0.104202
-0.10849
-0.112747
-0.116967
-0.12119
-0.125414
-0.129794
-0.134466
-0.0446319
-0.0491501
-0.0536058
-0.0580011
-0.0623379
-0.0666167
-0.0708377
-0.0750015
-0.0791093
-0.0831621
-0.0871621
-0.0911096
-0.0950096
-0.0988622
-0.10268
-0.106461
-0.110236
-0.113995
-0.117859
-0.121943
-0.0405449
-0.0446852
-0.0487665
-0.0527898
-0.0567553
-0.0606627
-0.0645114
-0.0683007
-0.0720312
-0.0757032
-0.0793186
-0.0828784
-0.0863869
-0.0898443
-0.0932589
-0.0966255
-0.0999661
-0.103273
-0.106649
-0.110188
-0.0367092
-0.0405019
-0.0442389
-0.0479198
-0.0515436
-0.0551089
-0.0586146
-0.0620598
-0.0654444
-0.0687681
-0.0720321
-0.0752364
-0.0783834
-0.0814721
-0.084508
-0.0874874
-0.0904286
-0.0933272
-0.0962636
-0.0993114
-0.033146
-0.0366244
-0.0400503
-0.0434213
-0.0467355
-0.0499909
-0.0531861
-0.0563197
-0.0593908
-0.0623985
-0.0653428
-0.0682234
-0.0710413
-0.073796
-0.0764917
-0.0791259
-0.0817121
-0.0842459
-0.0867882
-0.0893943
-0.0298784
-0.0330852
-0.036238
-0.039334
-0.0423724
-0.0453517
-0.0482702
-0.0511259
-0.0539175
-0.0566437
-0.059304
-0.0618976
-0.064425
-0.0668856
-0.0692818
-0.0716116
-0.073884
-0.0760957
-0.0782912
-0.0805113
-0.0269866
-0.0299479
-0.0328572
-0.035711
-0.0385078
-0.0412456
-0.0439225
-0.0465361
-0.0490847
-0.0515667
-0.053981
-0.0563265
-0.0586032
-0.0608099
-0.062948
-0.0650156
-0.0670191
-0.0689556
-0.0708562
-0.0727487
-0.0245068
-0.0272576
-0.0299584
-0.0326055
-0.0351967
-0.0377296
-0.0402017
-0.0426107
-0.0449544
-0.047231
-0.049439
-0.0515772
-0.0536447
-0.0556405
-0.0575649
-0.0594164
-0.0611987
-0.0629097
-0.064569
-0.0661942
-0.0225042
-0.0250864
-0.02762
-0.030101
-0.032527
-0.0348952
-0.037203
-0.0394481
-0.0416281
-0.0437411
-0.0457853
-0.0477592
-0.0496618
-0.0514917
-0.0532487
-0.0549314
-0.0565415
-0.0580776
-0.0595503
-0.0609695
-0.0210285
-0.0234835
-0.0258913
-0.0282489
-0.0305532
-0.0328013
-0.0349906
-0.0371183
-0.0391823
-0.0411803
-0.0431105
-0.0449712
-0.046761
-0.0484784
-0.0501226
-0.0516923
-0.0531875
-0.0546071
-0.0559554
-0.0572363
-0.0202858
-0.0226586
-0.0249839
-0.0272584
-0.0294798
-0.0316461
-0.033755
-0.0358045
-0.0377922
-0.0397164
-0.0415752
-0.043367
-0.0450904
-0.046744
-0.0483268
-0.0498375
-0.0512754
-0.0526396
-0.053931
-0.0551502
0.125641
0.114489
0.103242
0.0925656
0.0812519
0.0694652
0.0577109
0.046057
0.0344288
0.0228397
0.0113418
-3.46908e-05
-0.0112764
-0.0223736
-0.0333217
-0.0441406
-0.0548824
-0.0654859
-0.0757481
-0.0857101
0.11928
0.108115
0.0957641
0.0852651
0.074765
0.0636568
0.0525456
0.0416545
0.0308515
0.0200811
0.00938897
-0.00118844
-0.0116463
-0.0219874
-0.0322027
-0.0422562
-0.052045
-0.0617452
-0.0712986
-0.0806574
0.111809
0.101197
0.0884954
0.078195
0.0686877
0.0585391
0.0481404
0.0379609
0.0279476
0.0179719
0.00804604
-0.00177707
-0.0114778
-0.0210533
-0.0304894
-0.0397652
-0.048884
-0.0579771
-0.0669237
-0.075681
0.103694
0.0938779
0.0814561
0.0713981
0.0627095
0.0535556
0.0439251
0.0344091
0.0251283
0.0159369
0.00678182
-0.0022938
-0.0112545
-0.0200947
-0.0288129
-0.0374058
-0.0458734
-0.0543133
-0.0626207
-0.0707598
0.0955051
0.0865441
0.0747966
0.0651133
0.0570818
0.0488611
0.0400615
0.0312171
0.0226095
0.0141507
0.00573592
-0.00262779
-0.0108984
-0.0190571
-0.0270987
-0.0350185
-0.0428282
-0.0506707
-0.0583802
-0.0659365
0.0875323
0.0793723
0.0684998
0.0593285
0.0518508
0.0444384
0.0364694
0.0283193
0.0203488
0.0125628
0.00484665
-0.00283462
-0.0104516
-0.017979
-0.0254147
-0.0327617
-0.0400122
-0.0471239
-0.0542075
-0.0612208
0.079923
0.0724875
0.0625814
0.0540372
0.0470744
0.040351
0.0331649
0.0257203
0.0183732
0.0112083
0.00413812
-0.00289851
-0.0098933
-0.0168191
-0.0236633
-0.0304219
-0.0370859
-0.0436327
-0.0501674
-0.0566591
0.0727646
0.065992
0.0570733
0.0492267
0.0427685
0.0366384
0.0301591
0.0234016
0.0166672
0.0100843
0.0036069
-0.00282979
-0.00923656
-0.0155923
-0.0218795
-0.0280908
-0.0342217
-0.0402636
-0.0462853
-0.0522681
0.0661212
0.059968
0.052015
0.0448909
0.0389324
0.0333245
0.027471
0.0213584
0.0152173
0.00918545
0.00325352
-0.00263153
-0.00849097
-0.0143133
-0.0200816
-0.0257859
-0.0314224
-0.036988
-0.0425283
-0.0480292
0.0600409
0.0544703
0.0474339
0.0410229
0.0355525
0.0304129
0.0251102
0.019587
0.0140071
0.00849587
0.00306777
-0.00231284
-0.00766881
-0.0129967
-0.0182828
-0.0235165
-0.0286929
-0.0338107
-0.0389008
-0.0439517
0.054556
0.049529
0.0433416
0.0376103
0.0326088
0.027894
0.0230762
0.0180823
0.0130216
0.00799694
0.00303432
-0.00188578
-0.00678214
-0.0116557
-0.0164967
-0.0212953
-0.0260458
-0.0307464
-0.0354184
-0.0400518
0.049683
0.0451559
0.0397361
0.0346353
0.0300766
0.0257486
0.0213586
0.0168344
0.012245
0.00766844
0.00313357
-0.00136715
-0.00584638
-0.0103062
-0.0147399
-0.019139
-0.0234973
-0.0278124
-0.0320989
-0.036347
0.0454238
0.0413482
0.0366059
0.0320747
0.0279268
0.0239514
0.0199388
0.0158276
0.0116588
0.00748856
0.00334301
-0.000777729
-0.00488032
-0.00896613
-0.0130305
-0.0170664
-0.0210683
-0.0250325
-0.028967
-0.0328624
0.0417671
0.0380915
0.0339323
0.0299024
0.0261278
0.0224717
0.0187913
0.0150398
0.0112408
0.00743242
0.00363609
-0.000143918
-0.00390944
-0.0076599
-0.0113909
-0.015096
-0.0187707
-0.0224161
-0.0260368
-0.0296164
0.0386914
0.0353619
0.0316914
0.0280905
0.0246469
0.0212757
0.0178857
0.0144442
0.0109648
0.00747243
0.00398348
0.000503613
-0.00296606
-0.00642387
-0.00986589
-0.0132868
-0.0166796
-0.0200338
-0.023343
-0.0266261
0.0361682
0.0331289
0.0298557
0.0266104
0.023451
0.0203285
0.0171879
0.0140093
0.0108009
0.00757882
0.00435511
0.00113583
-0.00207592
-0.00527693
-0.00846271
-0.0116279
-0.0147666
-0.017873
-0.0209412
-0.0239808
0.0341661
0.0313602
0.028397
0.0254341
0.0225083
0.0195938
0.0166607
0.0136986
0.0107129
0.0077144
0.00471197
0.00171132
-0.00128353
-0.00426864
-0.00723952
-0.0101913
-0.0131188
-0.0160169
-0.0188801
-0.0217116
0.0326576
0.030026
0.02729
0.0245377
0.0217915
0.0190399
0.016269
0.0134748
0.0106618
0.00783751
0.00500852
0.00218011
-0.000643346
-0.00345752
-0.0062578
-0.0090393
-0.0117968
-0.014525
-0.0172183
-0.0198792
0.0316245
0.0291025
0.0265112
0.0238964
0.0212719
0.0186341
0.0159782
0.013304
0.0106154
0.00791797
0.00521693
0.00251697
-0.000177558
-0.00286238
-0.00553316
-0.00818553
-0.0108153
-0.0134183
-0.0159907
-0.0185293
0.0310906
0.0286093
0.026073
0.0235074
0.0209245
0.0183265
0.0157136
0.0130875
0.0104521
0.00781203
0.00517209
0.00253676
-8.96789e-05
-0.00270299
-0.00529893
-0.00787318
-0.0104213
-0.0129389
-0.0154219
-0.0178715
0.142021
0.1436
0.148736
0.152635
0.157982
0.160591
0.162641
0.159799
0.154543
0.140674
0.140567
0.141916
0.146354
0.149541
0.153599
0.155026
0.155098
0.150896
0.142857
0.130381
0.138955
0.140051
0.143725
0.146152
0.148867
0.149124
0.147364
0.142057
0.132736
0.121317
0.137168
0.138006
0.14085
0.142502
0.143833
0.142954
0.13955
0.133316
0.123406
0.11227
0.135199
0.13578
0.137742
0.138607
0.138569
0.136588
0.131794
0.124726
0.114506
0.103434
0.13304
0.133367
0.134411
0.134476
0.133133
0.130082
0.124162
0.116346
0.105983
0.0950363
0.130688
0.130762
0.130878
0.130122
0.127577
0.1235
0.116692
0.108258
0.0978756
0.0871526
0.128146
0.127965
0.127169
0.12557
0.121952
0.116917
0.109423
0.100539
0.0902256
0.0797842
0.125424
0.12498
0.123317
0.120862
0.116307
0.110415
0.102405
0.0932422
0.083065
0.072938
0.122538
0.121818
0.119358
0.116052
0.110695
0.104074
0.0956935
0.0864011
0.0764226
0.0666373
0.119516
0.118502
0.115331
0.111209
0.105173
0.0979698
0.0893446
0.0800446
0.0703243
0.0609086
0.116395
0.115067
0.111282
0.106409
0.0998085
0.0921674
0.0834113
0.0742008
0.0647904
0.05577
0.113222
0.111565
0.107262
0.101731
0.0946756
0.0867288
0.0779416
0.0688962
0.0598348
0.0512285
0.110057
0.108065
0.103334
0.0972598
0.089853
0.0817134
0.0729778
0.0641535
0.0554646
0.0472812
0.106972
0.104653
0.0995779
0.0930812
0.0854211
0.0771809
0.0685583
0.0599911
0.0516816
0.0439169
0.104057
0.101435
0.0960885
0.0892855
0.0814616
0.0731925
0.0647216
0.0564256
0.0484847
0.0411192
0.101418
0.0985337
0.0929801
0.0859714
0.0780593
0.0698131
0.0615093
0.053476
0.0458734
0.0388699
0.0991838
0.0960887
0.090386
0.0832517
0.0753082
0.0671152
0.0589716
0.0511693
0.0438539
0.0371555
0.0975068
0.0942616
0.0884619
0.0812595
0.0733182
0.065186
0.0571738
0.0495498
0.0424493
0.0359766
0.096568
0.0932395
0.0873909
0.0801568
0.0722273
0.0641374
0.0562055
0.0486849
0.041708
0.0353661
0.154798
0.156855
0.166563
0.175077
0.188421
0.201996
0.218117
0.234634
0.252471
0.270153
0.154727
0.156784
0.16647
0.174957
0.188266
0.201775
0.217835
0.234256
0.251992
0.26953
0.154585
0.156642
0.166285
0.174715
0.187956
0.201334
0.217273
0.2335
0.251036
0.268283
0.154374
0.15643
0.166008
0.174355
0.187493
0.200675
0.216432
0.232369
0.249602
0.266414
0.154093
0.156149
0.165639
0.173878
0.186878
0.199802
0.215316
0.230864
0.247693
0.263921
0.153746
0.155801
0.16518
0.173286
0.186115
0.198716
0.213931
0.228989
0.245311
0.260808
0.153333
0.155386
0.164633
0.172583
0.185204
0.197425
0.21228
0.226748
0.242461
0.257076
0.152856
0.154908
0.163997
0.171773
0.184148
0.195933
0.210369
0.224144
0.239147
0.252729
0.152319
0.154368
0.163277
0.170859
0.182951
0.194247
0.208206
0.221183
0.235376
0.247774
0.151723
0.153769
0.162473
0.169845
0.181615
0.192375
0.205796
0.217871
0.231156
0.242219
0.151071
0.153112
0.161589
0.168735
0.180144
0.190324
0.203145
0.214215
0.226497
0.236072
0.150368
0.1524
0.160642
0.167538
0.178542
0.188106
0.20026
0.210223
0.22141
0.229344
0.149616
0.151639
0.159527
0.166243
0.176814
0.185728
0.197145
0.205905
0.215907
0.222045
0.148819
0.150835
0.158584
0.164859
0.174963
0.183202
0.193804
0.201273
0.209999
0.214186
0.147982
0.149985
0.157338
0.163406
0.172999
0.180537
0.190242
0.196341
0.203699
0.205772
0.147105
0.149095
0.156118
0.161895
0.170927
0.177742
0.186463
0.191126
0.197009
0.196807
0.146188
0.148127
0.154839
0.160315
0.168752
0.174823
0.182469
0.185652
0.189929
0.18728
0.145236
0.147127
0.153516
0.15868
0.16649
0.171795
0.178278
0.179951
0.182471
0.17721
0.144252
0.146092
0.152169
0.157009
0.164183
0.168692
0.173934
0.174023
0.174538
0.166529
0.143238
0.144991
0.150724
0.155191
0.16167
0.165313
0.169193
0.16765
0.165754
0.154725
0.143238
0.144991
0.150724
0.155191
0.16167
0.165313
0.169193
0.16765
0.165754
0.154725
0.144252
0.146092
0.152169
0.157009
0.164183
0.168692
0.173934
0.174023
0.174538
0.166529
0.145236
0.147127
0.153516
0.15868
0.16649
0.171795
0.178278
0.179951
0.182471
0.17721
0.146188
0.148127
0.154839
0.160315
0.168752
0.174823
0.182469
0.185652
0.189929
0.18728
0.147105
0.149095
0.156118
0.161895
0.170927
0.177742
0.186463
0.191126
0.197009
0.196807
0.147982
0.149985
0.157338
0.163406
0.172998
0.180537
0.190242
0.196341
0.203699
0.205772
0.148819
0.150835
0.158584
0.164859
0.174963
0.183202
0.193804
0.201273
0.209999
0.214186
0.149616
0.151639
0.159527
0.166243
0.176814
0.185728
0.197145
0.205905
0.215907
0.222045
0.150368
0.1524
0.160642
0.167538
0.178542
0.188106
0.20026
0.210223
0.22141
0.229344
0.151071
0.153112
0.161589
0.168735
0.180144
0.190324
0.203145
0.214215
0.226497
0.236072
0.151723
0.153769
0.162473
0.169845
0.181615
0.192375
0.205796
0.217871
0.231156
0.242219
0.152319
0.154368
0.163277
0.170859
0.182951
0.194247
0.208206
0.221183
0.235376
0.247774
0.152856
0.154908
0.163997
0.171773
0.184148
0.195933
0.210369
0.224144
0.239147
0.252729
0.153333
0.155386
0.164633
0.172583
0.185204
0.197425
0.21228
0.226748
0.242461
0.257076
0.153746
0.155801
0.16518
0.173286
0.186115
0.198716
0.213931
0.228989
0.245311
0.260808
0.154093
0.156149
0.165639
0.173878
0.186878
0.199802
0.215316
0.230864
0.247693
0.263921
0.154374
0.15643
0.166008
0.174355
0.187493
0.200675
0.216432
0.232369
0.249602
0.266414
0.154585
0.156642
0.166285
0.174715
0.187956
0.201334
0.217273
0.2335
0.251036
0.268283
0.154727
0.156784
0.16647
0.174957
0.188266
0.201775
0.217835
0.234256
0.251992
0.26953
0.154798
0.156855
0.166563
0.175077
0.188421
0.201996
0.218117
0.234634
0.252471
0.270153
0.0965679
0.0932394
0.0873909
0.0801568
0.0722272
0.0641373
0.0562055
0.0486849
0.041708
0.0353661
0.0975068
0.0942616
0.0884619
0.0812594
0.0733181
0.0651859
0.0571737
0.0495497
0.0424492
0.0359766
0.0991838
0.0960886
0.090386
0.0832517
0.0753082
0.0671152
0.0589715
0.0511693
0.0438538
0.0371555
0.101418
0.0985337
0.0929801
0.0859714
0.0780593
0.0698131
0.0615093
0.0534759
0.0458734
0.0388698
0.104057
0.101435
0.0960885
0.0892855
0.0814616
0.0731925
0.0647216
0.0564255
0.0484846
0.0411191
0.106972
0.104653
0.0995778
0.0930812
0.0854211
0.0771809
0.0685583
0.0599911
0.0516815
0.0439169
0.110057
0.108065
0.103334
0.0972598
0.089853
0.0817134
0.0729777
0.0641535
0.0554645
0.0472811
0.113222
0.111565
0.107262
0.101731
0.0946756
0.0867287
0.0779415
0.0688962
0.0598347
0.0512285
0.116395
0.115067
0.111282
0.106409
0.0998085
0.0921674
0.0834112
0.0742008
0.0647904
0.0557699
0.119516
0.118502
0.115331
0.111209
0.105173
0.0979698
0.0893446
0.0800446
0.0703242
0.0609085
0.122538
0.121818
0.119358
0.116052
0.110695
0.104074
0.0956935
0.0864011
0.0764226
0.0666373
0.125423
0.12498
0.123317
0.120862
0.116307
0.110415
0.102405
0.0932422
0.083065
0.0729379
0.128146
0.127965
0.127169
0.12557
0.121952
0.116917
0.109423
0.100539
0.0902256
0.0797842
0.130688
0.130762
0.130878
0.130122
0.127577
0.1235
0.116692
0.108258
0.0978756
0.0871526
0.13304
0.133367
0.134411
0.134476
0.133133
0.130082
0.124162
0.116346
0.105983
0.0950363
0.135199
0.13578
0.137741
0.138607
0.138569
0.136588
0.131794
0.124726
0.114506
0.103434
0.137168
0.138006
0.14085
0.142502
0.143833
0.142954
0.13955
0.133316
0.123406
0.11227
0.138955
0.140051
0.143725
0.146152
0.148867
0.149124
0.147364
0.142057
0.132736
0.121317
0.140567
0.141916
0.146354
0.149541
0.153599
0.155026
0.155098
0.150896
0.142857
0.130381
0.142021
0.1436
0.148736
0.152635
0.157982
0.160591
0.162641
0.159799
0.154543
0.140674
0.0310905
0.0286093
0.0260729
0.0235074
0.0209245
0.0183265
0.0157136
0.0130875
0.0104521
0.00781199
0.00517205
0.00253671
-8.97238e-05
-0.00270304
-0.00529897
-0.00787323
-0.0104214
-0.012939
-0.0154219
-0.0178716
0.0316245
0.0291025
0.0265111
0.0238964
0.0212718
0.018634
0.0159781
0.0133039
0.0106154
0.00791793
0.00521688
0.00251693
-0.000177603
-0.00286243
-0.0055332
-0.00818558
-0.0108153
-0.0134184
-0.0159908
-0.0185293
0.0326575
0.0300259
0.02729
0.0245377
0.0217914
0.0190398
0.0162689
0.0134747
0.0106618
0.00783746
0.00500848
0.00218006
-0.000643393
-0.00345756
-0.00625784
-0.00903935
-0.0117969
-0.014525
-0.0172184
-0.0198793
0.0341661
0.0313602
0.028397
0.0254341
0.0225083
0.0195938
0.0166607
0.0136985
0.0107128
0.00771435
0.00471193
0.00171127
-0.00128358
-0.00426869
-0.00723957
-0.0101913
-0.0131189
-0.016017
-0.0188801
-0.0217117
0.0361681
0.0331289
0.0298557
0.0266103
0.023451
0.0203284
0.0171878
0.0140093
0.0108009
0.00757877
0.00435506
0.00113578
-0.00207597
-0.00527698
-0.00846277
-0.0116279
-0.0147666
-0.0178731
-0.0209413
-0.0239809
0.0386914
0.0353618
0.0316914
0.0280905
0.0246468
0.0212757
0.0178856
0.0144442
0.0109647
0.00747237
0.00398342
0.00050356
-0.00296611
-0.00642392
-0.00986594
-0.0132869
-0.0166797
-0.0200338
-0.023343
-0.0266261
0.041767
0.0380915
0.0339323
0.0299024
0.0261278
0.0224716
0.0187913
0.0150398
0.0112408
0.00743236
0.00363604
-0.000143972
-0.00390949
-0.00765995
-0.0113909
-0.0150961
-0.0187708
-0.0224161
-0.0260369
-0.0296164
0.0454237
0.0413482
0.0366059
0.0320747
0.0279267
0.0239513
0.0199388
0.0158275
0.0116588
0.0074885
0.00334295
-0.000777785
-0.00488038
-0.00896619
-0.0130305
-0.0170665
-0.0210683
-0.0250325
-0.0289671
-0.0328625
0.049683
0.0451558
0.0397361
0.0346352
0.0300765
0.0257486
0.0213586
0.0168343
0.0122449
0.00766838
0.00313352
-0.00136721
-0.00584643
-0.0103062
-0.01474
-0.0191391
-0.0234974
-0.0278125
-0.032099
-0.0363471
0.054556
0.0495289
0.0433415
0.0376103
0.0326088
0.0278939
0.0230761
0.0180822
0.0130216
0.00799689
0.00303426
-0.00188584
-0.0067822
-0.0116557
-0.0164968
-0.0212954
-0.0260458
-0.0307464
-0.0354185
-0.0400518
0.0600409
0.0544702
0.0474339
0.0410228
0.0355524
0.0304129
0.0251101
0.0195869
0.0140071
0.00849582
0.00306771
-0.0023129
-0.00766887
-0.0129967
-0.0182828
-0.0235165
-0.028693
-0.0338107
-0.0389008
-0.0439518
0.0661212
0.059968
0.052015
0.0448909
0.0389323
0.0333244
0.0274709
0.0213584
0.0152173
0.0091854
0.00325347
-0.00263159
-0.00849103
-0.0143134
-0.0200817
-0.025786
-0.0314225
-0.0369881
-0.0425283
-0.0480293
0.0727645
0.0659919
0.0570733
0.0492266
0.0427684
0.0366384
0.030159
0.0234015
0.0166671
0.0100842
0.00360684
-0.00282985
-0.00923662
-0.0155923
-0.0218796
-0.0280909
-0.0342218
-0.0402637
-0.0462854
-0.0522682
0.079923
0.0724874
0.0625813
0.0540372
0.0470743
0.040351
0.0331648
0.0257202
0.0183731
0.0112082
0.00413806
-0.00289857
-0.00989336
-0.0168191
-0.0236633
-0.030422
-0.037086
-0.0436328
-0.0501675
-0.0566591
0.0875322
0.0793722
0.0684997
0.0593284
0.0518507
0.0444383
0.0364694
0.0283193
0.0203487
0.0125627
0.00484659
-0.00283468
-0.0104516
-0.0179791
-0.0254148
-0.0327618
-0.0400122
-0.0471239
-0.0542076
-0.0612209
0.095505
0.0865441
0.0747965
0.0651133
0.0570818
0.0488611
0.0400615
0.0312171
0.0226094
0.0141506
0.00573586
-0.00262785
-0.0108985
-0.0190571
-0.0270988
-0.0350186
-0.0428283
-0.0506708
-0.0583803
-0.0659366
0.103694
0.0938779
0.0814561
0.0713981
0.0627095
0.0535556
0.043925
0.034409
0.0251283
0.0159368
0.00678176
-0.00229387
-0.0112546
-0.0200948
-0.028813
-0.0374059
-0.0458735
-0.0543133
-0.0626208
-0.0707599
0.111809
0.101197
0.0884953
0.0781949
0.0686876
0.0585391
0.0481403
0.0379609
0.0279475
0.0179718
0.00804597
-0.00177714
-0.0114779
-0.0210534
-0.0304895
-0.0397653
-0.048884
-0.0579772
-0.0669238
-0.0756811
0.11928
0.108115
0.095764
0.085265
0.0747649
0.0636568
0.0525455
0.0416545
0.0308515
0.0200811
0.0093889
-0.00118851
-0.0116464
-0.0219874
-0.0322028
-0.0422563
-0.052045
-0.0617452
-0.0712987
-0.0806575
0.125641
0.114489
0.103241
0.0925655
0.0812519
0.0694652
0.0577108
0.0460569
0.0344287
0.0228397
0.0113417
-3.47618e-05
-0.0112765
-0.0223737
-0.0333218
-0.0441407
-0.0548824
-0.0654859
-0.0757482
-0.0857102
-0.0202859
-0.0226586
-0.024984
-0.0272585
-0.0294799
-0.0316461
-0.0337551
-0.0358045
-0.0377923
-0.0397164
-0.0415752
-0.043367
-0.0450904
-0.0467441
-0.0483268
-0.0498375
-0.0512755
-0.0526397
-0.053931
-0.0551503
-0.0210285
-0.0234836
-0.0258914
-0.0282489
-0.0305532
-0.0328014
-0.0349906
-0.0371184
-0.0391823
-0.0411803
-0.0431105
-0.0449713
-0.046761
-0.0484785
-0.0501227
-0.0516923
-0.0531876
-0.0546072
-0.0559554
-0.0572363
-0.0225043
-0.0250865
-0.02762
-0.0301011
-0.032527
-0.0348952
-0.0372031
-0.0394482
-0.0416282
-0.0437411
-0.0457853
-0.0477593
-0.0496618
-0.0514918
-0.0532487
-0.0549315
-0.0565416
-0.0580777
-0.0595504
-0.0609695
-0.0245068
-0.0272577
-0.0299584
-0.0326056
-0.0351968
-0.0377296
-0.0402018
-0.0426107
-0.0449544
-0.047231
-0.0494391
-0.0515772
-0.0536447
-0.0556405
-0.0575649
-0.0594165
-0.0611987
-0.0629098
-0.064569
-0.0661943
-0.0269867
-0.029948
-0.0328572
-0.0357111
-0.0385078
-0.0412457
-0.0439225
-0.0465362
-0.0490848
-0.0515667
-0.053981
-0.0563266
-0.0586032
-0.0608099
-0.062948
-0.0650157
-0.0670191
-0.0689557
-0.0708562
-0.0727488
-0.0298784
-0.0330853
-0.036238
-0.0393341
-0.0423725
-0.0453518
-0.0482702
-0.051126
-0.0539176
-0.0566438
-0.059304
-0.0618976
-0.0644251
-0.0668856
-0.0692819
-0.0716116
-0.0738841
-0.0760957
-0.0782913
-0.0805113
-0.0331461
-0.0366245
-0.0400503
-0.0434214
-0.0467355
-0.049991
-0.0531862
-0.0563198
-0.0593908
-0.0623985
-0.0653429
-0.0682234
-0.0710414
-0.0737961
-0.0764918
-0.079126
-0.0817122
-0.084246
-0.0867883
-0.0893943
-0.0367092
-0.0405019
-0.044239
-0.0479199
-0.0515436
-0.055109
-0.0586147
-0.0620599
-0.0654444
-0.0687682
-0.0720322
-0.0752365
-0.0783835
-0.0814721
-0.084508
-0.0874874
-0.0904287
-0.0933272
-0.0962637
-0.0993115
-0.040545
-0.0446853
-0.0487666
-0.0527898
-0.0567554
-0.0606628
-0.0645114
-0.0683008
-0.0720313
-0.0757033
-0.0793187
-0.0828785
-0.086387
-0.0898444
-0.093259
-0.0966256
-0.0999662
-0.103274
-0.106649
-0.110188
-0.044632
-0.0491502
-0.0536058
-0.0580012
-0.062338
-0.0666168
-0.0708378
-0.0750016
-0.0791094
-0.0831622
-0.0871621
-0.0911097
-0.0950097
-0.0988623
-0.10268
-0.106461
-0.110236
-0.113995
-0.117859
-0.121943
-0.0489451
-0.0538707
-0.0587292
-0.0635247
-0.0682601
-0.0729368
-0.0775559
-0.0821189
-0.0866287
-0.0910883
-0.095502
-0.0998716
-0.104202
-0.10849
-0.112747
-0.116967
-0.12119
-0.125414
-0.129794
-0.134466
-0.0534664
-0.0588277
-0.0641157
-0.0693373
-0.0744969
-0.0795968
-0.0846381
-0.0896228
-0.0945542
-0.0994364
-0.104275
-0.109078
-0.113854
-0.118606
-0.123347
-0.128064
-0.132791
-0.137514
-0.142419
-0.147685
-0.0581784
-0.0640023
-0.0697451
-0.0754168
-0.0810239
-0.0865699
-0.0920569
-0.0974881
-0.102866
-0.108195
-0.113479
-0.118723
-0.123935
-0.129128
-0.134326
-0.139535
-0.1448
-0.150102
-0.155615
-0.161522
-0.0630647
-0.0693731
-0.0755935
-0.0817373
-0.0878116
-0.0938216
-0.0997713
-0.105667
-0.111514
-0.117319
-0.123085
-0.128819
-0.134517
-0.140188
-0.145836
-0.151483
-0.157186
-0.162991
-0.169105
-0.175738
-0.0681304
-0.0749366
-0.0816511
-0.0882828
-0.0948372
-0.10132
-0.107738
-0.114099
-0.120412
-0.126689
-0.132938
-0.139178
-0.145404
-0.151639
-0.157856
-0.164077
-0.170284
-0.176548
-0.183085
-0.190301
-0.0733642
-0.0806836
-0.0879058
-0.095036
-0.102078
-0.109037
-0.115919
-0.122734
-0.129489
-0.1362
-0.142872
-0.149539
-0.156197
-0.162908
-0.169639
-0.176487
-0.183366
-0.19039
-0.197564
-0.205359
-0.0787485
-0.0866109
-0.0943605
-0.102003
-0.109541
-0.116982
-0.124332
-0.131599
-0.138791
-0.14592
-0.152988
-0.160026
-0.167022
-0.174053
-0.181069
-0.188253
-0.195487
-0.203141
-0.211094
-0.219963
-0.0842697
-0.0927155
-0.10103
-0.109218
-0.117288
-0.125249
-0.13311
-0.140884
-0.148578
-0.156206
-0.163774
-0.1713
-0.178775
-0.186253
-0.193668
-0.201207
-0.208643
-0.216523
-0.224491
-0.234015
-0.0898501
-0.0989062
-0.107829
-0.116619
-0.125281
-0.133829
-0.142276
-0.150637
-0.158929
-0.167167
-0.175367
-0.183546
-0.191712
-0.199893
-0.20805
-0.216308
-0.22444
-0.232983
-0.241181
-0.250823
-0.0954626
-0.105061
-0.11452
-0.12383
-0.132987
-0.142002
-0.150891
-0.159671
-0.168364
-0.176989
-0.185572
-0.194135
-0.202704
-0.211302
-0.219944
-0.228672
-0.237416
-0.246469
-0.255536
-0.266378
-0.0564688
-0.0578916
-0.0592435
-0.0604795
-0.061549
-0.0624141
-0.0630044
-0.0632687
-0.063101
-0.0624421
-0.0611439
-0.0591523
-0.0562795
-0.0525055
-0.0476132
-0.041659
-0.0344199
-0.0260873
-0.0164585
-0.0058706
-0.0586628
-0.0602018
-0.0616116
-0.0628627
-0.0639307
-0.0647925
-0.0653774
-0.0656283
-0.0654316
-0.0647246
-0.0633523
-0.0612618
-0.0582577
-0.0543244
-0.0492339
-0.0430532
-0.0355446
-0.0269223
-0.016965
-0.00605008
-0.062616
-0.0643833
-0.0659086
-0.0671928
-0.0682624
-0.069123
-0.0697046
-0.0699395
-0.0696959
-0.0689026
-0.0673957
-0.0651223
-0.0618779
-0.05765
-0.0521976
-0.0455979
-0.0375997
-0.0284433
-0.0178929
-0.00637441
-0.0681559
-0.070244
-0.0719282
-0.0732554
-0.0743249
-0.0751816
-0.0757547
-0.0759595
-0.075643
-0.0747234
-0.0730238
-0.070491
-0.0669077
-0.062265
-0.056305
-0.0491188
-0.0404379
-0.0305392
-0.0191698
-0.00681878
-0.0751111
-0.0776006
-0.0794758
-0.0808471
-0.0819085
-0.082755
-0.0833134
-0.0834777
-0.0830664
-0.0819837
-0.0800381
-0.0771758
-0.0731639
-0.0679976
-0.0613983
-0.0534752
-0.0439398
-0.033117
-0.0207341
-0.00736081
-0.0833562
-0.0863203
-0.0884114
-0.0898223
-0.0908653
-0.0916941
-0.0922312
-0.0923424
-0.0918126
-0.0905304
-0.0882875
-0.0850295
-0.080505
-0.0747136
-0.0673523
-0.0585534
-0.0480069
-0.0360985
-0.0225337
-0.007982
-0.0927981
-0.0963011
-0.0986227
-0.100061
-0.101071
-0.101872
-0.102378
-0.102423
-0.10175
-0.100233
-0.0976443
-0.0939286
-0.0888125
-0.0823002
-0.0740609
-0.0642557
-0.0525525
-0.0394139
-0.0245213
-0.00866523
-0.103346
-0.107442
-0.109999
-0.111447
-0.112403
-0.113165
-0.113632
-0.113597
-0.11276
-0.110976
-0.107996
-0.103765
-0.0979837
-0.0906596
-0.0814308
-0.0704948
-0.0574979
-0.0429988
-0.0266527
-0.00939432
-0.114915
-0.119647
-0.122433
-0.123862
-0.124744
-0.125456
-0.125877
-0.125751
-0.124731
-0.122651
-0.119241
-0.114444
-0.107928
-0.099705
-0.0893783
-0.0771909
-0.0627699
-0.0467922
-0.0288854
-0.010154
-0.127418
-0.132813
-0.135806
-0.137183
-0.137969
-0.138622
-0.138995
-0.138772
-0.137553
-0.135155
-0.131284
-0.125876
-0.118563
-0.109358
-0.097827
-0.08427
-0.0682993
-0.0507358
-0.0311786
-0.0109295
-0.140746
-0.146821
-0.14999
-0.151275
-0.151944
-0.152536
-0.152863
-0.152544
-0.151121
-0.148392
-0.144036
-0.137983
-0.129816
-0.119549
-0.106707
-0.0916629
-0.0740207
-0.0547738
-0.0334929
-0.0117066
-0.154793
-0.161541
-0.164841
-0.165992
-0.166528
-0.167066
-0.167361
-0.166954
-0.16533
-0.162266
-0.157415
-0.150691
-0.141619
-0.130212
-0.115954
-0.0993056
-0.0798729
-0.0588533
-0.035791
-0.0124714
-0.169458
-0.176836
-0.180202
-0.181178
-0.181577
-0.182079
-0.182366
-0.18189
-0.180077
-0.17669
-0.171346
-0.163935
-0.153913
-0.141289
-0.125508
-0.107138
-0.0857986
-0.0629237
-0.0380383
-0.0132102
-0.184562
-0.192534
-0.195897
-0.196662
-0.196934
-0.197436
-0.197751
-0.197236
-0.195259
-0.191574
-0.185755
-0.177653
-0.166641
-0.152722
-0.135313
-0.115102
-0.0917444
-0.0669371
-0.0402037
-0.0139089
-0.199941
-0.208437
-0.211726
-0.212257
-0.212436
-0.213
-0.213393
-0.212872
-0.210767
-0.206826
-0.200566
-0.191777
-0.17974
-0.164454
-0.145314
-0.123142
-0.09766
-0.070847
-0.0422598
-0.0145525
-0.215565
-0.224381
-0.227492
-0.227773
-0.227917
-0.228627
-0.229165
-0.228686
-0.226497
-0.222355
-0.215698
-0.206234
-0.193143
-0.176421
-0.155453
-0.131202
-0.103498
-0.0746089
-0.0441842
-0.015125
-0.231044
-0.240144
-0.242969
-0.243002
-0.243202
-0.244145
-0.244895
-0.244527
-0.242336
-0.238068
-0.231063
-0.220934
-0.206765
-0.188544
-0.165662
-0.139218
-0.109212
-0.078179
-0.0459596
-0.0156095
-0.246
-0.255379
-0.257835
-0.257739
-0.258161
-0.259397
-0.260372
-0.260192
-0.25812
-0.253844
-0.246555
-0.235783
-0.220517
-0.200739
-0.175862
-0.147118
-0.11475
-0.0815108
-0.0475721
-0.0159876
-0.26175
-0.270079
-0.271842
-0.27189
-0.272787
-0.274364
-0.275492
-0.27551
-0.273669
-0.269521
-0.262035
-0.250672
-0.234317
-0.212949
-0.186009
-0.154864
-0.120084
-0.084573
-0.0490203
-0.0162475
-0.278237
-0.283918
-0.284635
-0.285094
-0.286736
-0.288934
-0.290302
-0.290287
-0.288628
-0.284642
-0.277006
-0.265136
-0.247759
-0.22486
-0.195886
-0.162321
-0.125149
-0.0873192
-0.0502961
-0.0163896
-0.289243
-0.291756
-0.293375
-0.294206
-0.296039
-0.298253
-0.299878
-0.300516
-0.299236
-0.29545
-0.287784
-0.275652
-0.257625
-0.233684
-0.203262
-0.167861
-0.128883
-0.0891682
-0.0510862
-0.0162987
-0.296324
-0.298827
-0.30203
-0.303773
-0.306133
-0.308905
-0.310671
-0.31122
-0.309729
-0.305529
-0.297223
-0.284203
-0.265034
-0.239694
-0.207783
-0.170745
-0.130477
-0.0894568
-0.0510087
-0.0158363
-0.30395
-0.306381
-0.310673
-0.313068
-0.315635
-0.318483
-0.320428
-0.321093
-0.319449
-0.314862
-0.305917
-0.291988
-0.271622
-0.244823
-0.211356
-0.172652
-0.131166
-0.0889432
-0.0504538
-0.0151045
-0.311914
-0.314172
-0.319183
-0.322353
-0.325138
-0.328279
-0.330305
-0.330893
-0.329
-0.324002
-0.314415
-0.299608
-0.278074
-0.249864
-0.214857
-0.174473
-0.131761
-0.0882462
-0.0498226
-0.0142357
-0.319529
-0.321867
-0.327394
-0.331358
-0.334355
-0.337378
-0.339736
-0.340249
-0.338101
-0.332699
-0.322472
-0.306803
-0.284116
-0.254538
-0.218029
-0.176004
-0.132129
-0.0872871
-0.0490944
-0.0132038
-0.326397
-0.329279
-0.335176
-0.339701
-0.343056
-0.346174
-0.348445
-0.34885
-0.34645
-0.340644
-0.329781
-0.313273
-0.289456
-0.258573
-0.220613
-0.177023
-0.132083
-0.0859212
-0.0481857
-0.011961
-0.332466
-0.336408
-0.342462
-0.347234
-0.350836
-0.354026
-0.356182
-0.356461
-0.353817
-0.347604
-0.336115
-0.318802
-0.293899
-0.261803
-0.222463
-0.177427
-0.13154
-0.084091
-0.0470672
-0.0104827
-0.337908
-0.343227
-0.349131
-0.353811
-0.35754
-0.360724
-0.362809
-0.362932
-0.360028
-0.353399
-0.341294
-0.323211
-0.297277
-0.264083
-0.223457
-0.177136
-0.130447
-0.0817693
-0.0457322
-0.00875448
-0.343385
-0.349535
-0.35491
-0.35932
-0.363102
-0.366274
-0.368246
-0.368182
-0.364987
-0.357914
-0.345197
-0.326371
-0.299467
-0.265299
-0.223496
-0.176088
-0.128756
-0.0789407
-0.044175
-0.0067645
-0.348767
-0.354911
-0.359587
-0.363758
-0.367578
-0.370718
-0.372491
-0.372185
-0.368657
-0.361097
-0.347763
-0.32821
-0.300406
-0.265391
-0.222523
-0.174259
-0.126442
-0.0756128
-0.0423941
-0.00450704
-0.353501
-0.359092
-0.363172
-0.36721
-0.371012
-0.37402
-0.375575
-0.374962
-0.371035
-0.362938
-0.348983
-0.328714
-0.300085
-0.26435
-0.220539
-0.171672
-0.123517
-0.0718268
-0.0403956
-0.00198791
-0.357153
-0.36206
-0.365781
-0.369753
-0.37346
-0.376263
-0.377523
-0.376529
-0.372137
-0.363459
-0.348888
-0.327928
-0.298553
-0.26222
-0.217609
-0.168394
-0.120031
-0.0676604
-0.0381943
0.000770563
-0.359623
-0.363895
-0.367499
-0.371402
-0.374917
-0.377435
-0.378344
-0.376902
-0.372
-0.362726
-0.347551
-0.325945
-0.295921
-0.259109
-0.213866
-0.164533
-0.116078
-0.0632284
-0.0358151
0.00372417
-0.361114
-0.364713
-0.368344
-0.372128
-0.375372
-0.377551
-0.378067
-0.37615
-0.370712
-0.360856
-0.345106
-0.322924
-0.292368
-0.255182
-0.209509
-0.160239
-0.111805
-0.058679
-0.0332958
0.00680136
-0.361227
-0.364702
-0.368357
-0.371944
-0.374877
-0.376686
-0.376793
-0.374404
-0.368453
-0.358062
-0.341818
-0.319116
-0.288122
-0.250679
-0.20479
-0.155703
-0.107407
-0.0541878
-0.0306943
0.00989916
-0.360401
-0.364039
-0.367629
-0.370966
-0.373585
-0.375039
-0.374744
-0.371918
-0.365484
-0.354594
-0.33794
-0.314808
-0.283641
-0.245989
-0.199996
-0.151151
-0.103127
-0.049949
-0.0280994
0.0128825
-0.35931
-0.362891
-0.366366
-0.36946
-0.371796
-0.372938
-0.372266
-0.368886
-0.362206
-0.350929
-0.333945
-0.310449
-0.279175
-0.241295
-0.195612
-0.146878
-0.0992479
-0.0461638
-0.0256443
0.0155891
-0.358105
-0.361575
-0.364912
-0.367799
-0.369904
-0.370793
-0.369838
-0.366223
-0.35913
-0.347533
-0.330303
-0.306554
-0.27524
-0.237262
-0.191783
-0.143227
-0.0960718
-0.0430134
-0.0235117
0.0178406
-0.357065
-0.360439
-0.363655
-0.366392
-0.368337
-0.369041
-0.367883
-0.364056
-0.356726
-0.344908
-0.327512
-0.303604
-0.272286
-0.234269
-0.188977
-0.140519
-0.0938929
-0.0406685
-0.0219162
0.0194632
-0.356464
-0.359784
-0.362929
-0.365588
-0.367448
-0.368055
-0.366788
-0.362845
-0.355398
-0.343474
-0.325994
-0.30201
-0.270696
-0.232665
-0.187495
-0.13906
-0.0924303
-0.0397268
-0.0210589
0.0203147
)
;

boundaryField
{
    inlet
    {
        type            zeroGradient;
    }
    outlet
    {
        type            fixedValue;
        value           uniform 0;
    }
    cylinder
    {
        type            zeroGradient;
    }
    top
    {
        type            symmetryPlane;
    }
    bottom
    {
        type            symmetryPlane;
    }
    defaultFaces
    {
        type            empty;
    }
}


// ************************************************************************* //
