2 	-3.93236 	-1.24028e-18 	1.19607 	-0.00130522 	0
2 	-3.79943 	-3.9291e-18 	1.19672 	-0.00384038 	0
2 	-3.67115 	-4.53626e-18 	1.19797 	-0.00629997 	0
2 	-3.54734 	-6.87813e-18 	1.19975 	-0.00865756 	0
2 	-3.42786 	-8.61286e-18 	1.202 	-0.0109223 	0
2 	-3.31256 	-9.9139e-18 	1.20467 	-0.0130935 	0
2 	-3.20128 	-1.19088e-17 	1.2077 	-0.0151706 	0
2 	-3.09388 	-1.32966e-17 	1.21107 	-0.0171539 	0
2 	-2.99024 	-1.52915e-17 	1.21471 	-0.0190434 	0
2 	-2.89021 	-1.72865e-17 	1.2186 	-0.0208391 	0
2 	-2.79368 	-1.79804e-17 	1.22269 	-0.0225409 	0
2 	-2.70052 	-1.79804e-17 	1.22695 	-0.0241491 	0
2 	-2.61061 	-2.12763e-17 	1.23135 	-0.0256638 	0
2 	-2.52385 	-2.39652e-17 	1.23586 	-0.0270854 	0
2 	-2.44011 	-2.70877e-17 	1.24044 	-0.0284147 	0
2 	-2.35929 	-3.15112e-17 	1.24508 	-0.0296527 	0
2 	-2.2813 	-3.22051e-17 	1.24975 	-0.030801 	0
2 	-2.20604 	-3.22051e-17 	1.25444 	-0.0318617 	0
2 	-2.1334 	-3.42e-17 	1.25915 	-0.0328372 	0
2 	-2.06329 	-3.6195e-17 	1.26385 	-0.0337302 	0
2 	-1.99564 	-3.6195e-17 	1.26856 	-0.0345429 	0
2 	-1.93035 	-3.6195e-17 	1.27326 	-0.035277 	0
2 	-1.86734 	-3.6195e-17 	1.27792 	-0.0359332 	0
2 	-1.80652 	-3.55878e-17 	1.28253 	-0.036512 	0
2 	-1.74784 	-3.49807e-17 	1.28702 	-0.0370143 	0
2 	-1.6912 	-3.56745e-17 	1.29137 	-0.0374414 	0
2 	-1.63654 	-3.70623e-17 	1.29553 	-0.0377949 	0
2 	-1.58379 	-3.84501e-17 	1.29944 	-0.0380751 	0
2 	-1.53288 	-3.9144e-17 	1.30305 	-0.0382788 	0
2 	-1.48375 	-3.9144e-17 	1.30624 	-0.0383962 	0
2 	-1.43633 	-3.98379e-17 	1.30885 	-0.0384089 	0
2 	-1.39057 	-4.05318e-17 	1.31057 	-0.0382872 	0
2 	-1.34641 	-4.25267e-17 	1.31102 	-0.0379906 	0
2 	-1.30379 	-4.52155e-17 	1.30961 	-0.0374711 	0
2 	-1.26266 	-4.59094e-17 	1.30568 	-0.0366799 	0
2 	-1.22296 	-4.48686e-17 	1.29849 	-0.0355771 	0
2 	-1.18466 	-4.38277e-17 	1.28736 	-0.0341527 	0
2 	-1.14768 	-4.38277e-17 	1.27175 	-0.0324677 	0
2 	-1.112 	-4.38277e-17 	1.25133 	-0.0306081 	0
2 	-1.07757 	-4.38277e-17 	1.22603 	-0.028289 	0
2 	-1.03863 	-4.20514e-17 	1.18768 	-0.0236721 	1.16249e-20
2 	-1.01586 	-3.9958e-17 	1.12414 	-0.0172063 	-1.04306e-19
2 	-0.993217 	-4.09841e-17 	1.13262 	-0.0234411 	-6.01705e-20
2 	-0.948059 	-4.40032e-17 	1.05613 	-0.017564 	-5.07453e-20
2 	-0.900995 	-4.85292e-17 	0.966102 	-0.0117704 	3.59218e-20
2 	-0.876272 	-5.07208e-17 	0.864446 	-0.00669468 	1.14531e-20
2 	-0.851886 	-4.48071e-17 	0.872376 	-0.0111657 	5.13057e-20
2 	-0.803473 	-3.76615e-17 	0.760867 	-0.00655824 	-1.0893e-20
2 	-0.753096 	-3.74524e-17 	0.645369 	-0.00334197 	-1.28418e-20
2 	-0.71814 	-3.83767e-17 	0.530537 	-0.00154334 	-5.23836e-20
2 	-0.692197 	-3.7545e-17 	0.533248 	-0.00425077 	9.26375e-20
2 	-0.649352 	-3.747e-17 	0.421107 	-0.00329406 	-1.91571e-20
2 	-0.596093 	-3.59978e-17 	0.316573 	-0.00337179 	-4.87528e-20
2 	-0.541991 	-3.50827e-17 	0.221146 	-0.00410301 	6.84242e-20
2 	-0.502352 	-3.52256e-17 	0.135372 	-0.00512795 	-3.34569e-20
2 	-0.474727 	-3.50998e-17 	0.134374 	-0.00672036 	5.59951e-20
2 	-0.431525 	-3.67761e-17 	0.0583654 	-0.00757223 	3.37761e-20
2 	-0.375304 	-3.95517e-17 	-0.00795452 	-0.00819049 	2.90221e-20
2 	-0.318526 	-3.87104e-17 	-0.0649032 	-0.00842551 	3.03549e-21
2 	-0.261272 	-3.63218e-17 	-0.112641 	-0.00820765 	2.15017e-20
2 	-0.203624 	-3.69048e-17 	-0.151159 	-0.00753468 	-2.28342e-22
2 	-0.145668 	-3.87722e-17 	-0.180327 	-0.00645231 	-3.36339e-20
2 	-0.0874897 	-3.70676e-17 	-0.199955 	-0.00504529 	-2.64183e-21
2 	-0.0291781 	-3.87305e-17 	-0.20987 	-0.00343539 	-2.78665e-21
2 	0.0291781 	-4.8098e-17 	-0.209969 	-0.00173513 	2.91243e-21
2 	0.0874897 	-4.85168e-17 	-0.200249 	-2.63899e-05 	2.20804e-21
2 	0.145668 	-4.38029e-17 	-0.180769 	0.00150859 	3.43295e-20
2 	0.203624 	-4.08946e-17 	-0.151671 	0.00272781 	1.02977e-21
2 	0.261272 	-4.15259e-17 	-0.113142 	0.00359704 	-2.59086e-20
2 	0.318526 	-4.21799e-17 	-0.0652699 	0.00405449 	-2.33377e-21
2 	0.375304 	-3.7817e-17 	-0.00806684 	0.00409641 	-2.69611e-20
2 	0.431525 	-3.46945e-17 	0.0586487 	0.00378275 	-3.03949e-20
2 	0.474727 	-3.39422e-17 	0.13515 	0.00324085 	-5.73836e-20
2 	0.502352 	-3.37209e-17 	0.13584 	0.000955459 	3.05389e-20
2 	0.541991 	-3.71644e-17 	0.222173 	0.000278067 	-6.96972e-20
2 	0.596093 	-4.32836e-17 	0.31816 	-0.000112114 	4.72978e-20
2 	0.649352 	-4.85723e-17 	0.423218 	0.000117869 	1.68495e-20
2 	0.692197 	-5.188e-17 	0.535702 	0.00132919 	2.95113e-20
2 	0.71814 	-5.30587e-17 	0.532658 	-0.00192259 	6.00889e-20
2 	0.753096 	-5.38455e-17 	0.647772 	0.000207643 	4.5596e-21
2 	0.803473 	-5.30138e-17 	0.763281 	0.00365764 	1.46834e-20
2 	0.851886 	-5.30313e-17 	0.874612 	0.00847935 	-5.55142e-20
2 	0.876272 	-5.3047e-17 	0.866418 	0.00368599 	-1.26862e-20
2 	0.900995 	-5.11313e-17 	0.9678 	0.0090001 	-3.67151e-20
2 	0.948059 	-5.04217e-17 	1.05747 	0.0150194 	4.85384e-20
2 	0.993217 	-5.19971e-17 	1.13356 	0.0210771 	-5.80456e-20
2 	1.01586 	-5.37466e-17 	1.12478 	0.0146884 	1.03483e-19
2 	1.03863 	-5.34138e-17 	1.1879 	0.0213297 	-1.03153e-20
2 	1.07757 	-5.19809e-17 	1.22593 	0.0262305 	0
2 	1.112 	-5.19809e-17 	1.25099 	0.0286616 	0
2 	1.14768 	-5.19809e-17 	1.27119 	0.0306291 	0
2 	1.18466 	-5.19809e-17 	1.28663 	0.0324363 	0
2 	1.22296 	-5.19809e-17 	1.29763 	0.0339873 	0
2 	1.26266 	-5.06799e-17 	1.30472 	0.0352166 	0
2 	1.30379 	-4.87717e-17 	1.30858 	0.0361334 	0
2 	1.34641 	-4.88584e-17 	1.30995 	0.0367771 	0
2 	1.39057 	-4.95523e-17 	1.3095 	0.0371953 	0
2 	1.43633 	-5.02462e-17 	1.30777 	0.037435 	0
2 	1.48375 	-5.09401e-17 	1.30518 	0.0375357 	0
2 	1.53288 	-5.22412e-17 	1.30201 	0.0375266 	0
2 	1.58379 	-5.2935e-17 	1.29844 	0.0374255 	0
2 	1.63654 	-5.30218e-17 	1.29456 	0.0372419 	0
2 	1.6912 	-5.57106e-17 	1.29044 	0.0369787 	0
2 	1.74784 	-5.77055e-17 	1.28613 	0.0366356 	0
2 	1.80652 	-5.83994e-17 	1.28168 	0.036211 	0
2 	1.86734 	-5.77923e-17 	1.27712 	0.0357033 	0
2 	1.93035 	-5.64912e-17 	1.27251 	0.0351118 	0
2 	1.99564 	-5.64912e-17 	1.26786 	0.034436 	0
2 	2.06329 	-5.47565e-17 	1.26321 	0.0336751 	0
2 	2.1334 	-5.30218e-17 	1.25855 	0.0328278 	0
2 	2.20604 	-5.17207e-17 	1.2539 	0.0318919 	0
2 	2.2813 	-5.04197e-17 	1.24926 	0.0308649 	0
2 	2.35929 	-5.04197e-17 	1.24464 	0.0297445 	0
2 	2.44011 	-5.04197e-17 	1.24005 	0.028529 	0
2 	2.52385 	-5.17207e-17 	1.23552 	0.0272169 	0
2 	2.61061 	-5.17207e-17 	1.23106 	0.0258075 	0
2 	2.70052 	-5.04197e-17 	1.2267 	0.0243003 	0
2 	2.79368 	-5.04197e-17 	1.22248 	0.0226953 	0
2 	2.89021 	-5.11136e-17 	1.21843 	0.0209925 	0
2 	2.99024 	-5.12003e-17 	1.21458 	0.0191922 	0
2 	3.09388 	-5.05932e-17 	1.21097 	0.0172946 	0
2 	3.20128 	-5.05932e-17 	1.20763 	0.0153 	0
2 	3.31256 	-5.05932e-17 	1.20462 	0.0132088 	0
2 	3.42786 	-5.05932e-17 	1.20198 	0.011021 	0
2 	3.54734 	-5.12871e-17 	1.19975 	0.00873732 	0
2 	3.67115 	-5.26748e-17 	1.19799 	0.00635885 	0
2 	3.79943 	-5.33687e-17 	1.19675 	0.00387668 	0
2 	3.93236 	-5.3603e-17 	1.1961 	0.00131754 	0
