2 	-3.93236 	-1.24028e-18 	1.19519 	-0.0012723 	0
2 	-3.79943 	-3.9291e-18 	1.19584 	-0.00374298 	0
2 	-3.67115 	-4.53626e-18 	1.19709 	-0.00614016 	0
2 	-3.54734 	-6.87813e-18 	1.19887 	-0.00843751 	0
2 	-3.42786 	-8.61286e-18 	1.20113 	-0.010644 	0
2 	-3.31256 	-9.9139e-18 	1.2038 	-0.0127588 	0
2 	-3.20128 	-1.19088e-17 	1.20685 	-0.0147811 	0
2 	-3.09388 	-1.32966e-17 	1.21022 	-0.0167111 	0
2 	-2.99024 	-1.52915e-17 	1.21387 	-0.0185487 	0
2 	-2.89021 	-1.72865e-17 	1.21777 	-0.0202935 	0
2 	-2.79368 	-1.79804e-17 	1.22187 	-0.0219454 	0
2 	-2.70052 	-1.79804e-17 	1.22614 	-0.0235043 	0
2 	-2.61061 	-2.12763e-17 	1.23055 	-0.0249701 	0
2 	-2.52385 	-2.39652e-17 	1.23507 	-0.0263432 	0
2 	-2.44011 	-2.70877e-17 	1.23966 	-0.0276239 	0
2 	-2.35929 	-3.15112e-17 	1.24431 	-0.0288132 	0
2 	-2.2813 	-3.22051e-17 	1.24899 	-0.0299124 	0
2 	-2.20604 	-3.22051e-17 	1.2537 	-0.0309233 	0
2 	-2.1334 	-3.42e-17 	1.25841 	-0.0318484 	0
2 	-2.06329 	-3.6195e-17 	1.26312 	-0.0326899 	0
2 	-1.99564 	-3.6195e-17 	1.26784 	-0.0334501 	0
2 	-1.93035 	-3.6195e-17 	1.27255 	-0.0341304 	0
2 	-1.86734 	-3.6195e-17 	1.27723 	-0.0347316 	0
2 	-1.80652 	-3.55878e-17 	1.28185 	-0.035254 	0
2 	-1.74784 	-3.49807e-17 	1.28636 	-0.0356984 	0
2 	-1.6912 	-3.56745e-17 	1.29073 	-0.0360662 	0
2 	-1.63654 	-3.70623e-17 	1.29491 	-0.036359 	0
2 	-1.58379 	-3.84501e-17 	1.29885 	-0.0365772 	0
2 	-1.53288 	-3.9144e-17 	1.30248 	-0.0367176 	0
2 	-1.48375 	-3.9144e-17 	1.30571 	-0.0367712 	0
2 	-1.43633 	-3.98379e-17 	1.30836 	-0.03672 	0
2 	-1.39057 	-4.05318e-17 	1.31015 	-0.0365353 	0
2 	-1.34641 	-4.25267e-17 	1.31067 	-0.0361778 	0
2 	-1.30379 	-4.52155e-17 	1.30939 	-0.0356007 	0
2 	-1.26266 	-4.59094e-17 	1.30561 	-0.0347566 	0
2 	-1.22296 	-4.48686e-17 	1.29862 	-0.0336063 	0
2 	-1.18466 	-4.38277e-17 	1.28774 	-0.0321402 	0
2 	-1.14768 	-4.38277e-17 	1.27242 	-0.0304219 	0
2 	-1.112 	-4.38277e-17 	1.25235 	-0.0285436 	0
2 	-1.07757 	-4.38277e-17 	1.22741 	-0.0262096 	0
2 	-1.03863 	-4.20514e-17 	1.18954 	-0.0214913 	1.20243e-20
2 	-1.01586 	-3.9958e-17 	1.12664 	-0.0149925 	-1.07867e-19
2 	-0.993217 	-4.09841e-17 	1.13511 	-0.0213683 	-6.23231e-20
2 	-0.948059 	-4.40032e-17 	1.05919 	-0.0154628 	-5.25703e-20
2 	-0.900995 	-4.85292e-17 	0.969659 	-0.00962827 	3.72001e-20
2 	-0.876272 	-5.07208e-17 	0.868373 	-0.00451487 	1.18245e-20
2 	-0.851886 	-4.48071e-17 	0.876238 	-0.00920558 	5.31312e-20
2 	-0.803473 	-3.76615e-17 	0.764933 	-0.00458432 	-1.13262e-20
2 	-0.753096 	-3.74524e-17 	0.649422 	-0.00132468 	-1.32902e-20
2 	-0.71814 	-3.83767e-17 	0.534384 	0.000509718 	-5.42586e-20
2 	-0.692197 	-3.7545e-17 	0.537065 	-0.00248331 	9.59891e-20
2 	-0.649352 	-3.747e-17 	0.424555 	-0.00148532 	-1.98589e-20
2 	-0.596093 	-3.59978e-17 	0.319524 	-0.00149878 	-5.05272e-20
2 	-0.541991 	-3.50827e-17 	0.22352 	-0.00215311 	7.09086e-20
2 	-0.502352 	-3.52256e-17 	0.137124 	-0.00308303 	-3.4659e-20
2 	-0.474727 	-3.50998e-17 	0.136172 	-0.00502376 	5.80214e-20
2 	-0.431525 	-3.67761e-17 	0.0595784 	-0.00578304 	3.4994e-20
2 	-0.375304 	-3.95517e-17 	-0.00729338 	-0.00629893 	3.00589e-20
2 	-0.318526 	-3.87104e-17 	-0.0647387 	-0.00642637 	3.14273e-21
2 	-0.261272 	-3.63218e-17 	-0.112902 	-0.00609999 	2.22537e-20
2 	-0.203624 	-3.69048e-17 	-0.151763 	-0.00531916 	-2.36459e-22
2 	-0.145668 	-3.87722e-17 	-0.181176 	-0.00413295 	-3.47816e-20
2 	-0.0874897 	-3.70676e-17 	-0.200944 	-0.00262946 	-2.73282e-21
2 	-0.0291781 	-3.87305e-17 	-0.210883 	-0.000924587 	-2.87915e-21
2 	0.0291781 	-4.8098e-17 	-0.210889 	0.000849504 	3.00767e-21
2 	0.0874897 	-4.85168e-17 	-0.200961 	0.00255462 	2.28361e-21
2 	0.145668 	-4.38029e-17 	-0.181206 	0.00405786 	3.54098e-20
2 	0.203624 	-4.08946e-17 	-0.151804 	0.00524395 	1.06458e-21
2 	0.261272 	-4.15259e-17 	-0.112954 	0.00602491 	-2.66807e-20
2 	0.318526 	-4.21799e-17 	-0.0648015 	0.00635186 	-2.39713e-21
2 	0.375304 	-3.7817e-17 	-0.0073654 	0.00622586 	-2.77485e-20
2 	0.431525 	-3.46945e-17 	0.0594995 	0.00571244 	-3.12631e-20
2 	0.474727 	-3.39422e-17 	0.136089 	0.00495674 	-5.90402e-20
2 	0.502352 	-3.37209e-17 	0.137032 	0.00302549 	3.14507e-20
2 	0.541991 	-3.71644e-17 	0.223426 	0.00209941 	-7.1713e-20
2 	0.596093 	-4.32836e-17 	0.319431 	0.00145049 	4.8659e-20
2 	0.649352 	-4.85723e-17 	0.424466 	0.00144314 	1.73231e-20
2 	0.692197 	-5.188e-17 	0.536982 	0.00244788 	3.03222e-20
2 	0.71814 	-5.30587e-17 	0.534286 	-0.000534679 	6.19382e-20
2 	0.753096 	-5.38455e-17 	0.64933 	0.00130462 	4.71517e-21
2 	0.803473 	-5.30138e-17 	0.764848 	0.00457013 	1.50392e-20
2 	0.851886 	-5.30313e-17 	0.87616 	0.0091969 	-5.72526e-20
2 	0.876272 	-5.3047e-17 	0.86828 	0.00451747 	-1.31527e-20
2 	0.900995 	-5.11313e-17 	0.969575 	0.00963426 	-3.78822e-20
2 	0.948059 	-5.04217e-17 	1.05911 	0.0154719 	5.0069e-20
2 	0.993217 	-5.19971e-17 	1.13504 	0.0213793 	-5.99584e-20
2 	1.01586 	-5.37466e-17 	1.12656 	0.015015 	1.0715e-19
2 	1.03863 	-5.34138e-17 	1.18947 	0.0215132 	-1.06872e-20
2 	1.07757 	-5.19809e-17 	1.22735 	0.0262342 	0
2 	1.112 	-5.19809e-17 	1.25229 	0.0285701 	0
2 	1.14768 	-5.19809e-17 	1.27237 	0.0304499 	0
2 	1.18466 	-5.19809e-17 	1.28769 	0.0321693 	0
2 	1.22296 	-5.19809e-17 	1.29858 	0.0336363 	0
2 	1.26266 	-5.06799e-17 	1.30557 	0.0347872 	0
2 	1.30379 	-4.87717e-17 	1.30935 	0.0356315 	0
2 	1.34641 	-4.88584e-17 	1.31064 	0.0362086 	0
2 	1.39057 	-4.95523e-17 	1.31012 	0.036566 	0
2 	1.43633 	-5.02462e-17 	1.30833 	0.0367503 	0
2 	1.48375 	-5.09401e-17 	1.30569 	0.0368009 	0
2 	1.53288 	-5.22412e-17 	1.30246 	0.0367467 	0
2 	1.58379 	-5.2935e-17 	1.29883 	0.0366054 	0
2 	1.63654 	-5.30218e-17 	1.29489 	0.0363864 	0
2 	1.6912 	-5.57106e-17 	1.29072 	0.0360926 	0
2 	1.74784 	-5.77055e-17 	1.28635 	0.0357237 	0
2 	1.80652 	-5.83994e-17 	1.28184 	0.0352782 	0
2 	1.86734 	-5.77923e-17 	1.27723 	0.0347547 	0
2 	1.93035 	-5.64912e-17 	1.27255 	0.0341523 	0
2 	1.99564 	-5.64912e-17 	1.26784 	0.0334708 	0
2 	2.06329 	-5.47565e-17 	1.26312 	0.0327093 	0
2 	2.1334 	-5.30218e-17 	1.25841 	0.0318665 	0
2 	2.20604 	-5.17207e-17 	1.2537 	0.0309402 	0
2 	2.2813 	-5.04197e-17 	1.249 	0.0299279 	0
2 	2.35929 	-5.04197e-17 	1.24431 	0.0288275 	0
2 	2.44011 	-5.04197e-17 	1.23967 	0.027637 	0
2 	2.52385 	-5.17207e-17 	1.23507 	0.0263551 	0
2 	2.61061 	-5.17207e-17 	1.23056 	0.0249809 	0
2 	2.70052 	-5.04197e-17 	1.22615 	0.0235139 	0
2 	2.79368 	-5.04197e-17 	1.22188 	0.021954 	0
2 	2.89021 	-5.11136e-17 	1.21778 	0.0203011 	0
2 	2.99024 	-5.12003e-17 	1.21388 	0.0185553 	0
2 	3.09388 	-5.05932e-17 	1.21023 	0.0167168 	0
2 	3.20128 	-5.05932e-17 	1.20685 	0.0147859 	0
2 	3.31256 	-5.05932e-17 	1.20381 	0.0127628 	0
2 	3.42786 	-5.05932e-17 	1.20114 	0.0106472 	0
2 	3.54734 	-5.12871e-17 	1.19888 	0.00843996 	0
2 	3.67115 	-5.26748e-17 	1.1971 	0.0061419 	0
2 	3.79943 	-5.33687e-17 	1.19585 	0.00374402 	0
2 	3.93236 	-5.3603e-17 	1.1952 	0.00127265 	0
