/*--------------------------------*- C++ -*----------------------------------*\
  =========                 |
  \\      /  F ield         | OpenFOAM: The Open Source CFD Toolbox
   \\    /   O peration     | Website:  https://openfoam.org
    \\  /    A nd           | Version:  7
     \\/     M anipulation  |
\*---------------------------------------------------------------------------*/
FoamFile
{
    version     2.0;
    format      ascii;
    class       volScalarField;
    location    "15";
    object      p;
}
// * * * * * * * * * * * * * * * * * * * * * * * * * * * * * * * * * * * * * //

dimensions      [0 2 -2 0 0 0 0];

internalField   nonuniform List<scalar> 
5600
(
-0.256327
-0.264173
-0.260384
-0.254664
-0.245402
-0.233863
-0.220624
-0.205538
-0.191427
-0.173533
-0.257179
-0.264751
-0.260884
-0.255071
-0.245754
-0.234167
-0.220893
-0.205717
-0.191665
-0.173258
-0.258875
-0.2659
-0.261879
-0.255878
-0.246453
-0.234769
-0.221429
-0.206082
-0.192123
-0.172709
-0.261397
-0.267609
-0.263355
-0.257073
-0.247484
-0.235656
-0.222226
-0.206618
-0.192795
-0.171894
-0.26472
-0.269861
-0.265295
-0.258639
-0.24883
-0.236809
-0.223223
-0.207329
-0.193678
-0.170828
-0.268814
-0.272633
-0.267678
-0.260553
-0.250468
-0.238204
-0.22444
-0.208163
-0.194752
-0.169529
-0.273641
-0.2759
-0.270478
-0.262791
-0.252372
-0.239816
-0.225845
-0.209104
-0.19599
-0.168023
-0.279159
-0.279635
-0.273667
-0.265326
-0.254514
-0.241616
-0.227406
-0.210134
-0.197363
-0.166346
-0.285323
-0.283806
-0.277215
-0.268129
-0.256865
-0.243576
-0.229093
-0.211234
-0.198834
-0.164541
-0.292092
-0.288381
-0.281095
-0.271173
-0.259399
-0.245668
-0.230879
-0.212385
-0.200359
-0.162662
-0.299422
-0.293324
-0.285276
-0.274434
-0.262091
-0.24787
-0.232733
-0.213577
-0.201888
-0.160774
-0.307246
-0.298624
-0.289733
-0.277888
-0.264918
-0.25016
-0.234631
-0.214801
-0.203362
-0.158947
-0.315536
-0.304239
-0.294441
-0.281517
-0.267863
-0.252523
-0.236549
-0.216054
-0.204714
-0.157258
-0.324251
-0.310141
-0.29938
-0.285305
-0.270913
-0.254946
-0.238464
-0.217339
-0.205872
-0.155788
-0.333348
-0.316308
-0.304532
-0.289241
-0.274058
-0.257422
-0.24036
-0.218659
-0.206762
-0.154631
-0.342788
-0.322718
-0.309882
-0.293316
-0.277292
-0.259943
-0.242219
-0.220019
-0.207306
-0.153877
-0.352536
-0.329348
-0.315415
-0.297524
-0.28061
-0.262503
-0.244029
-0.221422
-0.207383
-0.153464
-0.362554
-0.336177
-0.321121
-0.30186
-0.28401
-0.265097
-0.245785
-0.222882
-0.206814
-0.153162
-0.372805
-0.343186
-0.326987
-0.306319
-0.287484
-0.26771
-0.247489
-0.22441
-0.20557
-0.154064
-0.38325
-0.350351
-0.332999
-0.31089
-0.291023
-0.270321
-0.24913
-0.22594
-0.204242
-0.161477
-0.393847
-0.357647
-0.339138
-0.315561
-0.294606
-0.272899
-0.250663
-0.227244
-0.203524
-0.179776
-0.404547
-0.365044
-0.345384
-0.32031
-0.298206
-0.275396
-0.252025
-0.228131
-0.20241
-0.184287
-0.415296
-0.372508
-0.351705
-0.325109
-0.301786
-0.277759
-0.253147
-0.22846
-0.200982
-0.184203
-0.426029
-0.379997
-0.358065
-0.329917
-0.305294
-0.279926
-0.253958
-0.228199
-0.199261
-0.182318
-0.436676
-0.387461
-0.364416
-0.334683
-0.308668
-0.281824
-0.254381
-0.227322
-0.197109
-0.179042
-0.447152
-0.394841
-0.370697
-0.339343
-0.311833
-0.283372
-0.254332
-0.2258
-0.194418
-0.174701
-0.457362
-0.402068
-0.376839
-0.343818
-0.314699
-0.284479
-0.253729
-0.223598
-0.191124
-0.169568
-0.467201
-0.409061
-0.382756
-0.348019
-0.317167
-0.28505
-0.252488
-0.220684
-0.187185
-0.163807
-0.476549
-0.41573
-0.388353
-0.351841
-0.319129
-0.284985
-0.25053
-0.217025
-0.182567
-0.157501
-0.485277
-0.421971
-0.393518
-0.355169
-0.320469
-0.284185
-0.247781
-0.21259
-0.177251
-0.150687
-0.493244
-0.427672
-0.398132
-0.357879
-0.321064
-0.282549
-0.244173
-0.20735
-0.17122
-0.143372
-0.500299
-0.432706
-0.40206
-0.359835
-0.320793
-0.279982
-0.239645
-0.201281
-0.164465
-0.13555
-0.506282
-0.436941
-0.405161
-0.3609
-0.319531
-0.276394
-0.234146
-0.194363
-0.156981
-0.127208
-0.511028
-0.440234
-0.407286
-0.360931
-0.317159
-0.271702
-0.22763
-0.186579
-0.148765
-0.118332
-0.514366
-0.442435
-0.40828
-0.359786
-0.313565
-0.265835
-0.220063
-0.177918
-0.139819
-0.108909
-0.516123
-0.44339
-0.407987
-0.357325
-0.308642
-0.258729
-0.211416
-0.168373
-0.130143
-0.0989301
-0.516124
-0.442943
-0.406249
-0.353414
-0.302297
-0.250334
-0.201672
-0.157942
-0.119744
-0.0883906
-0.514199
-0.440936
-0.402914
-0.347929
-0.294447
-0.240609
-0.19082
-0.146627
-0.108627
-0.0772897
-0.510182
-0.437215
-0.397834
-0.340755
-0.285024
-0.229527
-0.178856
-0.134435
-0.0968028
-0.0656309
-0.503916
-0.431629
-0.390872
-0.331792
-0.273975
-0.217071
-0.165784
-0.121376
-0.0842828
-0.0534219
-0.495253
-0.424038
-0.381903
-0.320955
-0.26126
-0.203236
-0.151616
-0.107465
-0.0710816
-0.040675
-0.484062
-0.41431
-0.370817
-0.308178
-0.246857
-0.188028
-0.13637
-0.09272
-0.057217
-0.0274062
-0.470225
-0.402329
-0.357522
-0.293412
-0.230758
-0.171463
-0.120069
-0.0771654
-0.042709
-0.0136324
-0.453645
-0.387993
-0.341946
-0.276628
-0.212973
-0.153569
-0.102745
-0.0608287
-0.0275805
0.000638834
-0.434246
-0.371222
-0.324038
-0.257816
-0.193524
-0.134383
-0.0844362
-0.0437423
-0.0118607
0.0154068
-0.411974
-0.351955
-0.303772
-0.236989
-0.172451
-0.11395
-0.0651837
-0.0259391
0.00441197
0.0306162
-0.386803
-0.330155
-0.281143
-0.214178
-0.149805
-0.0923268
-0.045036
-0.00745656
0.0212156
0.0461606
-0.358731
-0.305809
-0.256174
-0.189433
-0.125653
-0.0695768
-0.02405
0.0116294
0.0385302
0.0620613
-0.327785
-0.278931
-0.228911
-0.162827
-0.100074
-0.0457728
-0.0022937
0.0312961
0.0562893
0.0782885
-0.29402
-0.249561
-0.199423
-0.134448
-0.0731592
-0.0209977
0.0201727
0.0514844
0.0744471
0.0947987
-0.25752
-0.217766
-0.16781
-0.104402
-0.0450111
0.00466208
0.0432744
0.0721338
0.0929558
0.111544
-0.218398
-0.183644
-0.1342
-0.0728011
-0.0157415
0.0311112
0.0669327
0.0931804
0.111763
0.128472
-0.176797
-0.147319
-0.0987408
-0.039771
0.0145259
0.0582474
0.0910641
0.114556
0.130815
0.145523
-0.132886
-0.108944
-0.0614978
-0.00554002
0.0456585
0.085963
0.11558
0.136188
0.15005
0.162627
-0.0868479
-0.0686935
-0.0227417
0.0297937
0.0775181
0.114145
0.140388
0.158001
0.169407
0.179712
-0.0388866
-0.0267628
0.0173174
0.0660509
0.109958
0.142674
0.16539
0.179916
0.188827
0.196696
0.0106682
0.0166739
0.0584933
0.103043
0.142827
0.171429
0.190487
0.201858
0.208258
0.213453
0.0616018
0.061343
0.100561
0.140576
0.175967
0.200284
0.215576
0.223755
0.227646
0.229736
0.113638
0.106984
0.143282
0.178452
0.209219
0.229111
0.240553
0.245539
0.24687
0.24524
0.166467
0.153328
0.186411
0.216467
0.24242
0.257778
0.26532
0.26712
0.265683
0.259859
0.219771
0.200096
0.229694
0.254414
0.275404
0.286155
0.289776
0.288378
0.28376
0.274368
0.27322
0.246993
0.272874
0.292084
0.308006
0.314112
0.313812
0.309205
0.301783
0.290349
0.326477
0.29372
0.31569
0.329267
0.34006
0.341518
0.337318
0.329492
0.319351
0.306108
0.3792
0.339974
0.357881
0.365756
0.371403
0.368242
0.360189
0.349165
0.336339
0.32134
0.431043
0.385449
0.399188
0.401344
0.401874
0.394157
0.382323
0.368155
0.35271
0.335955
0.481662
0.429842
0.439354
0.43583
0.431314
0.41914
0.403621
0.386386
0.36841
0.349905
0.530717
0.472854
0.47813
0.469017
0.45957
0.44307
0.423985
0.403785
0.383378
0.363147
0.577873
0.51419
0.515272
0.500716
0.486493
0.46583
0.443325
0.42028
0.397557
0.375641
0.622807
0.553568
0.550547
0.530743
0.511943
0.48731
0.46155
0.435803
0.410891
0.387344
0.665208
0.590716
0.583732
0.558925
0.535784
0.507403
0.478579
0.450288
0.423326
0.398221
0.70478
0.625375
0.614616
0.5851
0.55789
0.52601
0.49433
0.463673
0.43481
0.408235
0.741244
0.657304
0.643004
0.609114
0.578141
0.543037
0.508731
0.4759
0.445296
0.417353
0.774343
0.68628
0.668714
0.630829
0.596428
0.558398
0.521713
0.486913
0.454738
0.425544
0.803843
0.712098
0.691583
0.650117
0.612654
0.572017
0.533213
0.496663
0.463095
0.43278
0.829532
0.734576
0.711464
0.666865
0.62673
0.583823
0.543177
0.505106
0.47033
0.439033
0.851229
0.753557
0.72823
0.680976
0.63858
0.593756
0.551556
0.512203
0.476411
0.444282
0.868776
0.768906
0.741774
0.692365
0.648138
0.601765
0.55831
0.517921
0.48131
0.448505
0.882048
0.780514
0.752009
0.700966
0.655353
0.607808
0.563404
0.522233
0.485004
0.451687
0.89095
0.788298
0.758868
0.706729
0.660186
0.611854
0.566814
0.52512
0.487477
0.453815
0.895417
0.792204
0.762309
0.709619
0.662608
0.613882
0.568523
0.526566
0.488716
0.454881
0.895417
0.792204
0.762309
0.709619
0.662608
0.613882
0.568523
0.526566
0.488716
0.454881
0.89095
0.788298
0.758868
0.706729
0.660186
0.611854
0.566814
0.52512
0.487477
0.453815
0.882048
0.780514
0.752008
0.700966
0.655353
0.607808
0.563404
0.522233
0.485004
0.451687
0.868776
0.768906
0.741774
0.692365
0.648138
0.601765
0.55831
0.517921
0.48131
0.448505
0.851229
0.753557
0.72823
0.680976
0.63858
0.593756
0.551556
0.512203
0.476411
0.444282
0.829532
0.734576
0.711464
0.666865
0.62673
0.583823
0.543177
0.505106
0.47033
0.439033
0.803843
0.712098
0.691583
0.650117
0.612654
0.572017
0.533213
0.496663
0.463095
0.43278
0.774343
0.68628
0.668714
0.630829
0.596428
0.558398
0.521713
0.486913
0.454738
0.425544
0.741244
0.657304
0.643004
0.609114
0.578141
0.543037
0.508731
0.4759
0.445296
0.417353
0.70478
0.625375
0.614616
0.5851
0.55789
0.52601
0.49433
0.463673
0.43481
0.408235
0.665208
0.590716
0.583732
0.558925
0.535784
0.507403
0.478579
0.450288
0.423326
0.398221
0.622807
0.553568
0.550547
0.530743
0.511943
0.48731
0.46155
0.435803
0.410891
0.387344
0.577873
0.51419
0.515272
0.500716
0.486493
0.46583
0.443325
0.42028
0.397557
0.375641
0.530717
0.472854
0.47813
0.469017
0.45957
0.44307
0.423985
0.403785
0.383378
0.363147
0.481662
0.429842
0.439354
0.43583
0.431314
0.41914
0.403621
0.386386
0.36841
0.349905
0.431043
0.385449
0.399188
0.401344
0.401874
0.394157
0.382323
0.368155
0.35271
0.335955
0.3792
0.339974
0.357881
0.365756
0.371403
0.368242
0.360189
0.349165
0.336339
0.32134
0.326477
0.29372
0.31569
0.329267
0.34006
0.341518
0.337318
0.329492
0.319351
0.306108
0.27322
0.246993
0.272874
0.292084
0.308006
0.314112
0.313811
0.309205
0.301783
0.290349
0.219771
0.200096
0.229694
0.254414
0.275404
0.286155
0.289776
0.288378
0.28376
0.274368
0.166467
0.153328
0.186411
0.216467
0.24242
0.257778
0.26532
0.26712
0.265683
0.259859
0.113638
0.106983
0.143282
0.178452
0.209219
0.229111
0.240553
0.245539
0.24687
0.24524
0.0616018
0.0613429
0.100561
0.140576
0.175967
0.200284
0.215576
0.223755
0.227646
0.229736
0.0106682
0.0166738
0.0584932
0.103043
0.142826
0.171429
0.190487
0.201858
0.208258
0.213453
-0.0388866
-0.0267628
0.0173173
0.0660509
0.109958
0.142674
0.16539
0.179916
0.188827
0.196696
-0.086848
-0.0686936
-0.0227417
0.0297937
0.0775181
0.114145
0.140388
0.158001
0.169407
0.179712
-0.132886
-0.108944
-0.0614979
-0.00554006
0.0456585
0.085963
0.11558
0.136188
0.15005
0.162627
-0.176797
-0.147319
-0.0987409
-0.0397711
0.0145259
0.0582474
0.0910641
0.114556
0.130815
0.145522
-0.218398
-0.183644
-0.1342
-0.0728011
-0.0157416
0.0311112
0.0669327
0.0931803
0.111763
0.128472
-0.25752
-0.217766
-0.16781
-0.104402
-0.0450111
0.00466204
0.0432744
0.0721338
0.0929557
0.111544
-0.29402
-0.249561
-0.199424
-0.134448
-0.0731592
-0.0209977
0.0201726
0.0514844
0.074447
0.0947986
-0.327785
-0.278931
-0.228911
-0.162827
-0.100074
-0.0457728
-0.00229374
0.031296
0.0562893
0.0782885
-0.358731
-0.305809
-0.256174
-0.189433
-0.125653
-0.0695768
-0.02405
0.0116294
0.0385301
0.0620613
-0.386803
-0.330155
-0.281143
-0.214178
-0.149805
-0.0923268
-0.0450361
-0.00745659
0.0212155
0.0461606
-0.411974
-0.351955
-0.303772
-0.236989
-0.172451
-0.11395
-0.0651837
-0.0259391
0.00441194
0.0306162
-0.434246
-0.371222
-0.324038
-0.257816
-0.193524
-0.134383
-0.0844363
-0.0437424
-0.0118607
0.0154068
-0.453645
-0.387993
-0.341946
-0.276628
-0.212973
-0.153569
-0.102746
-0.0608288
-0.0275805
0.000638804
-0.470225
-0.402329
-0.357522
-0.293412
-0.230758
-0.171463
-0.120069
-0.0771654
-0.042709
-0.0136324
-0.484062
-0.41431
-0.370817
-0.308178
-0.246857
-0.188028
-0.13637
-0.09272
-0.057217
-0.0274062
-0.495253
-0.424038
-0.381903
-0.320955
-0.26126
-0.203236
-0.151616
-0.107465
-0.0710816
-0.040675
-0.503916
-0.431629
-0.390872
-0.331792
-0.273975
-0.217071
-0.165784
-0.121376
-0.0842828
-0.053422
-0.510182
-0.437215
-0.397834
-0.340755
-0.285024
-0.229527
-0.178856
-0.134435
-0.0968029
-0.0656309
-0.514199
-0.440936
-0.402914
-0.347929
-0.294447
-0.240609
-0.19082
-0.146627
-0.108627
-0.0772897
-0.516124
-0.442943
-0.406249
-0.353414
-0.302297
-0.250334
-0.201672
-0.157942
-0.119744
-0.0883906
-0.516123
-0.44339
-0.407987
-0.357325
-0.308642
-0.258729
-0.211416
-0.168373
-0.130143
-0.0989302
-0.514366
-0.442435
-0.40828
-0.359786
-0.313565
-0.265835
-0.220063
-0.177918
-0.139819
-0.108909
-0.511028
-0.440234
-0.407286
-0.360931
-0.317159
-0.271702
-0.22763
-0.186579
-0.148765
-0.118332
-0.506282
-0.436941
-0.405161
-0.3609
-0.319531
-0.276394
-0.234146
-0.194363
-0.156981
-0.127208
-0.500299
-0.432706
-0.40206
-0.359835
-0.320793
-0.279982
-0.239646
-0.201281
-0.164465
-0.13555
-0.493244
-0.427672
-0.398132
-0.357879
-0.321064
-0.282549
-0.244173
-0.20735
-0.17122
-0.143372
-0.485277
-0.421971
-0.393519
-0.35517
-0.320469
-0.284185
-0.247781
-0.21259
-0.177251
-0.150687
-0.476549
-0.41573
-0.388353
-0.351841
-0.319129
-0.284985
-0.25053
-0.217025
-0.182567
-0.157501
-0.467201
-0.409061
-0.382756
-0.348019
-0.317167
-0.28505
-0.252488
-0.220684
-0.187185
-0.163807
-0.457362
-0.402068
-0.376839
-0.343818
-0.314699
-0.284479
-0.253729
-0.223598
-0.191124
-0.169568
-0.447152
-0.394841
-0.370697
-0.339343
-0.311833
-0.283372
-0.254332
-0.2258
-0.194418
-0.174701
-0.436676
-0.387461
-0.364416
-0.334683
-0.308668
-0.281824
-0.254381
-0.227322
-0.197109
-0.179042
-0.42603
-0.379997
-0.358065
-0.329917
-0.305294
-0.279927
-0.253958
-0.228199
-0.199261
-0.182318
-0.415296
-0.372508
-0.351705
-0.325109
-0.301786
-0.27776
-0.253147
-0.22846
-0.200982
-0.184203
-0.404547
-0.365044
-0.345384
-0.32031
-0.298206
-0.275396
-0.252025
-0.228131
-0.20241
-0.184287
-0.393847
-0.357647
-0.339138
-0.315561
-0.294606
-0.272899
-0.250663
-0.227244
-0.203524
-0.179776
-0.38325
-0.350351
-0.332999
-0.31089
-0.291023
-0.270322
-0.24913
-0.22594
-0.204242
-0.161477
-0.372805
-0.343186
-0.326987
-0.306319
-0.287484
-0.26771
-0.247489
-0.22441
-0.20557
-0.154064
-0.362554
-0.336177
-0.321121
-0.30186
-0.28401
-0.265097
-0.245785
-0.222882
-0.206814
-0.153162
-0.352536
-0.329348
-0.315415
-0.297524
-0.28061
-0.262503
-0.244029
-0.221422
-0.207383
-0.153464
-0.342788
-0.322718
-0.309882
-0.293316
-0.277292
-0.259943
-0.242219
-0.220019
-0.207306
-0.153877
-0.333348
-0.316308
-0.304532
-0.289241
-0.274058
-0.257422
-0.24036
-0.218659
-0.206762
-0.154631
-0.324251
-0.310141
-0.29938
-0.285305
-0.270913
-0.254946
-0.238464
-0.217339
-0.205872
-0.155788
-0.315536
-0.304239
-0.294441
-0.281517
-0.267863
-0.252523
-0.236549
-0.216054
-0.204714
-0.157258
-0.307246
-0.298624
-0.289733
-0.277888
-0.264918
-0.25016
-0.234631
-0.214801
-0.203362
-0.158947
-0.299422
-0.293324
-0.285276
-0.274434
-0.262091
-0.24787
-0.232733
-0.213577
-0.201888
-0.160774
-0.292092
-0.288381
-0.281095
-0.271173
-0.259399
-0.245668
-0.230879
-0.212385
-0.200359
-0.162662
-0.285324
-0.283806
-0.277215
-0.268129
-0.256865
-0.243576
-0.229093
-0.211234
-0.198834
-0.164541
-0.279159
-0.279635
-0.273667
-0.265326
-0.254514
-0.241616
-0.227406
-0.210134
-0.197363
-0.166346
-0.273641
-0.2759
-0.270478
-0.262791
-0.252372
-0.239816
-0.225845
-0.209104
-0.19599
-0.168023
-0.268814
-0.272633
-0.267678
-0.260553
-0.250468
-0.238204
-0.22444
-0.208163
-0.194752
-0.169529
-0.26472
-0.269861
-0.265295
-0.258639
-0.24883
-0.236809
-0.223224
-0.207329
-0.193678
-0.170828
-0.261397
-0.267609
-0.263355
-0.257073
-0.247484
-0.235656
-0.222226
-0.206618
-0.192795
-0.171894
-0.258875
-0.2659
-0.261879
-0.255878
-0.246453
-0.234769
-0.221429
-0.206082
-0.192123
-0.172709
-0.257179
-0.264751
-0.260884
-0.255071
-0.245754
-0.234167
-0.220893
-0.205717
-0.191665
-0.173258
-0.256327
-0.264173
-0.260384
-0.254664
-0.245402
-0.233863
-0.220624
-0.205538
-0.191427
-0.173533
-0.166195
-0.160946
-0.154963
-0.1486
-0.141803
-0.134532
-0.126796
-0.118599
-0.109948
-0.100863
-0.0913744
-0.0815264
-0.0713933
-0.0609988
-0.0506422
-0.0397561
-0.0304149
-0.0174669
-0.0140386
0.0101989
-0.166624
-0.161345
-0.155261
-0.148856
-0.142033
-0.134739
-0.126982
-0.118768
-0.110101
-0.101001
-0.0914984
-0.0816362
-0.0714894
-0.0610815
-0.0507121
-0.0398153
-0.0304571
-0.017519
-0.0140296
0.0100832
-0.167474
-0.162138
-0.155854
-0.149366
-0.14249
-0.135148
-0.127351
-0.119102
-0.110404
-0.101274
-0.0917427
-0.0818527
-0.071679
-0.0612446
-0.05085
-0.0399323
-0.0305406
-0.0176224
-0.0140124
0.00985371
-0.16873
-0.163315
-0.156732
-0.15012
-0.143167
-0.135751
-0.127893
-0.119593
-0.110848
-0.101674
-0.0921007
-0.0821697
-0.0719566
-0.0614836
-0.0510522
-0.0401045
-0.0306632
-0.0177755
-0.0139882
0.00951389
-0.170365
-0.164859
-0.157884
-0.151107
-0.144052
-0.136539
-0.128599
-0.12023
-0.111423
-0.102191
-0.0925622
-0.0825782
-0.0723144
-0.0617921
-0.0513135
-0.0403278
-0.0308224
-0.0179759
-0.0139589
0.00906906
-0.172342
-0.166746
-0.159291
-0.15231
-0.145129
-0.137494
-0.129452
-0.120996
-0.112113
-0.10281
-0.0931145
-0.0830668
-0.0727427
-0.0621619
-0.0516272
-0.0405975
-0.0310145
-0.0182206
-0.0139269
0.00852615
-0.174613
-0.168939
-0.160927
-0.153708
-0.146377
-0.138597
-0.130433
-0.121875
-0.1129
-0.103514
-0.0937422
-0.083622
-0.0732297
-0.0625834
-0.0519854
-0.0409078
-0.0312356
-0.0185061
-0.0138943
0.00789365
-0.177117
-0.171392
-0.162757
-0.155272
-0.147773
-0.139825
-0.131519
-0.122843
-0.113764
-0.104285
-0.0944281
-0.0842288
-0.0737627
-0.0630462
-0.0523799
-0.0412524
-0.0314814
-0.0188281
-0.0138636
0.00718143
-0.179783
-0.174039
-0.164739
-0.156967
-0.149284
-0.141149
-0.132683
-0.123875
-0.114681
-0.105101
-0.0951534
-0.0848709
-0.074328
-0.0635393
-0.0528016
-0.0416248
-0.0317474
-0.0191823
-0.0138371
0.00640063
-0.182519
-0.1768
-0.166816
-0.15875
-0.150872
-0.142534
-0.133895
-0.124943
-0.115627
-0.10594
-0.0958987
-0.0855317
-0.0749116
-0.0640512
-0.0532418
-0.0420183
-0.0320291
-0.0195639
-0.0138166
0.00556344
-0.185226
-0.179578
-0.168924
-0.16057
-0.152493
-0.143941
-0.135119
-0.126017
-0.116573
-0.106778
-0.0966437
-0.0861943
-0.0754998
-0.0645711
-0.0536915
-0.0424262
-0.0323223
-0.0199681
-0.0138038
0.00468284
-0.187792
-0.182259
-0.170982
-0.162365
-0.154092
-0.145324
-0.136317
-0.127063
-0.117493
-0.107592
-0.0973688
-0.0868424
-0.076079
-0.0650883
-0.0541425
-0.0428424
-0.032623
-0.0203899
-0.0138003
0.00377232
-0.1901
-0.184714
-0.172901
-0.164065
-0.155608
-0.146632
-0.137448
-0.128048
-0.118357
-0.108359
-0.0980553
-0.0874609
-0.0766373
-0.0655931
-0.0545874
-0.0432609
-0.0329276
-0.0208247
-0.0138069
0.00284554
-0.192032
-0.186806
-0.174581
-0.16559
-0.156971
-0.147809
-0.138468
-0.128937
-0.119139
-0.109057
-0.0986859
-0.088036
-0.0771634
-0.0660768
-0.0550192
-0.0436762
-0.0332328
-0.0212676
-0.0138246
0.00191605
-0.193491
-0.188398
-0.17592
-0.166852
-0.158104
-0.148794
-0.139329
-0.129692
-0.11981
-0.109664
-0.0992434
-0.0885539
-0.0776462
-0.0665304
-0.055431
-0.0440824
-0.0335349
-0.0217136
-0.0138534
0.000996922
-0.194397
-0.189343
-0.176792
-0.16774
-0.158911
-0.149513
-0.139977
-0.130275
-0.120342
-0.110158
-0.0997103
-0.0890007
-0.0780747
-0.0669448
-0.0558153
-0.0444735
-0.03383
-0.0221578
-0.0138933
0.00010045
-0.194573
-0.189402
-0.177035
-0.168146
-0.159316
-0.149924
-0.14039
-0.130675
-0.12073
-0.110539
-0.10009
-0.0893801
-0.0784522
-0.0673232
-0.056175
-0.0448508
-0.0341199
-0.0225987
-0.013946
-0.000763034
-0.194
-0.188573
-0.176732
-0.168149
-0.15939
-0.150095
-0.140632
-0.130953
-0.121032
-0.110861
-0.100427
-0.0897323
-0.0788137
-0.0676948
-0.0565343
-0.0452329
-0.0344194
-0.0230438
-0.0140184
-0.00158623
-0.194149
-0.187297
-0.17593
-0.167552
-0.158875
-0.149788
-0.140503
-0.130947
-0.121118
-0.111018
-0.100642
-0.0899937
-0.0791097
-0.0680217
-0.0568643
-0.0455981
-0.0347128
-0.0234823
-0.0141049
-0.00235906
-0.191062
-0.181147
-0.171912
-0.164404
-0.156265
-0.147787
-0.138982
-0.129786
-0.120237
-0.110361
-0.100169
-0.0896763
-0.078921
-0.0679501
-0.0568712
-0.0457152
-0.0348201
-0.0237955
-0.014134
-0.00305267
-0.163032
-0.166801
-0.166935
-0.161328
-0.153813
-0.145791
-0.137286
-0.12831
-0.118944
-0.109231
-0.099189
-0.0888439
-0.0782295
-0.0674124
-0.0564584
-0.0454925
-0.0346482
-0.0239414
-0.0140602
-0.00374658
-0.157004
-0.157014
-0.15745
-0.153009
-0.146669
-0.139734
-0.132176
-0.124
-0.115315
-0.106194
-0.0966774
-0.0868047
-0.0766158
-0.0661927
-0.0555771
-0.0449564
-0.0343166
-0.0240019
-0.0139747
-0.00451046
-0.148927
-0.147512
-0.147255
-0.143621
-0.138317
-0.132358
-0.125733
-0.118423
-0.110525
-0.102121
-0.093258
-0.0839868
-0.0743497
-0.0644389
-0.0542773
-0.044098
-0.0337688
-0.0239015
-0.0138379
-0.00519542
-0.139707
-0.138047
-0.137029
-0.133945
-0.129554
-0.124475
-0.118719
-0.112263
-0.105175
-0.0975282
-0.0893715
-0.080758
-0.0717304
-0.0623877
-0.0527365
-0.0430459
-0.0330859
-0.0236873
-0.0136746
-0.00577
-0.129184
-0.127898
-0.126401
-0.12373
-0.12017
-0.11595
-0.111057
-0.105468
-0.0992275
-0.0923904
-0.0849994
-0.0771059
-0.0687504
-0.0600347
-0.0509527
-0.0417977
-0.0322662
-0.0233517
-0.0134827
-0.00620811
-0.11719
-0.116749
-0.115177
-0.112927
-0.110148
-0.106773
-0.102736
-0.0980268
-0.0926606
-0.0866756
-0.0801034
-0.072989
-0.0653677
-0.0573398
-0.0488889
-0.0403205
-0.0312818
-0.0228693
-0.0132455
-0.00648497
-0.104192
-0.104705
-0.103389
-0.101634
-0.0996037
-0.0970546
-0.093864
-0.0900211
-0.0855416
-0.0804315
-0.0747124
-0.0684207
-0.0615835
-0.0542953
-0.0465315
-0.0385972
-0.0301138
-0.0222208
-0.0129452
-0.00658588
-0.0906372
-0.0920143
-0.0911764
-0.0899924
-0.0886863
-0.0869326
-0.0845675
-0.0815767
-0.0779669
-0.0737376
-0.0688878
-0.0634443
-0.0574255
-0.0509162
-0.0438847
-0.0366248
-0.0287529
-0.0213953
-0.0125654
-0.00651067
-0.0769417
-0.0790095
-0.0787582
-0.078188
-0.0775712
-0.0765677
-0.074992
-0.0728221
-0.0700594
-0.0666921
-0.0627095
-0.058122
-0.0529389
-0.0472325
-0.0409659
-0.034411
-0.0271976
-0.0203899
-0.0120918
-0.00627442
-0.0634944
-0.0660475
-0.0663964
-0.0664358
-0.0664561
-0.0661413
-0.065302
-0.0639067
-0.0619504
-0.0594136
-0.0562754
-0.0525334
-0.0481858
-0.0432904
-0.0378065
-0.031976
-0.0254564
-0.0192114
-0.0115157
-0.00590552
-0.0506062
-0.0534532
-0.0543506
-0.0549545
-0.0555426
-0.0558412
-0.0556701
-0.0549885
-0.0537837
-0.0520298
-0.0496968
-0.0467732
-0.0432437
-0.0391511
-0.0344521
-0.0293528
-0.0235488
-0.0178775
-0.0108363
-0.00544117
-0.0385023
-0.0414903
-0.0428502
-0.0439457
-0.0450212
-0.0458496
-0.0462676
-0.0462272
-0.0457072
-0.0446757
-0.0430962
-0.0409456
-0.038202
-0.0348887
-0.0309612
-0.0265873
-0.0215056
-0.0164168
-0.010062
-0.00492114
-0.0273352
-0.030356
-0.032082
-0.0335846
-0.0350634
-0.0363355
-0.0372582
-0.0377789
-0.0378683
-0.0374892
-0.0365993
-0.0351668
-0.0331609
-0.0305886
-0.0274044
-0.0237375
-0.0193694
-0.0148671
-0.00921101
-0.00438178
-0.0172072
-0.0201913
-0.0221936
-0.024019
-0.0258205
-0.0274533
-0.0287964
-0.0297953
-0.0304139
-0.0306103
-0.0303376
-0.0295563
-0.0282279
-0.0263468
-0.0238636
-0.0208723
-0.0171939
-0.0132745
-0.00831004
-0.00385213
-0.00819458
-0.0111023
-0.0133046
-0.0153772
-0.0174283
-0.0193458
-0.0210292
-0.0224244
-0.0234906
-0.0241819
-0.024448
-0.0242437
-0.0235242
-0.0222706
-0.0204324
-0.0180722
-0.0150438
-0.0116919
-0.00739328
-0.00335309
-0.000365772
-0.00317813
-0.0055201
-0.00777575
-0.0100138
-0.012149
-0.0140996
-0.0158138
-0.0172473
-0.0183519
-0.019075
-0.0193669
-0.0191779
-0.0184784
-0.0172164
-0.0154289
-0.0129949
-0.0101786
-0.00650075
-0.00289935
0.00619724
0.00348451
0.00104984
-0.00133607
-0.0037084
-0.00600343
-0.00815604
-0.0101171
-0.011841
-0.0132778
-0.0143738
-0.0150761
-0.0153317
-0.0151026
-0.014335
-0.013046
-0.0111337
-0.00880076
-0.00567736
-0.00250275
0.0114087
0.00878556
0.00629156
0.00381619
0.00135104
-0.0010566
-0.00335502
-0.00549827
-0.00744008
-0.00913001
-0.0105137
-0.0115368
-0.0121436
-0.0122905
-0.011922
-0.0110406
-0.00955801
-0.00763207
-0.00497262
-0.00217551
0.0151009
0.0125515
0.0100265
0.00749796
0.00497682
0.0024991
0.000106817
-0.00215678
-0.00424535
-0.00610836
-0.00769144
-0.00893921
-0.00979465
-0.0102103
-0.0101297
-0.0095454
-0.00837832
-0.00675565
-0.00444204
-0.00193228
0.0171423
0.0146249
0.0120793
0.00951931
0.00696597
0.00444939
0.00200628
-0.000321847
-0.00248891
-0.00444455
-0.0061346
-0.00750337
-0.00849338
-0.00905512
-0.00913215
-0.00871077
-0.00771968
-0.00626393
-0.0041496
-0.00179216
-0.0356089
-0.0466409
-0.057191
-0.0672417
-0.0767761
-0.085778
-0.0942318
-0.102124
-0.109445
-0.116188
-0.122359
-0.127974
-0.133073
-0.137725
-0.142051
-0.146242
-0.150585
-0.15548
-0.162588
-0.176165
-0.0260548
-0.0363955
-0.0463169
-0.055806
-0.0648512
-0.0734432
-0.0815756
-0.0892469
-0.0964628
-0.103239
-0.109608
-0.115621
-0.121363
-0.126959
-0.132589
-0.138506
-0.145033
-0.152438
-0.16186
-0.176811
-0.0169436
-0.0266264
-0.0359663
-0.0449564
-0.0535916
-0.0618699
-0.0697935
-0.0773692
-0.0846109
-0.0915409
-0.0981926
-0.104613
-0.110865
-0.117032
-0.123214
-0.129538
-0.136142
-0.143049
-0.150997
-0.163212
-0.00823504
-0.0172968
-0.0260786
-0.0345762
-0.0427872
-0.0507119
-0.0583536
-0.0657189
-0.072819
-0.0796699
-0.0862938
-0.0927193
-0.0989834
-0.105132
-0.111226
-0.117347
-0.123603
-0.130062
-0.137365
-0.147894
3.87666e-05
-0.00842177
-0.0166519
-0.024648
-0.0324087
-0.0399342
-0.0472271
-0.0542925
-0.0611387
-0.0677774
-0.0742252
-0.0805044
-0.0866447
-0.092686
-0.0986813
-0.104703
-0.110838
-0.117137
-0.124002
-0.132813
0.00787555
-5.76115e-06
-0.00769676
-0.0151945
-0.0224977
-0.0296066
-0.0365232
-0.0432517
-0.0497987
-0.056174
-0.0623909
-0.0684673
-0.0744264
-0.0802973
-0.0861161
-0.091927
-0.0977778
-0.103691
-0.109925
-0.11723
0.0152805
0.0079529
0.000782981
-0.00622649
-0.013074
-0.0197593
-0.0262836
-0.0326496
-0.0388619
-0.0449271
-0.0508541
-0.0566545
-0.0623427
-0.0679364
-0.0734572
-0.0789319
-0.0843908
-0.0898571
-0.0954974
-0.101643
0.0222556
0.0154547
0.00878559
0.00225114
-0.00414658
-0.0104065
-0.0165287
-0.0225141
-0.028365
-0.0340851
-0.0396795
-0.0451549
-0.05052
-0.0557856
-0.0609652
-0.0660759
-0.0711364
-0.0761642
-0.0812445
-0.0864624
0.0287992
0.0224971
0.0163062
0.0102298
0.00427063
-0.00156941
-0.00728916
-0.0128882
-0.0183672
-0.0237273
-0.0289711
-0.034102
-0.0391246
-0.0440448
-0.0488698
-0.0536084
-0.0582704
-0.0628672
-0.0674266
-0.0719218
0.0349085
0.0290753
0.023337
0.0176976
0.0121603
0.00672773
0.00140196
-0.00381547
-0.00892369
-0.0139224
-0.0188121
-0.0235938
-0.0282691
-0.0328406
-0.0373112
-0.0416846
-0.0459659
-0.0501619
-0.0542651
-0.0582133
0.0405788
0.0351825
0.0298686
0.0246413
0.0195042
0.0144607
0.00951359
0.00466512
-8.27906e-05
-0.00472873
-0.00927176
-0.0137114
-0.0180476
-0.0222806
-0.0264113
-0.0304406
-0.0343709
-0.0382054
-0.0419184
-0.0454519
0.0458014
0.0408085
0.0358885
0.0310454
0.0262831
0.0216054
0.0170158
0.0125169
0.00811148
0.00380155
-0.000411096
-0.00452506
-0.00853929
-0.012453
-0.0162657
-0.0199771
-0.0235881
-0.0270998
-0.0304807
-0.0336917
0.0505662
0.0459426
0.0413839
0.0368942
0.0324778
0.0281389
0.0238809
0.0197072
0.0156207
0.011624
0.00771932
0.00390853
0.000193245
-0.00342522
-0.00694577
-0.0103676
-0.0136911
-0.0169159
-0.0200123
-0.0229605
0.0548596
0.0505701
0.0463387
0.0421699
0.0380682
0.0340378
0.0300825
0.0262057
0.0224107
0.0187001
0.0150766
0.0115423
0.00809902
0.00474834
0.00149159
-0.00167024
-0.00473723
-0.00770832
-0.0105588
-0.0132834
0.0586709
0.054678
0.0507379
0.0468552
0.0430345
0.0392798
0.0355951
0.031984
0.0284496
0.0249949
0.0216225
0.0183347
0.0151335
0.0120205
0.00899713
0.00606445
0.0032226
0.000472984
-0.0021655
-0.00469644
0.0619763
0.0582421
0.0545565
0.0509239
0.0473489
0.0438355
0.0403875
0.0370086
0.033702
0.0304706
0.027317
0.0242436
0.0212523
0.0183448
0.0155226
0.0127868
0.0101377
0.00757664
0.00511715
0.00275183
0.0647545
0.0612394
0.0577692
0.0543485
0.0509815
0.0476722
0.0444243
0.0412413
0.0381263
0.0350824
0.032112
0.0292174
0.0264007
0.0236635
0.0210073
0.0184332
0.0159418
0.0135343
0.0112194
0.00898991
0.06695
0.0636143
0.0603209
0.0570739
0.0538773
0.050735
0.0476504
0.0446269
0.0416675
0.0387749
0.0359516
0.0331999
0.0305215
0.0279182
0.0253914
0.0229421
0.0205712
0.0182795
0.0160722
0.0139441
0.0685387
0.0653338
0.0621686
0.0590471
0.0559732
0.0529504
0.0499822
0.0470716
0.0442215
0.0414346
0.0387134
0.03606
0.0334762
0.0309637
0.028524
0.0261582
0.0238671
0.0216516
0.0195139
0.0174519
0.0693707
0.0662631
0.0631936
0.0601655
0.057182
0.0542462
0.0513608
0.0485285
0.0457519
0.0430333
0.0403747
0.0377782
0.0352455
0.0327781
0.0303776
0.028045
0.0257815
0.023588
0.0214656
0.0194143
0.249863
0.234243
0.218427
0.20348
0.188272
0.172855
0.157448
0.142108
0.126864
0.111762
0.0968427
0.082142
0.067691
0.053517
0.0396446
0.026163
0.0129674
0.000186099
-0.0121751
-0.0241133
0.240558
0.225619
0.20988
0.195713
0.181529
0.167135
0.152798
0.13858
0.12448
0.110526
0.0967474
0.0831722
0.0698243
0.0567264
0.0439008
0.0314337
0.0191892
0.00731982
-0.00417869
-0.0153096
0.22899
0.214807
0.199773
0.186557
0.173571
0.160389
0.147258
0.134264
0.121393
0.108655
0.0960747
0.0836742
0.071473
0.0594915
0.0477573
0.0363443
0.0250165
0.0140496
0.00340779
-0.00692752
0.217533
0.204515
0.190638
0.178455
0.16661
0.154586
0.142583
0.130711
0.118959
0.107328
0.0958353
0.0844994
0.0733348
0.0623552
0.0515704
0.0409931
0.0306711
0.0205621
0.0107016
0.00110033
0.206644
0.194822
0.182192
0.171033
0.160248
0.149318
0.138387
0.127569
0.116863
0.106263
0.0957804
0.0854297
0.0752222
0.0651679
0.0552709
0.0455261
0.0360826
0.026765
0.0176354
0.00872543
0.196523
0.185815
0.174414
0.164249
0.154449
0.14454
0.134618
0.124787
0.115053
0.105409
0.095862
0.0864237
0.0771038
0.0679118
0.0588562
0.0499431
0.0412262
0.0326317
0.024197
0.0159438
0.187211
0.177535
0.167315
0.15811
0.149231
0.140269
0.131286
0.122371
0.113534
0.104771
0.0960849
0.0874855
0.0789816
0.0705812
0.062292
0.0541211
0.0460948
0.038178
0.0303962
0.0227625
0.178727
0.17001
0.160899
0.152604
0.144577
0.136486
0.128367
0.120294
0.112282
0.104325
0.0964261
0.0885944
0.0808372
0.0731616
0.0655744
0.0580826
0.050703
0.0434138
0.0362383
0.0291846
0.171084
0.163255
0.155162
0.14771
0.140466
0.133166
0.125835
0.118531
0.111269
0.104045
0.0968635
0.0897308
0.0826543
0.0756404
0.0686954
0.0618262
0.0550455
0.048334
0.0417201
0.0352081
0.164276
0.157259
0.150083
0.143401
0.136867
0.130282
0.123662
0.117053
0.110469
0.103909
0.0973758
0.0908765
0.0844176
0.0780056
0.0716466
0.0653483
0.059123
0.0529373
0.0468404
0.0408315
0.158278
0.151996
0.145634
0.139641
0.133746
0.1278
0.121817
0.115831
0.109855
0.103891
0.097941
0.0920119
0.0861099
0.0802412
0.074412
0.0686289
0.0629005
0.0572175
0.0516001
0.0460529
0.153051
0.147427
0.141777
0.136394
0.131066
0.125686
0.120267
0.114835
0.109401
0.103967
0.0985379
0.0931184
0.0877149
0.0823333
0.0769791
0.0716562
0.0663674
0.0611618
0.0559885
0.0508633
0.148552
0.143509
0.138472
0.133619
0.128788
0.123905
0.118981
0.114036
0.10908
0.104116
0.0991483
0.0941824
0.0892246
0.0842807
0.0793569
0.0744589
0.0695922
0.0647731
0.0599893
0.0552503
0.144727
0.140191
0.135673
0.131275
0.126874
0.122421
0.117926
0.113405
0.108866
0.104312
0.0997493
0.0951819
0.0906164
0.0860584
0.081514
0.0769889
0.072489
0.0680243
0.0635932
0.0592025
0.141527
0.137423
0.133339
0.129323
0.125287
0.1212
0.117071
0.112913
0.108732
0.104532
0.100319
0.0960974
0.0918731
0.0876518
0.0834394
0.0792414
0.0750639
0.0709144
0.0667949
0.0627117
0.138902
0.135158
0.131425
0.127722
0.123989
0.120206
0.116383
0.112529
0.10865
0.104749
0.100833
0.0969048
0.0929717
0.0890385
0.085111
0.0811947
0.0772953
0.0734194
0.0695705
0.0657542
0.13681
0.133355
0.129897
0.126442
0.122951
0.119414
0.115838
0.112231
0.108598
0.104943
0.10127
0.0975858
0.0938944
0.0902014
0.0865122
0.0828321
0.0791665
0.0755212
0.0719006
0.0683099
0.135218
0.131975
0.128718
0.125445
0.122134
0.118781
0.115393
0.111974
0.10853
0.105065
0.101583
0.0980899
0.0945897
0.0910878
0.0875891
0.0840989
0.0806221
0.0771643
0.0737299
0.0703235
0.134129
0.131025
0.127898
0.124745
0.121555
0.118328
0.115069
0.111783
0.108473
0.105143
0.101799
0.0984436
0.0950824
0.0917197
0.0883604
0.0850093
0.0816709
0.0783502
0.0750513
0.0717793
0.133525
0.13046
0.127369
0.12425
0.121099
0.117918
0.114711
0.111482
0.108235
0.104974
0.101704
0.0984276
0.0951499
0.0918748
0.0886065
0.0853492
0.082107
0.0788844
0.0756855
0.0725128
0.273113
0.275839
0.280883
0.286501
0.291829
0.295125
0.295653
0.291113
0.282724
0.263012
0.27122
0.273573
0.27786
0.28238
0.286232
0.287735
0.286183
0.279526
0.268992
0.249782
0.26914
0.271114
0.274624
0.27805
0.2805
0.280411
0.27719
0.269126
0.257642
0.239466
0.266841
0.2684
0.271073
0.273339
0.274336
0.272649
0.267808
0.258492
0.246108
0.228438
0.264313
0.265431
0.267227
0.268302
0.267842
0.264608
0.25826
0.247865
0.234723
0.217545
0.261553
0.262209
0.263107
0.262988
0.261113
0.256442
0.248771
0.237533
0.223911
0.207342
0.258555
0.258737
0.258727
0.25743
0.254206
0.248234
0.239445
0.227601
0.213757
0.197866
0.255322
0.255023
0.254106
0.251665
0.247182
0.240062
0.230364
0.218125
0.204276
0.189107
0.251864
0.251081
0.249275
0.245745
0.240113
0.232009
0.221611
0.209169
0.195496
0.181085
0.248199
0.24694
0.244278
0.239732
0.233079
0.224164
0.213269
0.200794
0.187449
0.173821
0.244355
0.242636
0.239168
0.233699
0.226168
0.216615
0.205409
0.193048
0.180147
0.167311
0.240377
0.238222
0.234012
0.227726
0.219467
0.209445
0.198097
0.185968
0.173593
0.161542
0.236322
0.233763
0.22889
0.221904
0.213068
0.202733
0.191384
0.179577
0.167778
0.156489
0.232266
0.229345
0.223896
0.216331
0.207062
0.196552
0.185316
0.173893
0.162686
0.15212
0.228305
0.225067
0.219137
0.211114
0.201545
0.190975
0.179932
0.168925
0.158299
0.148404
0.224555
0.221052
0.214736
0.20637
0.196613
0.18607
0.17527
0.16468
0.154601
0.145309
0.221159
0.217443
0.210833
0.202226
0.192371
0.181912
0.171371
0.161174
0.151581
0.142808
0.218284
0.214407
0.207589
0.198826
0.188937
0.178587
0.168289
0.15843
0.149241
0.140888
0.216129
0.21214
0.205189
0.196338
0.186451
0.176204
0.166099
0.156497
0.147606
0.139561
0.214925
0.210872
0.203854
0.194965
0.185089
0.174908
0.164916
0.155458
0.14673
0.138847
0.289038
0.293434
0.30253
0.314503
0.329436
0.346403
0.365429
0.385633
0.407022
0.428454
0.288955
0.293342
0.302419
0.314363
0.329251
0.346152
0.365092
0.385173
0.406418
0.427651
0.288788
0.293158
0.302198
0.314084
0.328882
0.345651
0.364419
0.384256
0.405211
0.426047
0.288539
0.292883
0.301867
0.313665
0.328331
0.344901
0.363413
0.382883
0.403407
0.423649
0.288207
0.292519
0.301429
0.31311
0.327599
0.343906
0.362077
0.381059
0.40101
0.420464
0.287795
0.292066
0.300886
0.31242
0.326688
0.342669
0.360415
0.378789
0.398029
0.416502
0.287304
0.291526
0.300219
0.311597
0.325604
0.341194
0.358433
0.376081
0.394473
0.411779
0.286736
0.290904
0.299396
0.31064
0.324348
0.339488
0.356137
0.372944
0.390354
0.406309
0.286092
0.290204
0.298732
0.309557
0.322925
0.337555
0.353535
0.369385
0.385686
0.400109
0.285374
0.289422
0.297721
0.308353
0.321342
0.335402
0.350633
0.365417
0.380483
0.3932
0.284585
0.288562
0.296665
0.307035
0.319601
0.333038
0.347442
0.361049
0.374762
0.385602
0.283728
0.287628
0.295541
0.305608
0.317711
0.33047
0.343968
0.356297
0.368539
0.377335
0.282804
0.286618
0.294332
0.304074
0.315676
0.327707
0.340224
0.351172
0.361832
0.36842
0.281818
0.285536
0.293041
0.302439
0.313504
0.324759
0.336218
0.345694
0.354662
0.358875
0.280773
0.284439
0.291674
0.300707
0.311199
0.321632
0.331958
0.339873
0.347043
0.348718
0.27967
0.283239
0.290234
0.29888
0.308763
0.318325
0.32744
0.33371
0.338966
0.337942
0.278513
0.281986
0.288732
0.29697
0.306213
0.314861
0.322688
0.327235
0.330449
0.326543
0.277309
0.280701
0.287197
0.295033
0.303633
0.311358
0.317856
0.320643
0.321702
0.314735
0.276062
0.279378
0.285628
0.293065
0.301027
0.307828
0.312969
0.313969
0.312761
0.30267
0.274743
0.277901
0.283771
0.290624
0.297707
0.303301
0.306769
0.305658
0.301735
0.288055
0.274743
0.277901
0.283771
0.290624
0.297707
0.303301
0.306769
0.305658
0.301735
0.288055
0.276062
0.279378
0.285628
0.293065
0.301027
0.307828
0.312969
0.313969
0.312761
0.30267
0.277309
0.280701
0.287197
0.295033
0.303633
0.311358
0.317856
0.320643
0.321702
0.314735
0.278513
0.281986
0.288732
0.29697
0.306213
0.314861
0.322688
0.327235
0.330449
0.326543
0.27967
0.283239
0.290234
0.29888
0.308763
0.318325
0.32744
0.33371
0.338966
0.337942
0.280773
0.284439
0.291674
0.300707
0.311199
0.321632
0.331958
0.339873
0.347043
0.348718
0.281818
0.285536
0.293041
0.302439
0.313504
0.324759
0.336218
0.345694
0.354662
0.358875
0.282804
0.286618
0.294332
0.304074
0.315676
0.327707
0.340224
0.351172
0.361832
0.36842
0.283728
0.287628
0.295541
0.305608
0.317711
0.33047
0.343968
0.356297
0.368539
0.377335
0.284585
0.288562
0.296665
0.307035
0.319601
0.333038
0.347442
0.361049
0.374762
0.385602
0.285374
0.289422
0.297721
0.308353
0.321342
0.335402
0.350633
0.365417
0.380483
0.3932
0.286092
0.290204
0.298732
0.309557
0.322925
0.337555
0.353535
0.369385
0.385686
0.400109
0.286736
0.290904
0.299396
0.31064
0.324348
0.339488
0.356137
0.372944
0.390354
0.406309
0.287304
0.291526
0.300219
0.311597
0.325604
0.341194
0.358433
0.376081
0.394473
0.411779
0.287795
0.292066
0.300886
0.31242
0.326688
0.342669
0.360415
0.378789
0.398029
0.416502
0.288207
0.292519
0.301429
0.31311
0.327599
0.343906
0.362077
0.381059
0.40101
0.420464
0.288539
0.292883
0.301867
0.313665
0.328331
0.344901
0.363413
0.382883
0.403407
0.423649
0.288788
0.293158
0.302198
0.314084
0.328882
0.345651
0.364419
0.384256
0.405211
0.426047
0.288955
0.293342
0.302419
0.314363
0.329251
0.346152
0.365092
0.385173
0.406418
0.427651
0.289038
0.293434
0.30253
0.314503
0.329436
0.346403
0.365429
0.385633
0.407022
0.428454
0.214925
0.210872
0.203854
0.194965
0.185089
0.174908
0.164916
0.155458
0.14673
0.138847
0.216129
0.21214
0.205189
0.196338
0.186451
0.176204
0.166099
0.156497
0.147606
0.139561
0.218284
0.214407
0.207589
0.198826
0.188937
0.178587
0.168289
0.15843
0.149241
0.140888
0.221159
0.217443
0.210833
0.202226
0.192371
0.181912
0.171371
0.161174
0.151581
0.142808
0.224555
0.221052
0.214736
0.20637
0.196613
0.18607
0.17527
0.16468
0.154601
0.145308
0.228305
0.225067
0.219137
0.211114
0.201545
0.190975
0.179932
0.168925
0.158299
0.148404
0.232266
0.229345
0.223896
0.216331
0.207062
0.196552
0.185316
0.173893
0.162686
0.15212
0.236322
0.233763
0.22889
0.221904
0.213068
0.202733
0.191384
0.179577
0.167777
0.156488
0.240377
0.238222
0.234012
0.227726
0.219467
0.209445
0.198097
0.185968
0.173593
0.161542
0.244355
0.242636
0.239168
0.233699
0.226168
0.216615
0.205409
0.193048
0.180147
0.167311
0.248199
0.24694
0.244278
0.239732
0.233079
0.224164
0.213269
0.200794
0.187449
0.173821
0.251864
0.251081
0.249275
0.245745
0.240113
0.232009
0.221611
0.209169
0.195496
0.181085
0.255322
0.255023
0.254106
0.251665
0.247182
0.240062
0.230364
0.218125
0.204276
0.189106
0.258555
0.258737
0.258727
0.25743
0.254206
0.248234
0.239445
0.227601
0.213757
0.197866
0.261553
0.262209
0.263107
0.262988
0.261112
0.256442
0.248771
0.237533
0.223911
0.207342
0.264313
0.265431
0.267227
0.268302
0.267842
0.264608
0.25826
0.247865
0.234723
0.217545
0.266841
0.2684
0.271073
0.273339
0.274336
0.272649
0.267808
0.258492
0.246108
0.228438
0.26914
0.271114
0.274624
0.27805
0.2805
0.280411
0.27719
0.269126
0.257642
0.239466
0.27122
0.273573
0.277859
0.28238
0.286232
0.287735
0.286183
0.279526
0.268992
0.249782
0.273113
0.275839
0.280883
0.286501
0.291829
0.295125
0.295653
0.291113
0.282724
0.263012
0.133525
0.13046
0.127369
0.12425
0.121099
0.117918
0.114711
0.111482
0.108235
0.104974
0.101704
0.0984276
0.0951499
0.0918748
0.0886065
0.0853492
0.082107
0.0788843
0.0756854
0.0725128
0.134129
0.131025
0.127898
0.124745
0.121555
0.118328
0.115069
0.111783
0.108473
0.105143
0.101799
0.0984436
0.0950823
0.0917197
0.0883604
0.0850092
0.0816709
0.0783502
0.0750513
0.0717793
0.135217
0.131975
0.128718
0.125445
0.122134
0.118781
0.115393
0.111974
0.10853
0.105065
0.101583
0.0980898
0.0945897
0.0910878
0.0875891
0.0840989
0.0806221
0.0771643
0.0737299
0.0703234
0.13681
0.133355
0.129897
0.126442
0.122951
0.119414
0.115838
0.112231
0.108598
0.104943
0.10127
0.0975858
0.0938944
0.0902014
0.0865122
0.0828321
0.0791665
0.0755212
0.0719006
0.0683099
0.138902
0.135158
0.131425
0.127722
0.123989
0.120206
0.116383
0.112529
0.10865
0.104749
0.100833
0.0969048
0.0929716
0.0890385
0.085111
0.0811947
0.0772953
0.0734194
0.0695704
0.0657542
0.141527
0.137423
0.133339
0.129322
0.125287
0.1212
0.117071
0.112913
0.108732
0.104532
0.100319
0.0960974
0.0918731
0.0876518
0.0834393
0.0792414
0.0750639
0.0709144
0.0667949
0.0627116
0.144727
0.140191
0.135673
0.131275
0.126874
0.122421
0.117926
0.113405
0.108866
0.104312
0.0997492
0.0951819
0.0906164
0.0860584
0.081514
0.0769889
0.0724889
0.0680243
0.0635932
0.0592025
0.148552
0.143509
0.138472
0.133619
0.128788
0.123905
0.118981
0.114036
0.10908
0.104116
0.0991483
0.0941824
0.0892245
0.0842807
0.0793569
0.0744589
0.0695922
0.0647731
0.0599893
0.0552503
0.153051
0.147427
0.141777
0.136394
0.131066
0.125686
0.120267
0.114835
0.109401
0.103967
0.0985379
0.0931184
0.0877149
0.0823333
0.0769791
0.0716562
0.0663674
0.0611618
0.0559884
0.0508633
0.158278
0.151996
0.145634
0.139641
0.133746
0.1278
0.121817
0.115831
0.109855
0.103891
0.097941
0.0920119
0.0861099
0.0802412
0.074412
0.0686289
0.0629005
0.0572175
0.0516001
0.0460529
0.164276
0.157259
0.150083
0.143401
0.136867
0.130282
0.123662
0.117053
0.110469
0.103909
0.0973757
0.0908764
0.0844176
0.0780055
0.0716466
0.0653483
0.0591229
0.0529373
0.0468404
0.0408314
0.171084
0.163255
0.155161
0.14771
0.140466
0.133166
0.125835
0.118531
0.111269
0.104045
0.0968634
0.0897308
0.0826542
0.0756404
0.0686954
0.0618262
0.0550455
0.048334
0.0417201
0.0352081
0.178727
0.17001
0.160899
0.152604
0.144577
0.136486
0.128367
0.120294
0.112282
0.104325
0.0964261
0.0885943
0.0808372
0.0731616
0.0655744
0.0580826
0.050703
0.0434138
0.0362382
0.0291845
0.187211
0.177535
0.167315
0.15811
0.149231
0.140269
0.131286
0.12237
0.113534
0.104771
0.0960849
0.0874854
0.0789816
0.0705812
0.062292
0.0541211
0.0460948
0.038178
0.0303961
0.0227625
0.196523
0.185815
0.174414
0.164249
0.154449
0.14454
0.134618
0.124786
0.115053
0.105409
0.0958619
0.0864236
0.0771038
0.0679118
0.0588562
0.0499431
0.0412261
0.0326317
0.024197
0.0159437
0.206644
0.194822
0.182192
0.171033
0.160248
0.149318
0.138387
0.127569
0.116863
0.106263
0.0957803
0.0854297
0.0752222
0.0651678
0.0552709
0.0455261
0.0360826
0.0267649
0.0176354
0.0087254
0.217533
0.204515
0.190638
0.178455
0.16661
0.154586
0.142583
0.130711
0.118959
0.107328
0.0958352
0.0844994
0.0733348
0.0623551
0.0515704
0.040993
0.0306711
0.020562
0.0107016
0.0011003
0.22899
0.214807
0.199773
0.186557
0.173571
0.160389
0.147258
0.134264
0.121393
0.108655
0.0960746
0.0836742
0.071473
0.0594915
0.0477573
0.0363443
0.0250165
0.0140496
0.00340776
-0.00692754
0.240558
0.225619
0.209879
0.195713
0.181529
0.167135
0.152798
0.13858
0.12448
0.110526
0.0967474
0.0831721
0.0698243
0.0567264
0.0439007
0.0314337
0.0191892
0.00731979
-0.00417872
-0.0153096
0.249863
0.234243
0.218427
0.20348
0.188272
0.172855
0.157448
0.142108
0.126864
0.111762
0.0968427
0.082142
0.067691
0.053517
0.0396445
0.026163
0.0129674
0.000186069
-0.0121751
-0.0241133
0.0693707
0.0662631
0.0631936
0.0601655
0.057182
0.0542461
0.0513607
0.0485285
0.0457519
0.0430333
0.0403747
0.0377782
0.0352455
0.0327781
0.0303775
0.028045
0.0257815
0.023588
0.0214656
0.0194142
0.0685387
0.0653338
0.0621685
0.0590471
0.0559732
0.0529504
0.0499821
0.0470715
0.0442215
0.0414346
0.0387134
0.0360599
0.0334762
0.0309637
0.028524
0.0261582
0.0238671
0.0216516
0.0195139
0.0174519
0.06695
0.0636143
0.0603209
0.0570739
0.0538773
0.0507349
0.0476504
0.0446269
0.0416675
0.0387749
0.0359516
0.0331998
0.0305215
0.0279182
0.0253914
0.0229421
0.0205711
0.0182795
0.0160722
0.0139441
0.0647545
0.0612394
0.0577692
0.0543485
0.0509815
0.0476721
0.0444242
0.0412412
0.0381263
0.0350823
0.0321119
0.0292174
0.0264006
0.0236635
0.0210073
0.0184332
0.0159418
0.0135343
0.0112194
0.0089899
0.0619763
0.0582421
0.0545565
0.0509239
0.0473489
0.0438354
0.0403875
0.0370086
0.033702
0.0304706
0.027317
0.0242436
0.0212523
0.0183448
0.0155226
0.0127868
0.0101376
0.00757662
0.00511714
0.00275181
0.0586708
0.054678
0.0507379
0.0468552
0.0430345
0.0392798
0.0355951
0.031984
0.0284496
0.0249949
0.0216225
0.0183347
0.0151335
0.0120205
0.00899712
0.00606443
0.00322259
0.000472968
-0.00216552
-0.00469646
0.0548596
0.0505701
0.0463386
0.0421699
0.0380682
0.0340378
0.0300825
0.0262057
0.0224106
0.0187001
0.0150766
0.0115423
0.008099
0.00474832
0.00149157
-0.00167026
-0.00473725
-0.00770834
-0.0105588
-0.0132834
0.0505662
0.0459426
0.0413838
0.0368941
0.0324778
0.0281388
0.0238809
0.0197072
0.0156207
0.011624
0.0077193
0.00390851
0.000193225
-0.00342524
-0.00694579
-0.0103676
-0.0136911
-0.0169159
-0.0200123
-0.0229605
0.0458013
0.0408085
0.0358885
0.0310453
0.0262831
0.0216054
0.0170157
0.0125169
0.00811146
0.00380153
-0.000411116
-0.00452508
-0.00853931
-0.012453
-0.0162657
-0.0199771
-0.0235882
-0.0270998
-0.0304808
-0.0336917
0.0405788
0.0351825
0.0298686
0.0246413
0.0195042
0.0144607
0.00951356
0.00466509
-8.28124e-05
-0.00472875
-0.00927178
-0.0137114
-0.0180476
-0.0222806
-0.0264113
-0.0304406
-0.0343709
-0.0382055
-0.0419184
-0.0454519
0.0349084
0.0290753
0.023337
0.0176976
0.0121603
0.0067277
0.00140194
-0.0038155
-0.00892371
-0.0139225
-0.0188121
-0.0235938
-0.0282692
-0.0328406
-0.0373112
-0.0416846
-0.0459659
-0.050162
-0.0542651
-0.0582133
0.0287992
0.0224971
0.0163061
0.0102298
0.00427061
-0.00156943
-0.00728918
-0.0128883
-0.0183672
-0.0237273
-0.0289711
-0.034102
-0.0391246
-0.0440448
-0.0488699
-0.0536085
-0.0582705
-0.0628672
-0.0674266
-0.0719218
0.0222556
0.0154547
0.00878556
0.00225112
-0.00414661
-0.0104066
-0.0165287
-0.0225141
-0.0283651
-0.0340852
-0.0396795
-0.0451549
-0.05052
-0.0557856
-0.0609652
-0.0660759
-0.0711364
-0.0761643
-0.0812445
-0.0864624
0.0152805
0.00795287
0.000782956
-0.00622651
-0.013074
-0.0197593
-0.0262836
-0.0326496
-0.0388619
-0.0449271
-0.0508541
-0.0566545
-0.0623427
-0.0679364
-0.0734572
-0.0789319
-0.0843908
-0.0898572
-0.0954974
-0.101643
0.00787553
-5.78655e-06
-0.00769678
-0.0151946
-0.0224978
-0.0296066
-0.0365232
-0.0432517
-0.0497988
-0.0561741
-0.062391
-0.0684674
-0.0744264
-0.0802973
-0.0861161
-0.091927
-0.0977778
-0.103691
-0.109925
-0.11723
3.87406e-05
-0.0084218
-0.0166519
-0.0246481
-0.0324087
-0.0399342
-0.0472271
-0.0542926
-0.0611387
-0.0677775
-0.0742253
-0.0805044
-0.0866447
-0.092686
-0.0986813
-0.104703
-0.110838
-0.117137
-0.124002
-0.132813
-0.00823507
-0.0172968
-0.0260787
-0.0345762
-0.0427873
-0.050712
-0.0583536
-0.0657189
-0.072819
-0.07967
-0.0862938
-0.0927194
-0.0989834
-0.105133
-0.111226
-0.117347
-0.123603
-0.130062
-0.137365
-0.147894
-0.0169437
-0.0266264
-0.0359664
-0.0449564
-0.0535916
-0.06187
-0.0697935
-0.0773692
-0.0846109
-0.0915409
-0.0981926
-0.104613
-0.110865
-0.117032
-0.123214
-0.129538
-0.136142
-0.143049
-0.150997
-0.163212
-0.0260548
-0.0363956
-0.0463169
-0.055806
-0.0648513
-0.0734432
-0.0815756
-0.089247
-0.0964629
-0.103239
-0.109608
-0.115621
-0.121363
-0.126959
-0.132589
-0.138506
-0.145033
-0.152438
-0.16186
-0.176811
-0.035609
-0.046641
-0.057191
-0.0672417
-0.0767762
-0.085778
-0.0942319
-0.102124
-0.109445
-0.116188
-0.122359
-0.127974
-0.133073
-0.137725
-0.142051
-0.146242
-0.150585
-0.15548
-0.162588
-0.176165
0.0171423
0.0146249
0.0120793
0.0095193
0.00696595
0.00444938
0.00200627
-0.000321857
-0.00248892
-0.00444456
-0.0061346
-0.00750338
-0.00849339
-0.00905512
-0.00913216
-0.00871078
-0.00771968
-0.00626393
-0.0041496
-0.00179216
0.0151009
0.0125515
0.0100265
0.00749795
0.00497681
0.00249909
0.000106806
-0.00215679
-0.00424536
-0.00610837
-0.00769145
-0.00893921
-0.00979466
-0.0102103
-0.0101297
-0.0095454
-0.00837832
-0.00675565
-0.00444204
-0.00193228
0.0114087
0.00878555
0.00629155
0.00381618
0.00135103
-0.00105661
-0.00335503
-0.00549828
-0.00744009
-0.00913001
-0.0105137
-0.0115368
-0.0121436
-0.0122905
-0.011922
-0.0110406
-0.00955801
-0.00763207
-0.00497262
-0.00217551
0.00619722
0.0034845
0.00104982
-0.00133608
-0.00370841
-0.00600345
-0.00815605
-0.0101171
-0.011841
-0.0132779
-0.0143738
-0.0150761
-0.0153317
-0.0151026
-0.014335
-0.013046
-0.0111337
-0.00880076
-0.00567736
-0.00250275
-0.000365787
-0.00317814
-0.00552011
-0.00777577
-0.0100138
-0.012149
-0.0140996
-0.0158138
-0.0172473
-0.0183519
-0.019075
-0.0193669
-0.0191779
-0.0184784
-0.0172164
-0.0154289
-0.0129949
-0.0101786
-0.00650075
-0.00289935
-0.00819459
-0.0111023
-0.0133046
-0.0153772
-0.0174283
-0.0193458
-0.0210292
-0.0224244
-0.0234906
-0.0241819
-0.024448
-0.0242437
-0.0235242
-0.0222706
-0.0204324
-0.0180722
-0.0150438
-0.0116919
-0.00739328
-0.00335309
-0.0172072
-0.0201913
-0.0221936
-0.0240191
-0.0258205
-0.0274534
-0.0287964
-0.0297953
-0.030414
-0.0306103
-0.0303376
-0.0295563
-0.0282279
-0.0263468
-0.0238636
-0.0208723
-0.0171939
-0.0132745
-0.00831004
-0.00385213
-0.0273353
-0.030356
-0.032082
-0.0335846
-0.0350634
-0.0363355
-0.0372582
-0.0377789
-0.0378684
-0.0374893
-0.0365994
-0.0351668
-0.0331609
-0.0305886
-0.0274044
-0.0237375
-0.0193694
-0.0148671
-0.009211
-0.00438178
-0.0385023
-0.0414903
-0.0428502
-0.0439458
-0.0450212
-0.0458496
-0.0462676
-0.0462272
-0.0457072
-0.0446757
-0.0430962
-0.0409456
-0.038202
-0.0348887
-0.0309612
-0.0265873
-0.0215056
-0.0164168
-0.010062
-0.00492114
-0.0506063
-0.0534532
-0.0543506
-0.0549545
-0.0555426
-0.0558412
-0.0556701
-0.0549885
-0.0537837
-0.0520298
-0.0496969
-0.0467732
-0.0432437
-0.0391511
-0.0344521
-0.0293528
-0.0235487
-0.0178775
-0.0108363
-0.00544117
-0.0634945
-0.0660476
-0.0663964
-0.0664358
-0.0664561
-0.0661413
-0.065302
-0.0639067
-0.0619504
-0.0594136
-0.0562754
-0.0525334
-0.0481858
-0.0432904
-0.0378065
-0.031976
-0.0254564
-0.0192114
-0.0115157
-0.00590552
-0.0769417
-0.0790095
-0.0787583
-0.078188
-0.0775712
-0.0765677
-0.074992
-0.0728222
-0.0700594
-0.0666921
-0.0627095
-0.058122
-0.0529389
-0.0472325
-0.0409658
-0.034411
-0.0271976
-0.0203899
-0.0120918
-0.00627441
-0.0906372
-0.0920143
-0.0911764
-0.0899924
-0.0886863
-0.0869326
-0.0845675
-0.0815767
-0.0779669
-0.0737376
-0.0688878
-0.0634443
-0.0574255
-0.0509162
-0.0438847
-0.0366248
-0.0287528
-0.0213953
-0.0125654
-0.00651067
-0.104192
-0.104705
-0.103389
-0.101634
-0.0996037
-0.0970546
-0.093864
-0.0900211
-0.0855416
-0.0804315
-0.0747125
-0.0684207
-0.0615835
-0.0542953
-0.0465315
-0.0385972
-0.0301138
-0.0222208
-0.0129452
-0.00658587
-0.11719
-0.116749
-0.115177
-0.112927
-0.110148
-0.106773
-0.102736
-0.0980269
-0.0926607
-0.0866756
-0.0801034
-0.072989
-0.0653677
-0.0573398
-0.0488889
-0.0403205
-0.0312818
-0.0228692
-0.0132455
-0.00648496
-0.129184
-0.127898
-0.126401
-0.12373
-0.12017
-0.11595
-0.111057
-0.105468
-0.0992275
-0.0923904
-0.0849994
-0.0771059
-0.0687504
-0.0600347
-0.0509527
-0.0417977
-0.0322662
-0.0233517
-0.0134827
-0.00620811
-0.139707
-0.138047
-0.137029
-0.133945
-0.129554
-0.124475
-0.118719
-0.112263
-0.105175
-0.0975282
-0.0893715
-0.080758
-0.0717304
-0.0623877
-0.0527365
-0.0430459
-0.0330859
-0.0236873
-0.0136746
-0.00576999
-0.148927
-0.147512
-0.147255
-0.143621
-0.138317
-0.132358
-0.125733
-0.118423
-0.110525
-0.102121
-0.093258
-0.0839868
-0.0743497
-0.0644389
-0.0542773
-0.044098
-0.0337688
-0.0239015
-0.0138379
-0.00519541
-0.157004
-0.157014
-0.157451
-0.153009
-0.146669
-0.139735
-0.132176
-0.124
-0.115315
-0.106194
-0.0966774
-0.0868047
-0.0766158
-0.0661927
-0.0555771
-0.0449564
-0.0343166
-0.0240019
-0.0139747
-0.00451046
-0.163032
-0.166801
-0.166935
-0.161328
-0.153813
-0.145791
-0.137286
-0.12831
-0.118944
-0.109231
-0.099189
-0.0888439
-0.0782295
-0.0674124
-0.0564584
-0.0454925
-0.0346482
-0.0239414
-0.0140602
-0.00374657
-0.191062
-0.181147
-0.171912
-0.164404
-0.156265
-0.147787
-0.138983
-0.129786
-0.120237
-0.110361
-0.100169
-0.0896763
-0.078921
-0.0679501
-0.0568712
-0.0457152
-0.03482
-0.0237955
-0.0141339
-0.00305267
-0.194149
-0.187297
-0.17593
-0.167552
-0.158875
-0.149788
-0.140503
-0.130947
-0.121118
-0.111018
-0.100642
-0.0899938
-0.0791097
-0.0680217
-0.0568643
-0.0455981
-0.0347128
-0.0234822
-0.0141049
-0.00235905
-0.194
-0.188573
-0.176732
-0.168149
-0.15939
-0.150095
-0.140632
-0.130953
-0.121032
-0.110861
-0.100427
-0.0897323
-0.0788137
-0.0676948
-0.0565343
-0.0452329
-0.0344193
-0.0230438
-0.0140184
-0.00158622
-0.194573
-0.189402
-0.177035
-0.168146
-0.159316
-0.149924
-0.14039
-0.130675
-0.12073
-0.110539
-0.10009
-0.0893801
-0.0784522
-0.0673232
-0.0561749
-0.0448508
-0.0341199
-0.0225987
-0.013946
-0.000763029
-0.194397
-0.189343
-0.176792
-0.16774
-0.158911
-0.149513
-0.139977
-0.130275
-0.120342
-0.110158
-0.0997103
-0.0890007
-0.0780747
-0.0669448
-0.0558153
-0.0444735
-0.03383
-0.0221578
-0.0138933
0.000100455
-0.193491
-0.188398
-0.17592
-0.166852
-0.158104
-0.148794
-0.139329
-0.129692
-0.11981
-0.109664
-0.0992434
-0.0885539
-0.0776462
-0.0665304
-0.0554309
-0.0440824
-0.0335349
-0.0217136
-0.0138534
0.000996927
-0.192032
-0.186806
-0.174581
-0.16559
-0.156971
-0.147809
-0.138468
-0.128937
-0.119139
-0.109057
-0.0986859
-0.088036
-0.0771634
-0.0660768
-0.0550192
-0.0436762
-0.0332328
-0.0212675
-0.0138245
0.00191605
-0.1901
-0.184714
-0.172901
-0.164065
-0.155608
-0.146632
-0.137448
-0.128048
-0.118357
-0.108359
-0.0980553
-0.0874609
-0.0766373
-0.0655931
-0.0545874
-0.0432609
-0.0329276
-0.0208246
-0.0138069
0.00284555
-0.187792
-0.182259
-0.170982
-0.162365
-0.154092
-0.145324
-0.136317
-0.127063
-0.117493
-0.107592
-0.0973688
-0.0868424
-0.076079
-0.0650883
-0.0541425
-0.0428424
-0.032623
-0.0203899
-0.0138002
0.00377232
-0.185226
-0.179578
-0.168924
-0.16057
-0.152493
-0.143941
-0.135119
-0.126017
-0.116573
-0.106778
-0.0966437
-0.0861943
-0.0754998
-0.0645711
-0.0536915
-0.0424262
-0.0323223
-0.0199681
-0.0138038
0.00468284
-0.182519
-0.1768
-0.166816
-0.15875
-0.150872
-0.142534
-0.133895
-0.124943
-0.115627
-0.10594
-0.0958987
-0.0855317
-0.0749116
-0.0640512
-0.0532418
-0.0420182
-0.0320291
-0.0195639
-0.0138166
0.00556345
-0.179783
-0.174039
-0.164739
-0.156967
-0.149284
-0.141149
-0.132683
-0.123875
-0.114681
-0.105101
-0.0951535
-0.0848709
-0.074328
-0.0635392
-0.0528016
-0.0416248
-0.0317473
-0.0191823
-0.0138371
0.00640064
-0.177117
-0.171392
-0.162757
-0.155272
-0.147773
-0.139825
-0.131519
-0.122843
-0.113764
-0.104285
-0.0944281
-0.0842288
-0.0737627
-0.0630462
-0.0523799
-0.0412524
-0.0314814
-0.0188281
-0.0138636
0.00718143
-0.174613
-0.168939
-0.160927
-0.153708
-0.146377
-0.138597
-0.130433
-0.121875
-0.1129
-0.103514
-0.0937422
-0.083622
-0.0732297
-0.0625834
-0.0519854
-0.0409077
-0.0312356
-0.018506
-0.0138943
0.00789365
-0.172342
-0.166746
-0.159291
-0.15231
-0.145129
-0.137494
-0.129452
-0.120996
-0.112113
-0.10281
-0.0931145
-0.0830668
-0.0727427
-0.0621619
-0.0516272
-0.0405975
-0.0310145
-0.0182206
-0.0139268
0.00852616
-0.170365
-0.164859
-0.157884
-0.151107
-0.144052
-0.136539
-0.128599
-0.12023
-0.111423
-0.102191
-0.0925622
-0.0825782
-0.0723144
-0.0617921
-0.0513135
-0.0403278
-0.0308224
-0.0179759
-0.0139589
0.00906906
-0.16873
-0.163315
-0.156732
-0.15012
-0.143167
-0.135751
-0.127893
-0.119593
-0.110848
-0.101674
-0.0921007
-0.0821697
-0.0719566
-0.0614836
-0.0510522
-0.0401045
-0.0306632
-0.0177755
-0.0139882
0.00951389
-0.167474
-0.162138
-0.155854
-0.149366
-0.14249
-0.135148
-0.127351
-0.119102
-0.110404
-0.101274
-0.0917428
-0.0818527
-0.071679
-0.0612446
-0.05085
-0.0399323
-0.0305406
-0.0176224
-0.0140123
0.00985371
-0.166624
-0.161345
-0.155261
-0.148856
-0.142033
-0.134739
-0.126982
-0.118768
-0.110101
-0.101001
-0.0914984
-0.0816362
-0.0714894
-0.0610815
-0.0507121
-0.0398153
-0.0304571
-0.017519
-0.0140296
0.0100832
-0.166195
-0.160946
-0.154963
-0.1486
-0.141803
-0.134532
-0.126796
-0.118599
-0.109948
-0.100863
-0.0913744
-0.0815264
-0.0713933
-0.0609988
-0.0506422
-0.0397561
-0.0304149
-0.0174669
-0.0140386
0.0101989
)
;

boundaryField
{
    inlet
    {
        type            zeroGradient;
    }
    outlet
    {
        type            fixedValue;
        value           uniform 0;
    }
    cylinder
    {
        type            zeroGradient;
    }
    top
    {
        type            symmetryPlane;
    }
    bottom
    {
        type            symmetryPlane;
    }
    defaultFaces
    {
        type            empty;
    }
}


// ************************************************************************* //
