2 	-3.93236 	-1.24028e-18 	-0.0246197
2 	-3.79943 	-3.9291e-18 	-0.0249213
2 	-3.67115 	-4.53626e-18 	-0.0254968
2 	-3.54734 	-6.87813e-18 	-0.0263248
2 	-3.42786 	-8.61286e-18 	-0.027387
2 	-3.31256 	-9.9139e-18 	-0.028669
2 	-3.20128 	-1.19088e-17 	-0.0301591
2 	-3.09388 	-1.32966e-17 	-0.0318478
2 	-2.99024 	-1.52915e-17 	-0.0337273
2 	-2.89021 	-1.72865e-17 	-0.0357919
2 	-2.79368 	-1.79804e-17 	-0.0380369
2 	-2.70052 	-1.79804e-17 	-0.040459
2 	-2.61061 	-2.12763e-17 	-0.0430559
2 	-2.52385 	-2.39652e-17 	-0.0458262
2 	-2.44011 	-2.70877e-17 	-0.0487694
2 	-2.35929 	-3.15112e-17 	-0.0518858
2 	-2.2813 	-3.22051e-17 	-0.0551762
2 	-2.20604 	-3.22051e-17 	-0.0586422
2 	-2.1334 	-3.42e-17 	-0.0622856
2 	-2.06329 	-3.6195e-17 	-0.066109
2 	-1.99564 	-3.6195e-17 	-0.0701151
2 	-1.93035 	-3.6195e-17 	-0.0743069
2 	-1.86734 	-3.6195e-17 	-0.0786878
2 	-1.80652 	-3.55878e-17 	-0.0832614
2 	-1.74784 	-3.49807e-17 	-0.0880313
2 	-1.6912 	-3.56745e-17 	-0.0930012
2 	-1.63654 	-3.70623e-17 	-0.0981748
2 	-1.58379 	-3.84501e-17 	-0.103556
2 	-1.53288 	-3.9144e-17 	-0.109147
2 	-1.48375 	-3.9144e-17 	-0.114951
2 	-1.43633 	-3.98379e-17 	-0.12097
2 	-1.39057 	-4.05318e-17 	-0.127207
2 	-1.34641 	-4.25267e-17 	-0.133661
2 	-1.30379 	-4.52155e-17 	-0.140334
2 	-1.26266 	-4.59094e-17 	-0.147224
2 	-1.22296 	-4.48686e-17 	-0.15433
2 	-1.18466 	-4.38277e-17 	-0.161646
2 	-1.14768 	-4.38277e-17 	-0.169189
2 	-1.112 	-4.38277e-17 	-0.176999
2 	-1.07757 	-4.38277e-17 	-0.184653
2 	-1.03863 	-4.20514e-17 	-0.192094
2 	-1.01586 	-3.9958e-17 	-0.19789
2 	-0.993217 	-4.09841e-17 	-0.223832
2 	-0.948059 	-4.40032e-17 	-0.228936
2 	-0.900995 	-4.85292e-17 	-0.234856
2 	-0.876272 	-5.07208e-17 	-0.241614
2 	-0.851886 	-4.48071e-17 	-0.273668
2 	-0.803473 	-3.76615e-17 	-0.284127
2 	-0.753096 	-3.74524e-17 	-0.295122
2 	-0.71814 	-3.83767e-17 	-0.306507
2 	-0.692197 	-3.7545e-17 	-0.346522
2 	-0.649352 	-3.747e-17 	-0.361726
2 	-0.596093 	-3.59978e-17 	-0.376487
2 	-0.541991 	-3.50827e-17 	-0.390223
2 	-0.502352 	-3.52256e-17 	-0.402303
2 	-0.474727 	-3.50998e-17 	-0.450242
2 	-0.431525 	-3.67761e-17 	-0.461817
2 	-0.375304 	-3.95517e-17 	-0.469752
2 	-0.318526 	-3.87104e-17 	-0.473415
2 	-0.261272 	-3.63218e-17 	-0.472267
2 	-0.203624 	-3.69048e-17 	-0.465929
2 	-0.145668 	-3.87722e-17 	-0.454202
2 	-0.0874897 	-3.70676e-17 	-0.437035
2 	-0.0291781 	-3.87305e-17 	-0.414546
2 	0.0291781 	-4.8098e-17 	-0.387028
2 	0.0874897 	-4.85168e-17 	-0.355011
2 	0.145668 	-4.38029e-17 	-0.319049
2 	0.203624 	-4.08946e-17 	-0.279517
2 	0.261272 	-4.15259e-17 	-0.236121
2 	0.318526 	-4.21799e-17 	-0.190779
2 	0.375304 	-3.7817e-17 	-0.14791
2 	0.431525 	-3.46945e-17 	-0.105628
2 	0.474727 	-3.39422e-17 	-0.0693008
2 	0.502352 	-3.37209e-17 	-0.065497
2 	0.541991 	-3.71644e-17 	-0.0341381
2 	0.596093 	-4.32836e-17 	-0.00933137
2 	0.649352 	-4.85723e-17 	0.00849048
2 	0.692197 	-5.188e-17 	0.0193631
2 	0.71814 	-5.30587e-17 	0.0213359
2 	0.753096 	-5.38455e-17 	0.0269774
2 	0.803473 	-5.30138e-17 	0.0275804
2 	0.851886 	-5.30313e-17 	0.0241411
2 	0.876272 	-5.3047e-17 	0.0245056
2 	0.900995 	-5.11313e-17 	0.020009
2 	0.948059 	-5.04217e-17 	0.0135559
2 	0.993217 	-5.19971e-17 	0.00567319
2 	1.01586 	-5.37466e-17 	0.00644232
2 	1.03863 	-5.34138e-17 	-0.000644858
2 	1.07757 	-5.19809e-17 	-0.00470045
2 	1.112 	-5.19809e-17 	-0.0089083
2 	1.14768 	-5.19809e-17 	-0.0134427
2 	1.18466 	-5.19809e-17 	-0.0177701
2 	1.22296 	-5.19809e-17 	-0.0217821
2 	1.26266 	-5.06799e-17 	-0.0254872
2 	1.30379 	-4.87717e-17 	-0.0288828
2 	1.34641 	-4.88584e-17 	-0.0319567
2 	1.39057 	-4.95523e-17 	-0.0347007
2 	1.43633 	-5.02462e-17 	-0.0371131
2 	1.48375 	-5.09401e-17 	-0.0391962
2 	1.53288 	-5.22412e-17 	-0.040955
2 	1.58379 	-5.2935e-17 	-0.0423971
2 	1.63654 	-5.30218e-17 	-0.0435321
2 	1.6912 	-5.57106e-17 	-0.044372
2 	1.74784 	-5.77055e-17 	-0.0449306
2 	1.80652 	-5.83994e-17 	-0.0452236
2 	1.86734 	-5.77923e-17 	-0.0452681
2 	1.93035 	-5.64912e-17 	-0.0450823
2 	1.99564 	-5.64912e-17 	-0.0446855
2 	2.06329 	-5.47565e-17 	-0.0440978
2 	2.1334 	-5.30218e-17 	-0.0433401
2 	2.20604 	-5.17207e-17 	-0.0424338
2 	2.2813 	-5.04197e-17 	-0.0414003
2 	2.35929 	-5.04197e-17 	-0.0402614
2 	2.44011 	-5.04197e-17 	-0.0390392
2 	2.52385 	-5.17207e-17 	-0.0377555
2 	2.61061 	-5.17207e-17 	-0.0364316
2 	2.70052 	-5.04197e-17 	-0.0350885
2 	2.79368 	-5.04197e-17 	-0.0337469
2 	2.89021 	-5.11136e-17 	-0.0324273
2 	2.99024 	-5.12003e-17 	-0.0311495
2 	3.09388 	-5.05932e-17 	-0.0299318
2 	3.20128 	-5.05932e-17 	-0.0287965
2 	3.31256 	-5.05932e-17 	-0.0277612
2 	3.42786 	-5.05932e-17 	-0.0268459
2 	3.54734 	-5.12871e-17 	-0.0260704
2 	3.67115 	-5.26748e-17 	-0.025455
2 	3.79943 	-5.33687e-17 	-0.0250221
2 	3.93236 	-5.3603e-17 	-0.0247928
