2 	-3.93236 	-1.24028e-18 	1.19646 	-0.00132311 	0
2 	-3.79943 	-3.9291e-18 	1.19711 	-0.00389403 	0
2 	-3.67115 	-4.53626e-18 	1.19836 	-0.00639014 	0
2 	-3.54734 	-6.87813e-18 	1.20014 	-0.00878593 	0
2 	-3.42786 	-8.61286e-18 	1.2024 	-0.0110914 	0
2 	-3.31256 	-9.9139e-18 	1.20507 	-0.0133066 	0
2 	-3.20128 	-1.19088e-17 	1.20811 	-0.0154312 	0
2 	-3.09388 	-1.32966e-17 	1.21148 	-0.0174662 	0
2 	-2.99024 	-1.52915e-17 	1.21512 	-0.0194117 	0
2 	-2.89021 	-1.72865e-17 	1.21901 	-0.0212679 	0
2 	-2.79368 	-1.79804e-17 	1.22309 	-0.0230348 	0
2 	-2.70052 	-1.79804e-17 	1.22734 	-0.0247124 	0
2 	-2.61061 	-2.12763e-17 	1.23173 	-0.026301 	0
2 	-2.52385 	-2.39652e-17 	1.23621 	-0.0278007 	0
2 	-2.44011 	-2.70877e-17 	1.24076 	-0.0292119 	0
2 	-2.35929 	-3.15112e-17 	1.24536 	-0.0305354 	0
2 	-2.2813 	-3.22051e-17 	1.24999 	-0.0317723 	0
2 	-2.20604 	-3.22051e-17 	1.25463 	-0.0329242 	0
2 	-2.1334 	-3.42e-17 	1.25927 	-0.033993 	0
2 	-2.06329 	-3.6195e-17 	1.2639 	-0.034981 	0
2 	-1.99564 	-3.6195e-17 	1.26852 	-0.0358896 	0
2 	-1.93035 	-3.6195e-17 	1.27313 	-0.0367198 	0
2 	-1.86734 	-3.6195e-17 	1.27769 	-0.0374718 	0
2 	-1.80652 	-3.55878e-17 	1.28218 	-0.0381454 	0
2 	-1.74784 	-3.49807e-17 	1.28655 	-0.0387405 	0
2 	-1.6912 	-3.56745e-17 	1.29076 	-0.0392579 	0
2 	-1.63654 	-3.70623e-17 	1.29477 	-0.0396984 	0
2 	-1.58379 	-3.84501e-17 	1.29852 	-0.0400614 	0
2 	-1.53288 	-3.9144e-17 	1.30195 	-0.0403427 	0
2 	-1.48375 	-3.9144e-17 	1.30495 	-0.0405316 	0
2 	-1.43633 	-3.98379e-17 	1.30735 	-0.0406082 	0
2 	-1.39057 	-4.05318e-17 	1.30886 	-0.0405413 	0
2 	-1.34641 	-4.25267e-17 	1.30906 	-0.0402882 	0
2 	-1.30379 	-4.52155e-17 	1.30738 	-0.0397987 	0
2 	-1.26266 	-4.59094e-17 	1.30316 	-0.0390215 	0
2 	-1.22296 	-4.48686e-17 	1.29566 	-0.0379143 	0
2 	-1.18466 	-4.38277e-17 	1.28419 	-0.0364645 	0
2 	-1.14768 	-4.38277e-17 	1.26822 	-0.0347307 	0
2 	-1.112 	-4.38277e-17 	1.24743 	-0.0327964 	0
2 	-1.07757 	-4.38277e-17 	1.22175 	-0.0303801 	0
2 	-1.03863 	-4.20514e-17 	1.18292 	-0.0256398 	1.13274e-20
2 	-1.01586 	-3.9958e-17 	1.11871 	-0.0192707 	-1.01472e-19
2 	-0.993217 	-4.09841e-17 	1.12779 	-0.0247014 	-5.87988e-20
2 	-0.948059 	-4.40032e-17 	1.05075 	-0.018743 	-4.95704e-20
2 	-0.900995 	-4.85292e-17 	0.960141 	-0.0127925 	3.5005e-20
2 	-0.876272 	-5.07208e-17 	0.857905 	-0.00750797 	1.1043e-20
2 	-0.851886 	-4.48071e-17 	0.866775 	-0.0111854 	4.99581e-20
2 	-0.803473 	-3.76615e-17 	0.754778 	-0.00627436 	-1.08195e-20
2 	-0.753096 	-3.74524e-17 	0.638815 	-0.00272386 	-1.24395e-20
2 	-0.71814 	-3.83767e-17 	0.523598 	-0.000591278 	-5.08976e-20
2 	-0.692197 	-3.7545e-17 	0.527293 	-0.00254358 	9.02578e-20
2 	-0.649352 	-3.747e-17 	0.41484 	-0.00122607 	-1.87314e-20
2 	-0.596093 	-3.59978e-17 	0.310161 	-0.000987734 	-4.75953e-20
2 	-0.541991 	-3.50827e-17 	0.214816 	-0.00146892 	6.68307e-20
2 	-0.502352 	-3.52256e-17 	0.12936 	-0.00232397 	-3.26375e-20
2 	-0.474727 	-3.50998e-17 	0.128863 	-0.0031404 	5.48098e-20
2 	-0.431525 	-3.67761e-17 	0.053245 	-0.00384496 	3.31661e-20
2 	-0.375304 	-3.95517e-17 	-0.0125135 	-0.00439152 	2.85187e-20
2 	-0.318526 	-3.87104e-17 	-0.0687884 	-0.00461807 	3.00798e-21
2 	-0.261272 	-3.63218e-17 	-0.115797 	-0.00443735 	2.12513e-20
2 	-0.203624 	-3.69048e-17 	-0.153571 	-0.0038225 	-2.18617e-22
2 	-0.145668 	-3.87722e-17 	-0.182002 	-0.00280212 	-3.33527e-20
2 	-0.0874897 	-3.70676e-17 	-0.200907 	-0.00144933 	-2.62152e-21
2 	-0.0291781 	-3.87305e-17 	-0.210106 	0.000139344 	-2.78128e-21
2 	0.0291781 	-4.8098e-17 	-0.209502 	0.00184464 	2.91716e-21
2 	0.0874897 	-4.85168e-17 	-0.199048 	0.0035287 	2.22531e-21
2 	0.145668 	-4.38029e-17 	-0.178828 	0.00506221 	3.46033e-20
2 	0.203624 	-4.08946e-17 	-0.148981 	0.00632887 	1.05019e-21
2 	0.261272 	-4.15259e-17 	-0.109683 	0.00723009 	-2.62155e-20
2 	0.318526 	-4.21799e-17 	-0.0610634 	0.00769997 	-2.35516e-21
2 	0.375304 	-3.7817e-17 	-0.00315556 	0.00771783 	-2.74162e-20
2 	0.431525 	-3.46945e-17 	0.0641377 	0.00731887 	-3.09193e-20
2 	0.474727 	-3.39422e-17 	0.141051 	0.00662192 	-5.8566e-20
2 	0.502352 	-3.37209e-17 	0.142273 	0.00351659 	3.12717e-20
2 	0.541991 	-3.71644e-17 	0.228943 	0.0026623 	-7.12815e-20
2 	0.596093 	-4.32836e-17 	0.325026 	0.00200716 	4.83868e-20
2 	0.649352 	-4.85723e-17 	0.429916 	0.00191025 	1.72039e-20
2 	0.692197 	-5.188e-17 	0.542087 	0.0027695 	3.0072e-20
2 	0.71814 	-5.30587e-17 	0.540048 	-0.00126878 	6.17462e-20
2 	0.753096 	-5.38455e-17 	0.654773 	0.000528603 	4.72426e-21
2 	0.803473 	-5.30138e-17 	0.769774 	0.00364719 	1.4853e-20
2 	0.851886 	-5.30313e-17 	0.880582 	0.00818627 	-5.69155e-20
2 	0.876272 	-5.3047e-17 	0.873328 	0.0025613 	-1.31255e-20
2 	0.900995 	-5.11313e-17 	0.974066 	0.00767532 	-3.7618e-20
2 	0.948059 	-5.04217e-17 	1.06309 	0.0135548 	4.9594e-20
2 	0.993217 	-5.19971e-17 	1.13857 	0.0195402 	-5.93208e-20
2 	1.01586 	-5.37466e-17 	1.1304 	0.0123633 	1.06153e-19
2 	1.03863 	-5.34138e-17 	1.19277 	0.0190802 	-1.0562e-20
2 	1.07757 	-5.19809e-17 	1.23027 	0.0238657 	0
2 	1.112 	-5.19809e-17 	1.25491 	0.0262022 	0
2 	1.14768 	-5.19809e-17 	1.27471 	0.0281 	0
2 	1.18466 	-5.19809e-17 	1.28976 	0.0298656 	0
2 	1.22296 	-5.19809e-17 	1.30039 	0.0313994 	0
2 	1.26266 	-5.06799e-17 	1.30715 	0.0326325 	0
2 	1.30379 	-4.87717e-17 	1.3107 	0.0335713 	0
2 	1.34641 	-4.88584e-17 	1.3118 	0.034253 	0
2 	1.39057 	-4.95523e-17 	1.31109 	0.0347226 	0
2 	1.43633 	-5.02462e-17 	1.30913 	0.0350247 	0
2 	1.48375 	-5.09401e-17 	1.30634 	0.0351971 	0
2 	1.53288 	-5.22412e-17 	1.30298 	0.0352671 	0
2 	1.58379 	-5.2935e-17 	1.29923 	0.0352515 	0
2 	1.63654 	-5.30218e-17 	1.29518 	0.0351583 	0
2 	1.6912 	-5.57106e-17 	1.29091 	0.0349898 	0
2 	1.74784 	-5.77055e-17 	1.28647 	0.0347448 	0
2 	1.80652 	-5.83994e-17 	1.28189 	0.0344208 	0
2 	1.86734 	-5.77923e-17 	1.27721 	0.0340156 	0
2 	1.93035 	-5.64912e-17 	1.27249 	0.0335277 	0
2 	1.99564 	-5.64912e-17 	1.26775 	0.0329558 	0
2 	2.06329 	-5.47565e-17 	1.26302 	0.0322986 	0
2 	2.1334 	-5.30218e-17 	1.25829 	0.0315539 	0
2 	2.20604 	-5.17207e-17 	1.25358 	0.0307189 	0
2 	2.2813 	-5.04197e-17 	1.24888 	0.0297906 	0
2 	2.35929 	-5.04197e-17 	1.24422 	0.0287662 	0
2 	2.44011 	-5.04197e-17 	1.23959 	0.0276434 	0
2 	2.52385 	-5.17207e-17 	1.23503 	0.0264204 	0
2 	2.61061 	-5.17207e-17 	1.23055 	0.025096 	0
2 	2.70052 	-5.04197e-17 	1.22618 	0.0236696 	0
2 	2.79368 	-5.04197e-17 	1.22195 	0.0221408 	0
2 	2.89021 	-5.11136e-17 	1.21789 	0.0205095 	0
2 	2.99024 	-5.12003e-17 	1.21404 	0.0187759 	0
2 	3.09388 	-5.05932e-17 	1.21043 	0.0169403 	0
2 	3.20128 	-5.05932e-17 	1.2071 	0.0150034 	0
2 	3.31256 	-5.05932e-17 	1.20409 	0.0129656 	0
2 	3.42786 	-5.05932e-17 	1.20145 	0.0108273 	0
2 	3.54734 	-5.12871e-17 	1.19923 	0.00858982 	0
2 	3.67115 	-5.26748e-17 	1.19747 	0.006255 	0
2 	3.79943 	-5.33687e-17 	1.19624 	0.00381478 	0
2 	3.93236 	-5.3603e-17 	1.19559 	0.00129687 	0
