2 	-3.93236 	-1.24028e-18 	1.11069 	-0.00032626 	0
2 	-3.79943 	-3.9291e-18 	1.11105 	-0.000959483 	0
2 	-3.67115 	-4.53626e-18 	1.11171 	-0.00157926 	0
2 	-3.54734 	-6.87813e-18 	1.11264 	-0.00217958 	0
2 	-3.42786 	-8.61286e-18 	1.11379 	-0.00276395 	0
2 	-3.31256 	-9.9139e-18 	1.11511 	-0.00333257 	0
2 	-3.20128 	-1.19088e-17 	1.11655 	-0.00388431 	0
2 	-3.09388 	-1.32966e-17 	1.11806 	-0.00441748 	0
2 	-2.99024 	-1.52915e-17 	1.11959 	-0.00492934 	0
2 	-2.89021 	-1.72865e-17 	1.1211 	-0.00541606 	0
2 	-2.79368 	-1.79804e-17 	1.12254 	-0.0058728 	0
2 	-2.70052 	-1.79804e-17 	1.12387 	-0.0062936 	0
2 	-2.61061 	-2.12763e-17 	1.12502 	-0.00667148 	0
2 	-2.52385 	-2.39652e-17 	1.12597 	-0.00699839 	0
2 	-2.44011 	-2.70877e-17 	1.12666 	-0.00726522 	0
2 	-2.35929 	-3.15112e-17 	1.12706 	-0.00746186 	0
2 	-2.2813 	-3.22051e-17 	1.12712 	-0.00757732 	0
2 	-2.20604 	-3.22051e-17 	1.12681 	-0.00759991 	0
2 	-2.1334 	-3.42e-17 	1.12611 	-0.00751729 	0
2 	-2.06329 	-3.6195e-17 	1.12498 	-0.00731644 	0
2 	-1.99564 	-3.6195e-17 	1.12342 	-0.00698384 	0
2 	-1.93035 	-3.6195e-17 	1.1214 	-0.00650481 	0
2 	-1.86734 	-3.6195e-17 	1.1189 	-0.00586321 	0
2 	-1.80652 	-3.55878e-17 	1.11591 	-0.00504185 	0
2 	-1.74784 	-3.49807e-17 	1.1124 	-0.00402356 	0
2 	-1.6912 	-3.56745e-17 	1.10835 	-0.00278998 	0
2 	-1.63654 	-3.70623e-17 	1.10373 	-0.00132299 	0
2 	-1.58379 	-3.84501e-17 	1.09852 	0.000393754 	0
2 	-1.53288 	-3.9144e-17 	1.0927 	0.00237656 	0
2 	-1.48375 	-3.9144e-17 	1.08627 	0.00464043 	0
2 	-1.43633 	-3.98379e-17 	1.07921 	0.00720314 	0
2 	-1.39057 	-4.05318e-17 	1.07149 	0.0100869 	0
2 	-1.34641 	-4.25267e-17 	1.06306 	0.0133184 	0
2 	-1.30379 	-4.52155e-17 	1.05382 	0.0169332 	0
2 	-1.26266 	-4.59094e-17 	1.04365 	0.0209748 	0
2 	-1.22296 	-4.48686e-17 	1.03234 	0.0254913 	0
2 	-1.18466 	-4.38277e-17 	1.01964 	0.0305271 	0
2 	-1.14768 	-4.38277e-17 	1.00528 	0.036122 	0
2 	-1.112 	-4.38277e-17 	0.988998 	0.0423784 	0
2 	-1.07757 	-4.38277e-17 	0.970619 	0.0495323 	0
2 	-1.03863 	-4.20514e-17 	0.943759 	0.0591899 	-1.78969e-21
2 	-1.01586 	-3.9958e-17 	0.900141 	0.0549509 	2.03637e-20
2 	-0.993217 	-4.09841e-17 	0.930263 	0.0921519 	-4.73803e-21
2 	-0.948059 	-4.40032e-17 	0.883096 	0.0957444 	-4.92647e-21
2 	-0.900995 	-4.85292e-17 	0.824428 	0.102726 	-2.40862e-22
2 	-0.876272 	-5.07208e-17 	0.752122 	0.113999 	-5.59724e-21
2 	-0.851886 	-4.48071e-17 	0.80162 	0.150819 	-7.98078e-22
2 	-0.803473 	-3.76615e-17 	0.722491 	0.167133 	-9.82193e-21
2 	-0.753096 	-3.74524e-17 	0.628284 	0.188842 	2.3692e-21
2 	-0.71814 	-3.83767e-17 	0.520346 	0.215873 	1.63263e-21
2 	-0.692197 	-3.7545e-17 	0.588202 	0.249052 	7.25093e-21
2 	-0.649352 	-3.747e-17 	0.474103 	0.280159 	-4.65255e-21
2 	-0.596093 	-3.59978e-17 	0.353077 	0.313631 	-1.10178e-20
2 	-0.541991 	-3.50827e-17 	0.234244 	0.344809 	2.06147e-20
2 	-0.502352 	-3.52256e-17 	0.128442 	0.367955 	-1.1889e-20
2 	-0.474727 	-3.50998e-17 	0.17915 	0.410527 	2.55091e-20
2 	-0.431525 	-3.67761e-17 	0.0767688 	0.432778 	2.15193e-20
2 	-0.375304 	-3.95517e-17 	-0.000876934 	0.440475 	2.20449e-20
2 	-0.318526 	-3.87104e-17 	-0.0495081 	0.433352 	3.34623e-21
2 	-0.261272 	-3.63218e-17 	-0.0690247 	0.41256 	2.37867e-20
2 	-0.203624 	-3.69048e-17 	-0.0620571 	0.380914 	-3.13775e-22
2 	-0.145668 	-3.87722e-17 	-0.0323154 	0.341972 	-4.80397e-20
2 	-0.0874897 	-3.70676e-17 	0.0159335 	0.298686 	-4.46285e-21
2 	-0.0291781 	-3.87305e-17 	0.0790119 	0.253412 	-4.92034e-21
2 	0.0291781 	-4.8098e-17 	0.1541 	0.208463 	5.53901e-21
2 	0.0874897 	-4.85168e-17 	0.237578 	0.165416 	4.9512e-21
2 	0.145668 	-4.38029e-17 	0.325922 	0.124943 	7.12225e-20
2 	0.203624 	-4.08946e-17 	0.415855 	0.0875917 	2.58169e-21
2 	0.261272 	-4.15259e-17 	0.504769 	0.0536148 	-5.39424e-20
2 	0.318526 	-4.21799e-17 	0.590779 	0.0228445 	-4.36569e-21
2 	0.375304 	-3.7817e-17 	0.673002 	-0.00435053 	-5.65288e-20
2 	0.431525 	-3.46945e-17 	0.751677 	-0.0288279 	-6.1787e-20
2 	0.474727 	-3.39422e-17 	0.82812 	-0.051937 	-1.17168e-19
2 	0.502352 	-3.37209e-17 	0.883835 	-0.135859 	6.42397e-20
2 	0.541991 	-3.71644e-17 	0.959845 	-0.153895 	-1.40553e-19
2 	0.596093 	-4.32836e-17 	1.03589 	-0.169992 	9.19222e-20
2 	0.649352 	-4.85723e-17 	1.11121 	-0.183148 	3.12379e-20
2 	0.692197 	-5.188e-17 	1.18315 	-0.192129 	5.18518e-20
2 	0.71814 	-5.30587e-17 	1.22035 	-0.263916 	1.08002e-19
2 	0.753096 	-5.38455e-17 	1.27624 	-0.26096 	7.40217e-21
2 	0.803473 	-5.30138e-17 	1.32133 	-0.252907 	2.46542e-20
2 	0.851886 	-5.30313e-17 	1.35459 	-0.240451 	-8.45744e-20
2 	0.876272 	-5.3047e-17 	1.35484 	-0.293632 	-1.78684e-20
2 	0.900995 	-5.11313e-17 	1.37106 	-0.272913 	-5.3209e-20
2 	0.948059 	-5.04217e-17 	1.37908 	-0.251325 	6.72263e-20
2 	0.993217 	-5.19971e-17 	1.38057 	-0.229392 	-7.52983e-20
2 	1.01586 	-5.37466e-17 	1.36076 	-0.268714 	1.27318e-19
2 	1.03863 	-5.34138e-17 	1.35785 	-0.241181 	-1.19829e-20
2 	1.07757 	-5.19809e-17 	1.35393 	-0.220614 	0
2 	1.112 	-5.19809e-17 	1.34764 	-0.213574 	0
2 	1.14768 	-5.19809e-17 	1.33972 	-0.206865 	0
2 	1.18466 	-5.19809e-17 	1.33093 	-0.199544 	0
2 	1.22296 	-5.19809e-17 	1.32167 	-0.192113 	0
2 	1.26266 	-5.06799e-17 	1.31218 	-0.184706 	0
2 	1.30379 	-4.87717e-17 	1.30261 	-0.177319 	0
2 	1.34641 	-4.88584e-17 	1.29305 	-0.169962 	0
2 	1.39057 	-4.95523e-17 	1.28358 	-0.162649 	0
2 	1.43633 	-5.02462e-17 	1.27421 	-0.155389 	0
2 	1.48375 	-5.09401e-17 	1.26498 	-0.148194 	0
2 	1.53288 	-5.22412e-17 	1.25589 	-0.141072 	0
2 	1.58379 	-5.2935e-17 	1.24698 	-0.134034 	0
2 	1.63654 	-5.30218e-17 	1.23826 	-0.127092 	0
2 	1.6912 	-5.57106e-17 	1.22976 	-0.120258 	0
2 	1.74784 	-5.77055e-17 	1.22149 	-0.113541 	0
2 	1.80652 	-5.83994e-17 	1.21347 	-0.106952 	0
2 	1.86734 	-5.77923e-17 	1.20571 	-0.100499 	0
2 	1.93035 	-5.64912e-17 	1.19821 	-0.0941904 	0
2 	1.99564 	-5.64912e-17 	1.19097 	-0.0880329 	0
2 	2.06329 	-5.47565e-17 	1.18399 	-0.0820345 	0
2 	2.1334 	-5.30218e-17 	1.17726 	-0.0762028 	0
2 	2.20604 	-5.17207e-17 	1.17077 	-0.0705452 	0
2 	2.2813 	-5.04197e-17 	1.16454 	-0.0650689 	0
2 	2.35929 	-5.04197e-17 	1.15856 	-0.0597799 	0
2 	2.44011 	-5.04197e-17 	1.15285 	-0.0546835 	0
2 	2.52385 	-5.17207e-17 	1.14741 	-0.0497835 	0
2 	2.61061 	-5.17207e-17 	1.14224 	-0.0450821 	0
2 	2.70052 	-5.04197e-17 	1.13736 	-0.0405799 	0
2 	2.79368 	-5.04197e-17 	1.13278 	-0.0362751 	0
2 	2.89021 	-5.11136e-17 	1.12852 	-0.0321638 	0
2 	2.99024 	-5.12003e-17 	1.12457 	-0.0282396 	0
2 	3.09388 	-5.05932e-17 	1.12097 	-0.0244929 	0
2 	3.20128 	-5.05932e-17 	1.11771 	-0.0209108 	0
2 	3.31256 	-5.05932e-17 	1.11483 	-0.0174764 	0
2 	3.42786 	-5.05932e-17 	1.11235 	-0.0141688 	0
2 	3.54734 	-5.12871e-17 	1.11029 	-0.0109613 	0
2 	3.67115 	-5.26748e-17 	1.10868 	-0.00782112 	0
2 	3.79943 	-5.33687e-17 	1.10756 	-0.00471125 	0
2 	3.93236 	-5.3603e-17 	1.10697 	-0.00157543 	0
