/*--------------------------------*- C++ -*----------------------------------*\
  =========                 |
  \\      /  F ield         | OpenFOAM: The Open Source CFD Toolbox
   \\    /   O peration     | Website:  https://openfoam.org
    \\  /    A nd           | Version:  7
     \\/     M anipulation  |
\*---------------------------------------------------------------------------*/
FoamFile
{
    version     2.0;
    format      ascii;
    class       volVectorField;
    location    "0.4";
    object      U;
}
// * * * * * * * * * * * * * * * * * * * * * * * * * * * * * * * * * * * * * //

dimensions      [0 1 -1 0 0 0 0];

internalField   nonuniform List<vector> 
4032
(
(3 -3.39758e-17 0)
(3 4.11553e-17 0)
(3 1.90079e-16 0)
(3 6.0174e-16 0)
(3 3.98925e-17 0)
(3 -6.01882e-16 0)
(3 -1.20644e-15 0)
(3 -1.6e-15 0)
(3 -1.31285e-15 0)
(3 -8.77724e-16 0)
(3 -2.94062e-16 0)
(3 -2.85825e-16 0)
(3 -2.496e-16 0)
(3 5.79838e-16 0)
(3 8.35869e-16 0)
(2.12847 0.0155094 0)
(0.71918 0.0289394 0)
(0.54762 0.0235297 0)
(0.48855 0.0320208 0)
(0.381606 0.0367281 0)
(0.289737 0.0421053 0)
(0.197692 0.0443208 0)
(0.114263 0.0431624 0)
(0.0409807 0.044713 0)
(3 2.8209e-17 0)
(3 -7.93939e-17 0)
(3 1.03294e-16 0)
(3 -1.56587e-16 0)
(3 -8.38598e-16 0)
(3 -1.89817e-15 0)
(3 -1.98336e-15 0)
(3 -1.70212e-15 0)
(3 -1.31508e-15 0)
(3 -1.24082e-15 0)
(3 -6.58793e-16 0)
(3 -1.43065e-16 0)
(3 4.64361e-17 0)
(3 4.33791e-16 0)
(3 1.10762e-15 0)
(2.16183 0.0738138 0)
(0.712533 0.117091 0)
(0.527678 0.0824922 0)
(0.461871 0.0890918 0)
(0.360304 0.108591 0)
(0.270121 0.126017 0)
(0.181882 0.132831 0)
(0.103602 0.130514 0)
(0.0367905 0.1354 0)
(3 -2.78883e-17 0)
(3 -1.9138e-16 0)
(3 -3.10803e-16 0)
(3 -6.74637e-16 0)
(3 -1.56299e-15 0)
(3 -2.15411e-15 0)
(3 -1.83884e-15 0)
(3 -1.14336e-15 0)
(3 -1.2931e-15 0)
(3 -1.06939e-15 0)
(3 -8.15225e-16 0)
(3 3.33219e-16 0)
(3 5.59027e-16 0)
(3 4.83491e-16 0)
(3 9.77702e-16 0)
(2.29979 0.139289 0)
(0.744722 0.2069 0)
(0.539399 0.144885 0)
(0.47369 0.156998 0)
(0.370882 0.186148 0)
(0.276159 0.213408 0)
(0.183894 0.220174 0)
(0.103338 0.212922 0)
(0.0356272 0.217913 0)
(3 -1.05778e-17 0)
(3 -2.55205e-16 0)
(3 -2.15575e-16 0)
(3 -3.094e-16 0)
(3 -2.89403e-16 0)
(3 -7.02609e-16 0)
(3 -7.81519e-16 0)
(3 -7.84956e-16 0)
(3 -4.52586e-16 0)
(3 2.09245e-16 0)
(3 7.22331e-16 0)
(3 8.26136e-16 0)
(3 3.75931e-16 0)
(3 7.187e-16 0)
(3 9.46335e-16 0)
(2.51994 0.189992 0)
(0.799997 0.293904 0)
(0.569585 0.205538 0)
(0.513816 0.221469 0)
(0.408327 0.267588 0)
(0.30277 0.308436 0)
(0.20157 0.313967 0)
(0.115075 0.299598 0)
(0.0383664 0.302479 0)
(3 1.13199e-16 0)
(3 1.79398e-16 0)
(3 2.89879e-16 0)
(3 1.95509e-16 0)
(3 9.69096e-17 0)
(3 3.13843e-16 0)
(3 9.69267e-17 0)
(3 9.6609e-17 0)
(3 5.13997e-16 0)
(3 8.8355e-16 0)
(3 -2.48777e-16 0)
(3 -6.14128e-16 0)
(3 -6.18601e-16 0)
(3 3.47298e-16 0)
(3 4.34168e-16 0)
(2.84711 0.147165 0)
(0.921101 0.345331 0)
(0.610751 0.254239 0)
(0.560683 0.293646 0)
(0.449954 0.362693 0)
(0.336509 0.412003 0)
(0.235955 0.411631 0)
(0.143073 0.390764 0)
(0.0528352 0.399129 0)
(3 -6.9852e-17 0)
(3 -8.61217e-17 0)
(3 -1.25045e-16 0)
(3 7.01394e-17 0)
(3 2.28642e-16 0)
(3 4.91702e-16 0)
(3 1.03929e-15 0)
(3 8.89884e-16 0)
(3 8.45361e-16 0)
(3 7.83093e-16 0)
(3 -6.6551e-16 0)
(3 -1.81545e-15 0)
(3 -1.30234e-15 0)
(3 -2.08457e-16 0)
(3 -1.67209e-16 0)
(3.01751 0.0165539 0)
(1.11365 0.375844 0)
(0.646721 0.315726 0)
(0.581524 0.383583 0)
(0.471645 0.468438 0)
(0.367016 0.516157 0)
(0.272467 0.519138 0)
(0.173539 0.504543 0)
(0.0571939 0.524352 0)
(3 -1.13086e-16 0)
(3 -2.96608e-16 0)
(3 -5.37491e-16 0)
(3 -9.93137e-17 0)
(3 9.38432e-17 0)
(3 6.87911e-17 0)
(3 2.23798e-16 0)
(3 -3.79308e-17 0)
(3 -3.99595e-16 0)
(3 -1.08872e-15 0)
(3 -9.41059e-16 0)
(3 -5.33741e-16 0)
(3 -5.07439e-16 0)
(3 -6.12538e-16 0)
(3 -4.83335e-17 0)
(3.00053 0.000133312 0)
(1.43889 0.414203 0)
(0.702939 0.39551 0)
(0.595487 0.478963 0)
(0.511264 0.562305 0)
(0.432871 0.604432 0)
(0.35848 0.618927 0)
(0.261003 0.621025 0)
(0.122315 0.680921 0)
(3 1.82948e-16 0)
(3 5.71756e-16 0)
(3 3.90708e-16 0)
(3 2.27067e-16 0)
(3 -2.41327e-18 0)
(3 -5.7972e-16 0)
(3 -1.44926e-15 0)
(3 -1.26034e-15 0)
(3 -1.58218e-15 0)
(3 -1.56346e-15 0)
(3 -1.16711e-15 0)
(3 -3.47561e-16 0)
(3 -5.59094e-16 0)
(3 -3.61095e-16 0)
(3 3.87563e-16 0)
(3 1.11161e-07 0)
(1.96098 0.426271 0)
(0.799231 0.494522 0)
(0.640925 0.578358 0)
(0.588269 0.629293 0)
(0.532045 0.66501 0)
(0.46593 0.711754 0)
(0.325646 0.804101 0)
(0.179438 0.99396 0)
(3 1.39772e-16 0)
(3 -5.12554e-17 0)
(3 1.14743e-16 0)
(3 -2.50746e-16 0)
(3 -3.85412e-16 0)
(3 -7.70354e-16 0)
(3 -8.44801e-16 0)
(3 -7.8209e-16 0)
(3 -1.00375e-15 0)
(3 -1.14062e-15 0)
(3 4.3795e-17 0)
(3 4.81466e-16 0)
(3 3.41342e-16 0)
(3 4.59586e-16 0)
(3 1.6175e-16 0)
(3 5.18927e-12 0)
(2.66746 0.288157 0)
(0.980109 0.580256 0)
(0.739299 0.640899 0)
(0.695412 0.667186 0)
(0.643933 0.71103 0)
(0.594756 0.814657 0)
(0.5715 1.00034 0)
(0.659691 1.30647 0)
(3 -3.04386e-16 0)
(3 -4.43313e-16 0)
(3 -7.80256e-16 0)
(3 -7.55264e-16 0)
(3 -7.98039e-16 0)
(3 -6.02297e-16 0)
(3 2.58583e-17 0)
(3 -8.38657e-17 0)
(3 -1.87577e-16 0)
(3 -6.84258e-16 0)
(3 -2.60212e-17 0)
(3 1.67058e-16 0)
(3 5.34952e-16 0)
(3 5.9471e-16 0)
(3 -1.72566e-16 0)
(3 -6.56409e-16 0)
(3.05909 0.0377371 0)
(1.25279 0.624253 0)
(0.811401 0.726822 0)
(0.767728 0.739615 0)
(0.731001 0.799519 0)
(0.734485 0.910548 0)
(0.817506 1.0722 0)
(1.08228 1.25939 0)
(3 -4.67213e-17 0)
(3 1.5046e-16 0)
(3 1.97677e-16 0)
(3 2.64262e-16 0)
(3 2.33934e-16 0)
(3 2.70545e-16 0)
(3 2.03232e-16 0)
(3 -1.6523e-16 0)
(3 4.66296e-17 0)
(3 1.71695e-17 0)
(3 -3.32146e-16 0)
(3 -2.58914e-16 0)
(3 2.3666e-16 0)
(3 2.53724e-16 0)
(3 -4.49359e-16 0)
(3 -6.28463e-16 0)
(3.00326 0.000285655 0)
(1.82049 0.642324 0)
(0.92786 0.80424 0)
(0.855383 0.798741 0)
(0.84714 0.833597 0)
(0.880293 0.929695 0)
(0.991654 1.04499 0)
(1.27527 1.17695 0)
(3 9.69761e-18 0)
(3 1.48128e-16 0)
(3 3.13944e-16 0)
(3 7.48695e-16 0)
(3 1.02836e-15 0)
(3 7.03353e-16 0)
(3 -6.6801e-17 0)
(3 -9.53926e-16 0)
(3 -7.74628e-16 0)
(3 -4.11889e-16 0)
(3 -7.68604e-16 0)
(3 -6.96865e-16 0)
(3 -6.29554e-16 0)
(3 -4.57114e-16 0)
(3 -2.9538e-16 0)
(3 1.64791e-16 0)
(3.00001 5.16037e-07 0)
(2.85027 0.287186 0)
(1.20933 0.827575 0)
(0.967751 0.852678 0)
(0.974132 0.869713 0)
(1.00485 0.951757 0)
(1.11449 1.04173 0)
(1.37346 1.12426 0)
(3 -1.65248e-16 0)
(3 -4.95255e-16 0)
(3 -6.54498e-16 0)
(3 -6.14256e-16 0)
(3 -2.05974e-16 0)
(3 3.05817e-17 0)
(3 -4.08488e-17 0)
(3 -3.89313e-16 0)
(3 -8.45634e-16 0)
(3 -1.10153e-15 0)
(3 -1.15115e-15 0)
(3 -1.86493e-15 0)
(3 -2.1864e-15 0)
(3 -1.36273e-15 0)
(3 -1.72531e-16 0)
(3 -9.02093e-17 0)
(3 -2.76675e-11 0)
(3.03662 0.014847 0)
(1.69489 0.808022 0)
(1.04726 0.946354 0)
(1.0682 0.941658 0)
(1.10841 0.970462 0)
(1.21616 1.01468 0)
(1.43271 1.05466 0)
(3 2.85717e-16 0)
(3 -2.35982e-16 0)
(3 -5.10726e-16 0)
(3 -6.94795e-16 0)
(3 -5.55601e-16 0)
(3 -3.76515e-16 0)
(3 -6.81852e-16 0)
(3 -1.07939e-16 0)
(3 -5.2866e-16 0)
(3 -7.31976e-16 0)
(3 -4.64326e-16 0)
(3 -7.97598e-16 0)
(3 -3.56975e-16 0)
(3 2.90885e-16 0)
(3 3.89698e-16 0)
(3 1.45018e-16 0)
(3 -9.57473e-15 0)
(3.00046 0.000153015 0)
(2.80331 0.376621 0)
(1.33118 0.946902 0)
(1.14707 0.986066 0)
(1.21461 0.999884 0)
(1.30373 1.02631 0)
(1.47414 1.03897 0)
(3 1.47641e-16 0)
(3 4.42244e-16 0)
(3 2.54827e-16 0)
(3 -2.1105e-16 0)
(3 -3.3817e-16 0)
(3 -6.87613e-16 0)
(3 -1.56561e-16 0)
(3 1.07148e-15 0)
(3 8.20279e-16 0)
(3 7.45967e-16 0)
(3 9.20075e-16 0)
(3 1.03232e-15 0)
(3 1.44078e-15 0)
(3 1.34651e-15 0)
(3 5.89592e-16 0)
(3 3.15138e-16 0)
(3 -1.40966e-14 0)
(3 7.98486e-08 0)
(3.03298 0.0207918 0)
(1.97382 0.836614 0)
(1.25927 1.04512 0)
(1.28784 1.03894 0)
(1.39554 1.02801 0)
(1.52092 1.02743 0)
(3 -1.32015e-16 0)
(3 2.93017e-18 0)
(3 8.12135e-16 0)
(3 3.4833e-16 0)
(3 -3.20962e-16 0)
(3 -1.41651e-16 0)
(3 7.77155e-16 0)
(3 5.68638e-16 0)
(3 1.82315e-15 0)
(3 1.92383e-15 0)
(3 1.25538e-15 0)
(3 1.39392e-15 0)
(3 8.79389e-16 0)
(3 7.86698e-16 0)
(3 5.9384e-16 0)
(3 1.62745e-16 0)
(3 -5.18689e-15 0)
(3 2.71459e-12 0)
(3.00042 0.000319711 0)
(2.94167 0.240034 0)
(1.647 0.975753 0)
(1.36273 1.077 0)
(1.45069 1.06372 0)
(1.56468 1.05441 0)
(3 5.54877e-17 0)
(3 5.61382e-17 0)
(3 2.29048e-16 0)
(3 5.41115e-16 0)
(3 4.28956e-16 0)
(3 4.8402e-16 0)
(3 3.13893e-16 0)
(3 1.8157e-16 0)
(3 3.1121e-16 0)
(3 7.17774e-16 0)
(3 9.6992e-16 0)
(3 1.14463e-15 0)
(3 5.37575e-16 0)
(3 -2.50101e-16 0)
(3 -4.8986e-16 0)
(3 -1.08612e-15 0)
(3 -2.38112e-15 0)
(3 -1.70918e-15 0)
(3 2.68308e-07 0)
(3.00821 0.0111961 0)
(2.53967 0.572063 0)
(1.58276 1.03882 0)
(1.48417 1.09675 0)
(1.60272 1.07316 0)
(3 2.00943e-16 0)
(3 9.37777e-17 0)
(3 1.76595e-16 0)
(3 8.42944e-16 0)
(3 1.03504e-15 0)
(3 5.46282e-16 0)
(3 1.97545e-18 0)
(3 -3.8263e-16 0)
(3 -5.36255e-16 0)
(3 -4.07779e-16 0)
(3 2.33926e-16 0)
(3 2.91472e-16 0)
(3 6.28037e-17 0)
(3 -6.92585e-16 0)
(3 -1.5534e-15 0)
(3 -1.47082e-15 0)
(3 -9.12376e-16 0)
(3 -4.91416e-16 0)
(3 2.2345e-11 0)
(3.00003 7.68043e-05 0)
(3.00515 0.0598355 0)
(2.2008 0.801974 0)
(1.60056 1.09633 0)
(1.62919 1.09319 0)
(3 1.45403e-16 0)
(3 -2.50478e-16 0)
(3 -1.25607e-16 0)
(3 -1.81186e-16 0)
(3 5.41148e-17 0)
(3 5.92054e-17 0)
(3 -1.8676e-17 0)
(3 -5.71357e-16 0)
(3 -6.96378e-16 0)
(3 -1.12791e-15 0)
(3 -1.53614e-15 0)
(3 -3.78648e-16 0)
(3 1.89277e-16 0)
(3 -3.57632e-17 0)
(3 -4.05918e-16 0)
(3 2.34196e-16 0)
(3 7.95901e-16 0)
(3 6.71317e-16 0)
(3 6.90822e-16 0)
(3 3.3434e-08 0)
(3.00041 0.00143298 0)
(2.93033 0.179758 0)
(2.07041 0.896428 0)
(1.70731 1.10702 0)
(3 -3.43915e-16 0)
(3 -5.74e-16 0)
(3 -7.74657e-16 0)
(3 -9.08718e-16 0)
(3 -9.86821e-16 0)
(3 -8.73668e-16 0)
(3 -6.86775e-16 0)
(3 -5.53306e-16 0)
(3 -9.77966e-16 0)
(3 -1.41873e-15 0)
(3 -1.37341e-15 0)
(3 -2.09767e-16 0)
(3 1.62328e-17 0)
(3 2.24281e-17 0)
(3 5.6187e-16 0)
(3 7.32551e-16 0)
(3 6.86699e-16 0)
(3 7.23377e-17 0)
(3 -1.16436e-15 0)
(3 1.87162e-12 0)
(3 2.45152e-06 0)
(3.00053 0.00810769 0)
(2.82283 0.304036 0)
(2.07713 0.924938 0)
(3 -2.08462e-16 0)
(3 -5.40842e-17 0)
(3 -2.20705e-16 0)
(3 -1.49246e-16 0)
(3 -2.48229e-16 0)
(3 -5.50803e-16 0)
(3 -1.59026e-16 0)
(3 2.92358e-16 0)
(3 3.38854e-16 0)
(3 -1.55569e-16 0)
(3 -5.81473e-17 0)
(3 -3.22259e-16 0)
(3 -7.15586e-16 0)
(3 -1.33707e-16 0)
(3 8.44807e-16 0)
(3 2.47186e-16 0)
(3 -4.24635e-16 0)
(3 -5.82294e-16 0)
(3 -5.86536e-16 0)
(3 -2.77817e-16 0)
(3 5.43857e-10 0)
(3 3.449e-05 0)
(2.99724 0.020391 0)
(2.77203 0.358769 0)
(3 6.70891e-17 0)
(3 2.73417e-16 0)
(3 2.7627e-16 0)
(3 2.41149e-16 0)
(3 4.60781e-16 0)
(3 5.8337e-16 0)
(3 8.36421e-16 0)
(3 8.7197e-16 0)
(3 7.23111e-16 0)
(3 1.07262e-15 0)
(3 1.18211e-15 0)
(3 8.22773e-16 0)
(3 1.00674e-15 0)
(3 7.88039e-16 0)
(3 1.25711e-15 0)
(3 3.25893e-16 0)
(3 4.86411e-18 0)
(3 -4.21863e-16 0)
(3 3.46869e-16 0)
(3 7.26852e-16 0)
(3 3.11163e-14 0)
(3 1.70743e-08 0)
(2.99999 0.000156133 0)
(2.9947 0.0272948 0)
(3 -4.71243e-17 0)
(3 -4.61247e-16 0)
(3 -2.47087e-16 0)
(3 -2.34635e-16 0)
(3 -1.37694e-16 0)
(3 -8.02772e-17 0)
(3 -2.20845e-16 0)
(3 -1.11332e-15 0)
(3 -1.34969e-15 0)
(3 -6.53285e-16 0)
(3 -1.63397e-16 0)
(3 3.51819e-16 0)
(3 1.2797e-15 0)
(3 1.1033e-15 0)
(3 7.61413e-16 0)
(3 6.39428e-16 0)
(3 9.96045e-16 0)
(3 7.56836e-16 0)
(3 1.10259e-15 0)
(3 1.5368e-15 0)
(3 6.09491e-16 0)
(3 9.5034e-13 0)
(3 1.35686e-07 0)
(2.99998 0.000262866 0)
(3 -1.53203e-16 0)
(3 -2.68118e-16 0)
(3 -6.35763e-16 0)
(3 -1.03641e-15 0)
(3 -1.02565e-15 0)
(3 -1.01087e-15 0)
(3 -1.15541e-15 0)
(3 -1.84194e-15 0)
(3 -1.77577e-15 0)
(3 -1.73029e-15 0)
(3 -1.04833e-15 0)
(3 -3.96048e-16 0)
(3 -3.57522e-16 0)
(3 8.51841e-17 0)
(3 3.19398e-16 0)
(3 8.24289e-16 0)
(3 8.89918e-16 0)
(3 9.5747e-16 0)
(3 1.0147e-15 0)
(3 1.01778e-15 0)
(3 2.48425e-16 0)
(3 4.09309e-16 0)
(3 1.30531e-11 0)
(3 2.72002e-07 0)
(3 3.8702e-16 0)
(3 3.8618e-16 0)
(3 7.43606e-17 0)
(3 1.10075e-16 0)
(3 7.08532e-16 0)
(3 3.806e-16 0)
(3 -2.34392e-16 0)
(3 -4.19276e-16 0)
(3 -5.70886e-16 0)
(3 -7.41368e-16 0)
(3 -3.95904e-16 0)
(3 -1.35933e-16 0)
(3 -8.6143e-17 0)
(3 3.25291e-16 0)
(3 4.97695e-16 0)
(3 4.12389e-16 0)
(3 8.26937e-16 0)
(3 6.87991e-16 0)
(3 -1.14841e-16 0)
(3 -4.27562e-16 0)
(3 -3.00324e-16 0)
(3 -6.09353e-17 0)
(3 7.2266e-16 0)
(3 2.73039e-11 0)
(3 1.15217e-16 0)
(3 6.63976e-16 0)
(3 1.01551e-15 0)
(3 1.24515e-15 0)
(3 1.426e-15 0)
(3 2.32784e-15 0)
(3 1.98023e-15 0)
(3 1.47005e-15 0)
(3 4.20609e-16 0)
(3 1.23227e-16 0)
(3 -4.05967e-16 0)
(3 -3.60824e-16 0)
(3 -1.71467e-16 0)
(3 -3.0291e-17 0)
(3 9.38077e-16 0)
(3 5.8509e-16 0)
(3 4.93626e-16 0)
(3 5.08958e-16 0)
(3 1.69631e-16 0)
(3 -3.66073e-16 0)
(3 5.14046e-16 0)
(3 9.90229e-16 0)
(3 5.73786e-16 0)
(3 -2.19904e-17 0)
(3 -5.86298e-17 0)
(3 6.00242e-17 0)
(3 7.10801e-16 0)
(3 8.25725e-16 0)
(3 9.07776e-16 0)
(3 1.52612e-15 0)
(3 1.23198e-15 0)
(3 1.00689e-15 0)
(3 2.7215e-16 0)
(3 -6.241e-16 0)
(3 -1.72949e-15 0)
(3 -1.16744e-15 0)
(3 -1.01183e-15 0)
(3 -3.44157e-16 0)
(3 9.46021e-16 0)
(3 5.97643e-16 0)
(3 3.35221e-16 0)
(3 7.11516e-16 0)
(3 1.06593e-15 0)
(3 8.21299e-16 0)
(3 1.21949e-15 0)
(3 7.26299e-16 0)
(3 1.49952e-16 0)
(3 -2.2048e-15 0)
(3 9.77105e-17 0)
(3 -4.46212e-16 0)
(3 -4.9935e-16 0)
(3 -2.88756e-16 0)
(3 -1.82823e-16 0)
(3 -3.71904e-16 0)
(3 -2.2165e-17 0)
(3 1.05368e-16 0)
(3 -1.97729e-16 0)
(3 -7.99772e-16 0)
(3 -7.62394e-16 0)
(3 -3.75212e-16 0)
(3 -3.10547e-16 0)
(3 1.54254e-16 0)
(3 4.07442e-16 0)
(3 3.91397e-16 0)
(3 6.10069e-16 0)
(3 1.70533e-16 0)
(3 5.1654e-17 0)
(3 2.98824e-17 0)
(3 -2.44007e-16 0)
(3 -5.03962e-16 0)
(3 -9.97368e-16 0)
(3 -1.57563e-15 0)
(3 8.53225e-17 0)
(3 -2.7207e-16 0)
(3 -1.07261e-16 0)
(3 -1.47473e-16 0)
(3 -1.96364e-16 0)
(3 -6.31162e-16 0)
(3 -5.25004e-18 0)
(3 2.70696e-16 0)
(3 1.37331e-15 0)
(3 1.32637e-15 0)
(3 1.09647e-15 0)
(3 8.63666e-16 0)
(3 7.47534e-16 0)
(3 5.24048e-16 0)
(3 1.71353e-16 0)
(3 4.65162e-16 0)
(3 3.15063e-16 0)
(3 -1.26851e-16 0)
(3 -1.2528e-16 0)
(3 -2.75224e-16 0)
(3 -4.61385e-16 0)
(3 1.66278e-17 0)
(3 -4.00791e-16 0)
(3 -8.96809e-16 0)
(3 2.02684e-16 0)
(3 5.52863e-16 0)
(3 6.3387e-16 0)
(3 2.2399e-16 0)
(3 -4.40803e-16 0)
(3 -9.43923e-16 0)
(3 -2.82248e-16 0)
(3 4.01455e-16 0)
(3 1.4555e-15 0)
(3 2.1717e-15 0)
(3 1.60273e-15 0)
(3 8.43588e-16 0)
(3 1.06757e-15 0)
(3 4.35762e-16 0)
(3 3.78542e-16 0)
(3 2.38609e-16 0)
(3 -4.26096e-16 0)
(3 -1.45747e-16 0)
(3 -3.00494e-16 0)
(3 -2.55176e-16 0)
(3 -2.88187e-16 0)
(3 -5.77255e-16 0)
(3 -4.71229e-16 0)
(3 1.9575e-16 0)
(3 3.006e-17 0)
(3 1.93985e-16 0)
(3 -3.08133e-16 0)
(3 -3.64892e-16 0)
(3 -7.36735e-16 0)
(3 -8.38956e-16 0)
(3 -7.18106e-16 0)
(3 -1.04985e-17 0)
(3 3.55844e-16 0)
(3 1.65334e-15 0)
(3 2.27657e-15 0)
(3 1.7725e-15 0)
(3 1.70824e-15 0)
(3 5.5667e-16 0)
(3 -5.63218e-16 0)
(3 -7.55741e-16 0)
(3 -2.77269e-16 0)
(3 -3.90163e-16 0)
(3 -1.11003e-15 0)
(3 -1.73616e-15 0)
(3 -1.35081e-15 0)
(3 -8.53624e-16 0)
(3 5.92887e-17 0)
(3 5.33507e-16 0)
(3 -9.45713e-17 0)
(3 -2.8606e-16 0)
(3 -3.56156e-16 0)
(3 1.61348e-16 0)
(3 1.22411e-16 0)
(3 2.19625e-16 0)
(3 1.58348e-16 0)
(3 3.47039e-16 0)
(3 7.71021e-17 0)
(3 1.30071e-15 0)
(3 2.40799e-15 0)
(3 2.7935e-15 0)
(3 1.26625e-15 0)
(3 -8.10154e-16 0)
(3 -1.45541e-15 0)
(3 -1.8564e-15 0)
(3 -1.63576e-15 0)
(3 -1.27939e-15 0)
(3 -7.58821e-16 0)
(3 -9.88825e-16 0)
(3 -1.10885e-15 0)
(3 -1.20148e-15 0)
(3 -1.01705e-15 0)
(3 8.94252e-17 0)
(3 -6.02894e-17 0)
(3 -1.42813e-17 0)
(3 1.32156e-16 0)
(3 -3.17574e-16 0)
(3 -5.00676e-16 0)
(3 -1.80163e-16 0)
(3 -4.9037e-16 0)
(3 -2.84824e-16 0)
(3 -9.13443e-16 0)
(3 -5.60799e-16 0)
(3 2.45827e-17 0)
(3 3.72962e-16 0)
(3 -5.29241e-16 0)
(3 -1.21212e-15 0)
(3 -1.74864e-15 0)
(3 -1.2487e-15 0)
(3 -1.13238e-15 0)
(3 -5.27349e-16 0)
(3 8.33019e-16 0)
(3 9.34484e-16 0)
(3 4.66319e-16 0)
(3 -3.64079e-16 0)
(3 -6.17847e-16 0)
(3 -7.72283e-16 0)
(3 -9.50797e-17 0)
(3 9.06912e-17 0)
(3 -1.49022e-16 0)
(3 -6.58682e-16 0)
(3 -3.96298e-16 0)
(3 -7.40236e-16 0)
(3 -1.99321e-15 0)
(3 -2.26598e-15 0)
(3 -2.0923e-15 0)
(3 -8.71394e-16 0)
(3 -6.51138e-16 0)
(3 -1.63717e-15 0)
(3 -2.15762e-15 0)
(3 -1.29925e-15 0)
(3 -5.54536e-16 0)
(3 7.80112e-17 0)
(3 5.84356e-16 0)
(3 1.88323e-16 0)
(3 -2.28203e-17 0)
(3 1.16841e-16 0)
(3 5.04444e-16 0)
(3 8.83673e-16 0)
(3 -1.75842e-16 0)
(3 -9.92884e-16 0)
(3 -1.42583e-16 0)
(3 -3.18187e-16 0)
(3 -6.96463e-16 0)
(3 -4.23983e-16 0)
(3 -4.71152e-16 0)
(3 -1.06327e-15 0)
(3 8.89481e-18 0)
(3 -1.09597e-18 0)
(3 1.77347e-16 0)
(3 2.12173e-16 0)
(3 -1.34871e-15 0)
(3 -2.18756e-15 0)
(3 -2.60725e-15 0)
(3 -2.1308e-15 0)
(3 -6.64166e-16 0)
(3 -4.55744e-17 0)
(3 1.03587e-15 0)
(3 1.48523e-15 0)
(3 8.37822e-16 0)
(3 3.84499e-16 0)
(3 -2.94125e-16 0)
(3 -3.5674e-16 0)
(3 -1.50035e-15 0)
(3 -1.84874e-15 0)
(3 -4.73121e-17 0)
(3 -3.86962e-16 0)
(3 -6.77906e-17 0)
(3 6.11332e-16 0)
(3 3.36115e-16 0)
(3 3.45972e-16 0)
(3 1.63044e-15 0)
(3 2.34451e-15 0)
(3 2.26692e-15 0)
(3 1.00258e-15 0)
(3 -3.52001e-16 0)
(3 -5.05578e-16 0)
(3 -9.40884e-16 0)
(3 -1.17236e-15 0)
(3 -5.36014e-16 0)
(3 1.89043e-16 0)
(3 8.6651e-16 0)
(3 1.22494e-15 0)
(3 1.23742e-15 0)
(3 -6.97094e-17 0)
(3 -6.45994e-16 0)
(3 -1.95103e-15 0)
(3 -2.20763e-15 0)
(3 -1.92252e-15 0)
(3 1.16615e-16 0)
(3 7.27437e-16 0)
(3 1.22832e-15 0)
(3 1.49633e-15 0)
(3 1.63545e-15 0)
(3 1.61456e-15 0)
(3 1.44723e-15 0)
(3 1.49572e-15 0)
(3 1.14409e-15 0)
(3 1.16139e-15 0)
(3 4.4641e-16 0)
(3 -4.57004e-16 0)
(3 -2.1682e-16 0)
(3 -5.30624e-16 0)
(3 5.73831e-16 0)
(3 1.60518e-15 0)
(3 2.21389e-15 0)
(3 1.86932e-15 0)
(3 5.29685e-16 0)
(3 -8.03828e-16 0)
(3 -9.8014e-16 0)
(3 -1.95953e-15 0)
(3 -1.59366e-15 0)
(3 -1.4996e-15 0)
(3 1.09871e-16 0)
(3 3.56156e-16 0)
(3 4.15031e-16 0)
(3 3.65485e-16 0)
(3 3.52722e-16 0)
(3 2.1263e-17 0)
(3 1.26234e-16 0)
(3 1.04361e-16 0)
(3 1.01793e-16 0)
(3 -2.71402e-16 0)
(3 -1.07547e-15 0)
(3 -8.87563e-16 0)
(3 -4.47274e-16 0)
(3 8.05394e-16 0)
(3 1.0701e-15 0)
(3 8.82675e-16 0)
(3 7.58352e-16 0)
(3 6.00557e-16 0)
(3 2.15338e-16 0)
(3 -1.48113e-17 0)
(3 -2.69268e-16 0)
(3 -7.20674e-16 0)
(3 -6.17094e-16 0)
(3 -5.00593e-16 0)
(3 -9.8879e-18 0)
(3 -1.82629e-16 0)
(3 -3.86755e-16 0)
(3 -1.10658e-16 0)
(3 -2.18871e-16 0)
(3 -5.54943e-16 0)
(3 -3.36148e-16 0)
(3 -3.43357e-16 0)
(3 -4.16386e-17 0)
(3 -2.64966e-16 0)
(3 -6.61016e-16 0)
(3 -9.97668e-17 0)
(3 3.39017e-16 0)
(3 2.00411e-16 0)
(3 4.35808e-16 0)
(3 -1.36894e-16 0)
(3 -1.50053e-15 0)
(3 -1.01961e-15 0)
(3 -2.21932e-16 0)
(3 -1.0502e-16 0)
(3 -9.57127e-16 0)
(3 -1.25076e-15 0)
(3 -1.51404e-15 0)
(3 -8.14588e-16 0)
(3 -6.3968e-17 0)
(3 -2.36737e-16 0)
(3 -3.09928e-16 0)
(3 -1.74e-16 0)
(3 -2.12059e-17 0)
(3 -1.47626e-16 0)
(3 -4.90512e-16 0)
(3 -3.03438e-16 0)
(3 -1.87871e-16 0)
(3 -4.57106e-16 0)
(3 4.17342e-17 0)
(3 4.32236e-16 0)
(3 5.12469e-16 0)
(3 -1.2559e-16 0)
(3 1.3849e-16 0)
(3 2.63686e-16 0)
(3 -4.2051e-17 0)
(3 1.38068e-17 0)
(3 1.73212e-16 0)
(3 7.00984e-16 0)
(3 -4.89996e-17 0)
(3 -3.27175e-16 0)
(3 -2.64957e-16 0)
(3 1.70886e-16 0)
(1.70632 1.43613 0)
(2.21476 1.50595 0)
(2.68229 1.40299 0)
(2.87222 0.798251 0)
(2.90069 0.361265 0)
(2.89334 0.0507777 0)
(2.79494 -0.229214 0)
(2.81811 -0.336816 0)
(2.82833 -0.222436 0)
(2.80727 -0.226452 0)
(2.73746 -0.202341 0)
(2.70108 -0.15324 0)
(2.69863 -0.141728 0)
(2.69726 -0.0933288 0)
(2.65076 -0.0148706 0)
(2.63927 0.00475986 0)
(2.6581 0.0029664 0)
(2.72524 0.00242596 0)
(2.78227 0.00415712 0)
(2.80716 0.00104952 0)
(2.83237 -0.00632346 0)
(2.84076 -0.00826048 0)
(2.82534 -0.00670842 0)
(2.80817 -0.00431386 0)
(2.80096 -0.00343831 0)
(2.78914 -0.00299713 0)
(2.78965 -0.00530963 0)
(2.83176 -0.00815486 0)
(2.89827 -0.0100391 0)
(2.91351 -0.00970053 0)
(2.9026 -0.00919404 0)
(2.87885 -0.00804435 0)
(2.85292 -0.00200227 0)
(2.83408 0.0013537 0)
(2.81466 0.0037809 0)
(2.80673 0.00343021 0)
(2.81326 0.00111886 0)
(2.83326 -0.00218556 0)
(2.8575 -0.00621019 0)
(2.87273 -0.0150439 0)
(2.87617 -0.0233016 0)
(2.87433 -0.0251492 0)
(2.87957 -0.0210289 0)
(2.90764 -0.0147204 0)
(2.94459 -0.0119671 0)
(2.95266 -0.0120738 0)
(2.95375 -0.0120357 0)
(2.95922 -0.00958154 0)
(2.96645 -0.0072849 0)
(2.97171 -0.00495459 0)
(2.97842 -0.00299321 0)
(2.99304 -0.00132698 0)
(3.01575 -0.000515565 0)
(3.03378 -0.00036748 0)
(3.03759 -0.000104599 0)
(3.0377 3.76292e-05 0)
(3.03739 0.000299976 0)
(3.03618 0.00044332 0)
(3.03374 0.000476426 0)
(3.02906 0.000458807 0)
(3.02 0.000353078 0)
(3.00735 0.000133594 0)
(3.00071 1.23569e-05 0)
(3.00001 1.03488e-07 0)
(3 -1.37007e-08 0)
(3 -1.35193e-08 0)
(3 -1.30928e-08 0)
(3 -1.07487e-08 0)
(3 -5.19212e-09 0)
(3 -9.49156e-10 0)
(3 -2.97644e-11 0)
(3 4.00551e-13 0)
(3 4.07365e-13 0)
(3 3.57449e-13 0)
(3 1.9648e-13 0)
(3 4.29277e-14 0)
(3 1.64091e-15 0)
(3 -1.22064e-15 0)
(3 -1.3491e-15 0)
(3 -1.75696e-15 0)
(3 -1.8959e-15 0)
(3 -9.61258e-16 0)
(3 -8.53889e-16 0)
(3 -1.1213e-15 0)
(3 -9.62994e-16 0)
(3 -4.11413e-16 0)
(3 -5.75591e-16 0)
(3 -7.02605e-16 0)
(3 -1.04396e-15 0)
(3 -1.61823e-15 0)
(3 -1.69356e-15 0)
(3 -1.12884e-15 0)
(3 -8.60809e-16 0)
(3 -8.52533e-16 0)
(3 -3.91907e-16 0)
(3 -1.64767e-16 0)
(1.99815 1.20925 0)
(2.56844 0.946135 0)
(2.84442 0.402535 0)
(2.99765 0.032724 0)
(3.09261 -0.188474 0)
(3.01454 -0.48728 0)
(2.98681 -0.656684 0)
(3.01325 -0.645503 0)
(2.98782 -0.466017 0)
(2.96686 -0.301756 0)
(2.91399 -0.17318 0)
(2.868 -0.100239 0)
(2.75931 -0.0911898 0)
(2.70958 -0.0650573 0)
(2.68844 -0.0126321 0)
(2.69773 -0.00250779 0)
(2.73422 0.0154458 0)
(2.78235 0.0509137 0)
(2.80153 0.0612028 0)
(2.82937 0.0548328 0)
(2.85322 0.0241886 0)
(2.85987 -0.00755249 0)
(2.85268 -0.0254699 0)
(2.84697 -0.0345686 0)
(2.83789 -0.0371895 0)
(2.8304 -0.0365006 0)
(2.83846 -0.0314914 0)
(2.87739 -0.01812 0)
(2.92659 0.00422412 0)
(2.93003 0.0116858 0)
(2.91652 0.0126639 0)
(2.89178 0.00847487 0)
(2.87288 0.00675797 0)
(2.85039 0.0153715 0)
(2.83983 0.0265692 0)
(2.83793 0.0309642 0)
(2.84316 0.0290601 0)
(2.85455 0.0237732 0)
(2.86781 0.0153445 0)
(2.87502 0.00209507 0)
(2.87608 -0.0163258 0)
(2.87846 -0.032958 0)
(2.8903 -0.0372545 0)
(2.91991 -0.0277672 0)
(2.94593 -0.0195176 0)
(2.95108 -0.0183404 0)
(2.95198 -0.0181826 0)
(2.95625 -0.0173429 0)
(2.96116 -0.0161839 0)
(2.96624 -0.0133605 0)
(2.97523 -0.00996962 0)
(2.99005 -0.00585052 0)
(3.01212 -0.00276529 0)
(3.03275 -0.00155466 0)
(3.03855 -0.000985575 0)
(3.03883 -0.000768443 0)
(3.03882 -4.48523e-05 0)
(3.03789 0.000935481 0)
(3.03554 0.00170576 0)
(3.03044 0.00210272 0)
(3.02014 0.00171479 0)
(3.00669 0.00065233 0)
(3.00054 5.43314e-05 0)
(3 3.88749e-07 0)
(3 -3.36612e-08 0)
(3 -3.31818e-08 0)
(3 -3.1758e-08 0)
(3 -2.76414e-08 0)
(3 -1.60562e-08 0)
(3 -3.2448e-09 0)
(3 -9.8597e-11 0)
(3 1.11353e-12 0)
(3 1.27394e-12 0)
(3 1.13202e-12 0)
(3 6.95776e-13 0)
(3 1.58195e-13 0)
(3 4.2838e-15 0)
(3 -1.81426e-15 0)
(3 -1.37222e-15 0)
(3 -1.01552e-15 0)
(3 -1.43878e-15 0)
(3 -1.18663e-15 0)
(3 -1.59963e-15 0)
(3 -2.03385e-15 0)
(3 -1.07216e-15 0)
(3 -1.15937e-16 0)
(3 -7.03137e-17 0)
(3 -9.01232e-17 0)
(3 -7.39462e-16 0)
(3 -2.16479e-15 0)
(3 -2.41195e-15 0)
(3 -2.52199e-15 0)
(3 -2.24563e-15 0)
(3 -2.50702e-15 0)
(3 -2.70087e-15 0)
(3 -2.00916e-15 0)
(1.86191 1.15427 0)
(2.22725 1.08626 0)
(2.56856 0.761182 0)
(2.84064 0.285482 0)
(2.95661 0.191753 0)
(2.97085 0.120187 0)
(2.99753 -0.147001 0)
(3.02502 -0.203182 0)
(3.08031 -0.213834 0)
(3.06696 -0.248838 0)
(3.04742 -0.274442 0)
(3.01665 -0.311296 0)
(2.96902 -0.287887 0)
(2.86267 -0.149207 0)
(2.83211 -0.0447215 0)
(2.84215 -0.0160916 0)
(2.87413 0.0320687 0)
(2.88324 0.0479559 0)
(2.88896 0.0467523 0)
(2.89119 0.032745 0)
(2.90963 -0.00701574 0)
(2.91832 -0.0378567 0)
(2.92489 -0.0455424 0)
(2.9267 -0.0485219 0)
(2.92118 -0.0555765 0)
(2.91688 -0.0699053 0)
(2.93034 -0.067824 0)
(2.96149 -0.0430039 0)
(2.97855 -0.0141347 0)
(2.96748 -0.0028397 0)
(2.94866 0.00614675 0)
(2.92751 0.0128116 0)
(2.90449 0.011015 0)
(2.8847 0.00170981 0)
(2.88344 -0.00832661 0)
(2.89503 -0.0130339 0)
(2.91042 -0.0126015 0)
(2.9217 -0.00634518 0)
(2.92306 -0.00237705 0)
(2.91456 -0.0144847 0)
(2.9048 -0.0403798 0)
(2.90565 -0.0624743 0)
(2.92408 -0.0605311 0)
(2.95137 -0.039657 0)
(2.96097 -0.02994 0)
(2.96032 -0.0293531 0)
(2.9599 -0.0281613 0)
(2.96335 -0.0263621 0)
(2.96666 -0.0254221 0)
(2.97067 -0.023815 0)
(2.98088 -0.0197186 0)
(2.99679 -0.0131947 0)
(3.01813 -0.00697937 0)
(3.03559 -0.00254571 0)
(3.04003 -0.000522602 0)
(3.04 0.000177301 0)
(3.03956 0.00102165 0)
(3.03814 0.00236888 0)
(3.03536 0.00375942 0)
(3.02981 0.00415924 0)
(3.01848 0.00303608 0)
(3.00512 0.000886872 0)
(3.00029 4.90575e-05 0)
(3 1.57152e-07 0)
(3 -5.60949e-08 0)
(3 -5.50036e-08 0)
(3 -5.20153e-08 0)
(3 -4.31177e-08 0)
(3 -2.1572e-08 0)
(3 -3.3123e-09 0)
(3 -6.30425e-11 0)
(3 2.187e-12 0)
(3 2.16833e-12 0)
(3 1.87969e-12 0)
(3 1.02011e-12 0)
(3 1.70977e-13 0)
(3 2.72242e-15 0)
(3 9.24662e-16 0)
(3 1.61671e-15 0)
(3 1.34105e-15 0)
(3 1.19166e-15 0)
(3 -4.9953e-18 0)
(3 -1.85771e-15 0)
(3 -2.01536e-15 0)
(3 -1.64005e-15 0)
(3 -6.31349e-16 0)
(3 -1.06214e-16 0)
(3 -2.42455e-16 0)
(3 -8.10628e-18 0)
(3 -3.68801e-16 0)
(3 -1.17624e-15 0)
(3 -1.86301e-15 0)
(3 -1.63722e-15 0)
(3 -1.21317e-15 0)
(3 -2.23e-15 0)
(3 -2.98395e-15 0)
(1.75825 1.11505 0)
(2.09034 1.00956 0)
(2.39259 0.782586 0)
(2.57747 0.589921 0)
(2.70556 0.507348 0)
(2.87124 0.307411 0)
(2.97294 -0.012596 0)
(2.99662 -0.159754 0)
(3.05547 -0.159258 0)
(3.09081 -0.217927 0)
(3.06861 -0.358658 0)
(3.07394 -0.395034 0)
(3.07894 -0.360576 0)
(3.03748 -0.266761 0)
(2.99023 -0.142139 0)
(2.98298 -0.100597 0)
(2.99517 -0.0605013 0)
(2.98215 -0.00786321 0)
(2.97692 0.0155355 0)
(2.97811 0.0128942 0)
(2.99162 -0.000320526 0)
(3.00242 -0.00172331 0)
(3.00692 0.00525421 0)
(3.01157 0.0245237 0)
(3.01286 0.029766 0)
(3.01178 0.0180221 0)
(3.02526 0.00250857 0)
(3.03707 -0.00476943 0)
(3.02523 -0.00679542 0)
(3.00513 -0.0116415 0)
(2.98261 -0.02088 0)
(2.96292 -0.0233303 0)
(2.94101 -0.030197 0)
(2.93464 -0.0370024 0)
(2.94513 -0.0332657 0)
(2.96355 -0.019684 0)
(2.98036 -0.0136361 0)
(2.98778 -0.0189894 0)
(2.98236 -0.0325354 0)
(2.96737 -0.0566694 0)
(2.9548 -0.0800552 0)
(2.95662 -0.0793519 0)
(2.97683 -0.0539285 0)
(2.98612 -0.0382732 0)
(2.9785 -0.0373556 0)
(2.97451 -0.037789 0)
(2.96989 -0.0377961 0)
(2.97287 -0.0360114 0)
(2.9755 -0.0333408 0)
(2.98062 -0.0285408 0)
(2.99083 -0.0220385 0)
(3.00586 -0.0160833 0)
(3.02451 -0.0101745 0)
(3.03895 -0.00391225 0)
(3.04184 -0.000276317 0)
(3.0412 0.00115133 0)
(3.04039 0.00252013 0)
(3.03875 0.00390044 0)
(3.03564 0.00526429 0)
(3.02895 0.00546133 0)
(3.01574 0.00338943 0)
(3.00316 0.000703579 0)
(3.0001 2.14434e-05 0)
(3 -3.89671e-08 0)
(3 -7.94069e-08 0)
(3 -7.90254e-08 0)
(3 -7.53732e-08 0)
(3 -5.79576e-08 0)
(3 -2.25899e-08 0)
(3 -2.1135e-09 0)
(3 -1.6028e-11 0)
(3 3.06435e-12 0)
(3 2.91394e-12 0)
(3 2.33317e-12 0)
(3 9.84956e-13 0)
(3 9.6307e-14 0)
(3 -1.64238e-16 0)
(3 -8.33675e-16 0)
(3 -5.49891e-16 0)
(3 2.75718e-16 0)
(3 1.42079e-15 0)
(3 1.16702e-15 0)
(3 5.91461e-16 0)
(3 3.13025e-17 0)
(3 -7.07312e-16 0)
(3 -1.11607e-15 0)
(3 -7.0027e-17 0)
(3 6.10525e-16 0)
(3 7.15415e-16 0)
(3 5.60307e-16 0)
(3 -2.30027e-17 0)
(3 -4.27453e-16 0)
(3 -3.77463e-16 0)
(3 -6.58753e-16 0)
(3 -2.45634e-15 0)
(3 -2.27935e-15 0)
(1.71514 1.04733 0)
(1.96853 1.00081 0)
(2.21692 0.866121 0)
(2.4391 0.667138 0)
(2.58612 0.579844 0)
(2.69381 0.517472 0)
(2.81917 0.304795 0)
(2.88888 0.101358 0)
(2.95439 0.0653784 0)
(2.97228 0.0453145 0)
(3.00979 -0.104833 0)
(3.02582 -0.18019 0)
(3.07957 -0.174826 0)
(3.08712 -0.153395 0)
(3.07229 -0.154781 0)
(3.05695 -0.160655 0)
(3.04907 -0.160019 0)
(3.0416 -0.112414 0)
(3.04746 -0.067473 0)
(3.05888 -0.0504062 0)
(3.06559 -0.046423 0)
(3.07075 -0.0442414 0)
(3.06773 -0.0242149 0)
(3.06713 0.0155042 0)
(3.07459 0.0433638 0)
(3.08054 0.0349234 0)
(3.07103 0.00896379 0)
(3.06426 0.00437412 0)
(3.05205 -0.000843995 0)
(3.0271 -0.00618512 0)
(3.01393 -0.0069597 0)
(2.99431 -0.00939048 0)
(2.98339 -0.0219852 0)
(2.99146 -0.0420961 0)
(3.01238 -0.0424569 0)
(3.02926 -0.0246573 0)
(3.03363 -0.0187375 0)
(3.02745 -0.0186523 0)
(3.01702 -0.0245203 0)
(3.00676 -0.0442203 0)
(3.00382 -0.0596471 0)
(3.01437 -0.0473378 0)
(3.01631 -0.0342496 0)
(3.00184 -0.0356456 0)
(2.99423 -0.0389273 0)
(2.98247 -0.0422235 0)
(2.98141 -0.0432359 0)
(2.98229 -0.0425443 0)
(2.98534 -0.039465 0)
(2.99106 -0.0332454 0)
(2.99964 -0.0262407 0)
(3.01248 -0.01906 0)
(3.02954 -0.0108311 0)
(3.04268 -0.0026396 0)
(3.04455 0.00148523 0)
(3.0437 0.00311584 0)
(3.04263 0.00482786 0)
(3.04027 0.00663399 0)
(3.03604 0.00798089 0)
(3.02691 0.00718099 0)
(3.0115 0.00330125 0)
(3.0014 0.000388832 0)
(3.00002 4.83601e-06 0)
(3 -1.11258e-07 0)
(3 -1.12651e-07 0)
(3 -1.10647e-07 0)
(3 -1.0129e-07 0)
(3 -6.44639e-08 0)
(3 -1.59068e-08 0)
(3 -6.64632e-10 0)
(3 2.35889e-12 0)
(3 4.10704e-12 0)
(3 3.82818e-12 0)
(3 2.55713e-12 0)
(3 6.83112e-13 0)
(3 3.0872e-14 0)
(3 4.63225e-16 0)
(3 -3.62387e-16 0)
(3 -1.62637e-16 0)
(3 8.03849e-16 0)
(3 7.50537e-16 0)
(3 1.1418e-15 0)
(3 1.51147e-15 0)
(3 1.5401e-15 0)
(3 1.45738e-15 0)
(3 1.25229e-15 0)
(3 1.15118e-15 0)
(3 1.7199e-15 0)
(3 5.90088e-16 0)
(3 5.86269e-16 0)
(3 6.19674e-16 0)
(3 1.79639e-16 0)
(3 -1.10745e-15 0)
(3 -2.13171e-15 0)
(3 -1.53539e-15 0)
(3 -9.81665e-16 0)
(1.6872 1.02909 0)
(1.91395 0.97376 0)
(2.13068 0.86486 0)
(2.27623 0.781303 0)
(2.41952 0.728985 0)
(2.6038 0.599862 0)
(2.74254 0.390557 0)
(2.78501 0.274274 0)
(2.82922 0.279508 0)
(2.87357 0.228194 0)
(2.96944 0.0428884 0)
(2.99314 -0.107825 0)
(3.0424 -0.120924 0)
(3.09695 -0.146378 0)
(3.09956 -0.169385 0)
(3.08497 -0.220149 0)
(3.09634 -0.217576 0)
(3.09867 -0.184832 0)
(3.10254 -0.141673 0)
(3.0955 -0.100619 0)
(3.08823 -0.0827754 0)
(3.08393 -0.0776168 0)
(3.08292 -0.0667476 0)
(3.08476 -0.0335582 0)
(3.08847 -0.00824048 0)
(3.09549 -0.0121025 0)
(3.08624 -0.026241 0)
(3.06895 -0.0299779 0)
(3.06237 -0.0288343 0)
(3.04849 -0.0165819 0)
(3.03943 -0.00985574 0)
(3.02834 -0.00501803 0)
(3.03182 -0.0053113 0)
(3.05003 -0.0125116 0)
(3.06607 -0.0103016 0)
(3.06683 0.00400612 0)
(3.05699 0.00886127 0)
(3.04344 0.00734189 0)
(3.03315 0.00661311 0)
(3.03649 0.00227895 0)
(3.05346 -0.0104534 0)
(3.04542 -0.0244325 0)
(3.02432 -0.0304191 0)
(3.01174 -0.0382202 0)
(2.9956 -0.0442699 0)
(2.9901 -0.0485217 0)
(2.99008 -0.0486623 0)
(2.99036 -0.0479906 0)
(2.9932 -0.0457228 0)
(3.00052 -0.0397824 0)
(3.00949 -0.0308315 0)
(3.02053 -0.0221502 0)
(3.03563 -0.0123739 0)
(3.04793 -0.00255045 0)
(3.04906 0.0024189 0)
(3.04776 0.0046258 0)
(3.04613 0.00683509 0)
(3.04265 0.00900264 0)
(3.03609 0.0100131 0)
(3.02295 0.00745354 0)
(3.00649 0.0021761 0)
(3.00037 0.000112555 0)
(3 2.69709e-07 0)
(3 -1.46868e-07 0)
(3 -1.42076e-07 0)
(3 -1.32801e-07 0)
(3 -1.04779e-07 0)
(3 -4.52659e-08 0)
(3 -5.0859e-09 0)
(3 -5.51689e-11 0)
(3 5.07379e-12 0)
(3 4.837e-12 0)
(3 3.98702e-12 0)
(3 1.88425e-12 0)
(3 2.38168e-13 0)
(3 2.73516e-15 0)
(3 -7.67969e-17 0)
(3 2.75555e-16 0)
(3 7.84896e-16 0)
(3 1.48734e-15 0)
(3 1.19355e-15 0)
(3 3.44922e-16 0)
(3 7.65388e-16 0)
(3 2.40806e-15 0)
(3 2.86123e-15 0)
(3 3.25001e-15 0)
(3 2.55599e-15 0)
(3 1.13795e-15 0)
(3 3.7244e-16 0)
(3 7.46595e-18 0)
(3 2.9269e-16 0)
(3 6.86709e-17 0)
(3 -4.59512e-16 0)
(3 -1.48725e-15 0)
(3 -1.39025e-15 0)
(3 -2.72942e-16 0)
(1.69516 1.00313 0)
(1.86857 0.975089 0)
(2.00761 0.945741 0)
(2.19295 0.835629 0)
(2.36946 0.708112 0)
(2.48479 0.683616 0)
(2.56692 0.609457 0)
(2.67866 0.432765 0)
(2.76135 0.335298 0)
(2.80919 0.322687 0)
(2.87688 0.21682 0)
(2.91677 0.0944049 0)
(2.96128 0.0752484 0)
(3.00366 0.059864 0)
(3.06221 -0.0238312 0)
(3.06894 -0.0992773 0)
(3.08585 -0.124981 0)
(3.10532 -0.106221 0)
(3.09951 -0.102411 0)
(3.07874 -0.112759 0)
(3.07561 -0.113203 0)
(3.08268 -0.107159 0)
(3.08595 -0.0995791 0)
(3.08705 -0.0837872 0)
(3.08947 -0.0648014 0)
(3.09498 -0.0650307 0)
(3.09642 -0.0764613 0)
(3.09153 -0.0756336 0)
(3.07623 -0.0583403 0)
(3.0693 -0.0235836 0)
(3.06978 -0.000821327 0)
(3.07663 0.00407525 0)
(3.09306 -0.00554284 0)
(3.10426 -0.0144363 0)
(3.09717 -0.00724323 0)
(3.07644 0.0166339 0)
(3.06011 0.040267 0)
(3.05278 0.0512 0)
(3.05413 0.0465882 0)
(3.06743 0.0231346 0)
(3.06195 -0.0067216 0)
(3.03946 -0.0216449 0)
(3.02504 -0.0317605 0)
(3.00882 -0.0392695 0)
(2.99614 -0.0484926 0)
(2.99519 -0.0516316 0)
(2.99524 -0.0515622 0)
(2.99615 -0.0507632 0)
(3.00009 -0.0479851 0)
(3.00968 -0.0411453 0)
(3.02151 -0.031295 0)
(3.03271 -0.0209228 0)
(3.04564 -0.00788696 0)
(3.05434 0.00368763 0)
(3.05356 0.00805239 0)
(3.05172 0.010032 0)
(3.04935 0.0120804 0)
(3.04424 0.0137423 0)
(3.03421 0.0127821 0)
(3.01626 0.00649767 0)
(3.00239 0.000899844 0)
(3.00004 1.41207e-05 0)
(3 -1.83073e-07 0)
(3 -1.88583e-07 0)
(3 -1.80605e-07 0)
(3 -1.55539e-07 0)
(3 -9.0953e-08 0)
(3 -1.95663e-08 0)
(3 -6.48057e-10 0)
(3 5.0362e-12 0)
(3 6.04901e-12 0)
(3 5.44333e-12 0)
(3 3.45441e-12 0)
(3 8.61821e-13 0)
(3 3.32123e-14 0)
(3 -1.23595e-15 0)
(3 -8.3157e-16 0)
(3 6.78374e-16 0)
(3 1.63178e-15 0)
(3 2.28339e-15 0)
(3 3.26865e-15 0)
(3 3.4144e-15 0)
(3 3.77489e-15 0)
(3 4.66619e-15 0)
(3 4.38989e-15 0)
(3 4.39053e-15 0)
(3 2.59103e-15 0)
(3 2.34189e-15 0)
(3 1.75854e-15 0)
(3 -7.83912e-17 0)
(3 -5.92777e-16 0)
(3 -1.22841e-15 0)
(3 -1.02841e-15 0)
(3 -3.56094e-16 0)
(3 -3.54295e-16 0)
(3 9.47161e-17 0)
(1.7059 1.02597 0)
(1.85013 0.987048 0)
(1.98693 0.939946 0)
(2.13226 0.867626 0)
(2.25331 0.813407 0)
(2.38111 0.764078 0)
(2.52491 0.639384 0)
(2.59369 0.531883 0)
(2.63537 0.5149 0)
(2.70974 0.458337 0)
(2.82608 0.297232 0)
(2.86444 0.183516 0)
(2.90269 0.180722 0)
(2.92728 0.189574 0)
(2.9973 0.105707 0)
(3.04555 -0.0179002 0)
(3.06979 -0.0824967 0)
(3.10064 -0.0763768 0)
(3.09531 -0.0956507 0)
(3.07011 -0.130631 0)
(3.0472 -0.141112 0)
(3.07798 -0.142517 0)
(3.08712 -0.141816 0)
(3.09904 -0.134893 0)
(3.10646 -0.10791 0)
(3.10329 -0.100128 0)
(3.0987 -0.10508 0)
(3.09302 -0.104072 0)
(3.08461 -0.0888802 0)
(3.0811 -0.0689932 0)
(3.08879 -0.0517801 0)
(3.10902 -0.0494498 0)
(3.12713 -0.0656173 0)
(3.1281 -0.0720158 0)
(3.10857 -0.0636057 0)
(3.08232 -0.0396328 0)
(3.06668 -0.00399806 0)
(3.06471 0.0107941 0)
(3.06863 0.00662243 0)
(3.06846 -0.0105163 0)
(3.05442 -0.0356022 0)
(3.04306 -0.0526444 0)
(3.02985 -0.0629188 0)
(3.01167 -0.070045 0)
(3.00192 -0.0727225 0)
(2.9995 -0.0705784 0)
(2.9986 -0.0667976 0)
(3.00121 -0.0610249 0)
(3.00719 -0.0524585 0)
(3.01668 -0.0454408 0)
(3.02968 -0.038079 0)
(3.0449 -0.0243157 0)
(3.05951 -0.00532101 0)
(3.06268 0.00721615 0)
(3.06019 0.0113939 0)
(3.05759 0.0147799 0)
(3.05289 0.0177835 0)
(3.04414 0.0186811 0)
(3.02776 0.0132867 0)
(3.00764 0.00358466 0)
(3.0004 0.00016291 0)
(3 2.7965e-07 0)
(3 -2.16338e-07 0)
(3 -2.07108e-07 0)
(3 -1.84906e-07 0)
(3 -1.30505e-07 0)
(3 -4.42914e-08 0)
(3 -3.25366e-09 0)
(3 -1.31549e-11 0)
(3 6.7491e-12 0)
(3 6.33032e-12 0)
(3 4.76182e-12 0)
(3 1.83318e-12 0)
(3 1.64291e-13 0)
(3 1.05784e-15 0)
(3 -5.90061e-16 0)
(3 -3.04376e-16 0)
(3 4.90062e-16 0)
(3 1.50827e-15 0)
(3 1.73361e-15 0)
(3 3.27836e-15 0)
(3 4.32084e-15 0)
(3 3.94019e-15 0)
(3 4.01587e-15 0)
(3 5.12027e-15 0)
(3 5.04722e-15 0)
(3 3.14441e-15 0)
(3 2.98763e-15 0)
(3 3.98062e-15 0)
(3 1.32821e-15 0)
(3 -1.23165e-15 0)
(3 -1.64284e-15 0)
(3 -1.4774e-15 0)
(3 1.37758e-15 0)
(3 2.73143e-15 0)
(3 2.12308e-15 0)
(1.72912 1.03994 0)
(1.84105 1.01661 0)
(1.95663 0.989464 0)
(2.08731 0.925636 0)
(2.22154 0.826384 0)
(2.32789 0.777654 0)
(2.40531 0.768794 0)
(2.51278 0.658982 0)
(2.60491 0.533883 0)
(2.6587 0.509478 0)
(2.72298 0.446527 0)
(2.78994 0.334313 0)
(2.83389 0.311068 0)
(2.87185 0.282473 0)
(2.95484 0.176589 0)
(2.98432 0.0887729 0)
(3.01402 0.0691992 0)
(3.04645 0.0760281 0)
(3.03172 0.064282 0)
(3.02534 -0.0132063 0)
(3.01528 -0.0473791 0)
(3.04387 -0.0628849 0)
(3.07153 -0.0663097 0)
(3.0875 -0.0722734 0)
(3.09688 -0.0795355 0)
(3.09042 -0.0923866 0)
(3.09041 -0.107758 0)
(3.09652 -0.121516 0)
(3.10194 -0.115456 0)
(3.11162 -0.0862522 0)
(3.12598 -0.0736417 0)
(3.14075 -0.0877588 0)
(3.15404 -0.110649 0)
(3.15517 -0.12036 0)
(3.13906 -0.110718 0)
(3.11191 -0.0922304 0)
(3.08916 -0.0634635 0)
(3.08169 -0.0492701 0)
(3.08165 -0.0494935 0)
(3.06569 -0.0514269 0)
(3.05475 -0.0586433 0)
(3.0428 -0.074237 0)
(3.02638 -0.0828655 0)
(3.01319 -0.0860534 0)
(3.00656 -0.0853932 0)
(3.00058 -0.0829396 0)
(3.00213 -0.0774103 0)
(3.01097 -0.0665024 0)
(3.02267 -0.0508052 0)
(3.03103 -0.0357756 0)
(3.03935 -0.0232423 0)
(3.05525 -0.00744485 0)
(3.07044 0.00958208 0)
(3.06989 0.0172942 0)
(3.06653 0.0204901 0)
(3.0627 0.023764 0)
(3.0548 0.0256328 0)
(3.03959 0.0216211 0)
(3.01582 0.00880826 0)
(3.00163 0.000811226 0)
(3.00002 6.73433e-06 0)
(3 -2.43239e-07 0)
(3 -2.38928e-07 0)
(3 -2.19244e-07 0)
(3 -1.67821e-07 0)
(3 -7.29609e-08 0)
(3 -8.82547e-09 0)
(3 -1.12284e-10 0)
(3 7.11425e-12 0)
(3 6.90703e-12 0)
(3 5.63141e-12 0)
(3 2.76853e-12 0)
(3 4.11339e-13 0)
(3 6.87071e-15 0)
(3 -6.55251e-16 0)
(3 -3.24797e-16 0)
(3 -5.95773e-16 0)
(3 3.48578e-16 0)
(3 1.49595e-15 0)
(3 2.12027e-15 0)
(3 2.4326e-15 0)
(3 2.62721e-15 0)
(3 9.13249e-16 0)
(3 1.92756e-15 0)
(3 3.98407e-15 0)
(3 4.23588e-15 0)
(3 4.07108e-15 0)
(3 3.3447e-15 0)
(3 3.24728e-15 0)
(3 9.24291e-16 0)
(3 -1.19972e-15 0)
(3 -7.84231e-16 0)
(3 -6.53245e-16 0)
(3 1.08717e-15 0)
(3 1.52787e-15 0)
(3 2.00847e-15 0)
(1.7351 1.06759 0)
(1.85924 1.02152 0)
(1.96486 0.986907 0)
(2.04294 0.979295 0)
(2.14728 0.924187 0)
(2.27672 0.840542 0)
(2.38743 0.750699 0)
(2.46628 0.685976 0)
(2.50275 0.678138 0)
(2.57753 0.620769 0)
(2.68518 0.488288 0)
(2.73047 0.408512 0)
(2.7671 0.423729 0)
(2.80222 0.413071 0)
(2.89238 0.314209 0)
(2.9346 0.191754 0)
(2.96461 0.147472 0)
(3.00684 0.134733 0)
(3.00663 0.106902 0)
(3.00254 0.0381037 0)
(3.00347 0.00483963 0)
(3.02078 -0.0105337 0)
(3.07572 -0.0277132 0)
(3.09302 -0.0468952 0)
(3.08897 -0.079666 0)
(3.08422 -0.110516 0)
(3.09188 -0.136199 0)
(3.10697 -0.154323 0)
(3.12337 -0.15807 0)
(3.13856 -0.131226 0)
(3.15564 -0.108351 0)
(3.15728 -0.129092 0)
(3.15883 -0.154834 0)
(3.15859 -0.157137 0)
(3.15097 -0.146078 0)
(3.13408 -0.132517 0)
(3.11045 -0.11408 0)
(3.09391 -0.0963633 0)
(3.08383 -0.0998922 0)
(3.06845 -0.1165 0)
(3.05696 -0.12616 0)
(3.04356 -0.129368 0)
(3.02955 -0.122906 0)
(3.01833 -0.111262 0)
(3.011 -0.0984629 0)
(3.00815 -0.0864722 0)
(3.01069 -0.0759666 0)
(3.01914 -0.0679667 0)
(3.03123 -0.0634367 0)
(3.04464 -0.0531166 0)
(3.06028 -0.0298879 0)
(3.07861 0.00151881 0)
(3.08328 0.0222148 0)
(3.0787 0.0282666 0)
(3.07426 0.0324678 0)
(3.06671 0.0354449 0)
(3.0515 0.0322268 0)
(3.02511 0.0165786 0)
(3.0039 0.00235943 0)
(3.00008 3.89652e-05 0)
(3 -2.42103e-07 0)
(3 -2.64766e-07 0)
(3 -2.45311e-07 0)
(3 -1.93258e-07 0)
(3 -9.69041e-08 0)
(3 -1.61554e-08 0)
(3 -3.60794e-10 0)
(3 6.93402e-12 0)
(3 7.11925e-12 0)
(3 6.08778e-12 0)
(3 3.40617e-12 0)
(3 6.87522e-13 0)
(3 1.72745e-14 0)
(3 -2.60312e-15 0)
(3 -1.6975e-15 0)
(3 4.55402e-16 0)
(3 1.37698e-15 0)
(3 2.07723e-15 0)
(3 2.16571e-15 0)
(3 2.14491e-15 0)
(3 1.98336e-15 0)
(3 7.6873e-16 0)
(3 3.2455e-16 0)
(3 1.54681e-15 0)
(3 2.37726e-15 0)
(3 2.06955e-15 0)
(3 2.47662e-15 0)
(3 2.64267e-15 0)
(3 1.95971e-15 0)
(3 1.58628e-15 0)
(3 6.00667e-16 0)
(3 8.26971e-17 0)
(3 -2.91782e-16 0)
(3 -5.16908e-16 0)
(3 -5.85726e-16 0)
(3 4.51823e-16 0)
(1.73763 1.10388 0)
(1.84385 1.06682 0)
(1.95541 1.0255 0)
(2.04419 0.985898 0)
(2.14758 0.920713 0)
(2.22552 0.893493 0)
(2.29803 0.858506 0)
(2.40356 0.767894 0)
(2.48003 0.690517 0)
(2.53218 0.68259 0)
(2.59299 0.623705 0)
(2.67257 0.51771 0)
(2.72204 0.483328 0)
(2.77043 0.463824 0)
(2.84793 0.378031 0)
(2.88067 0.287717 0)
(2.90572 0.264196 0)
(2.93896 0.260615 0)
(2.95741 0.201943 0)
(2.96971 0.142006 0)
(2.98229 0.0885783 0)
(3.00521 0.0770588 0)
(3.05426 0.0701284 0)
(3.08171 0.0453831 0)
(3.07549 0.0207981 0)
(3.07222 -0.00254355 0)
(3.08057 -0.0270505 0)
(3.10159 -0.0579193 0)
(3.12592 -0.0721413 0)
(3.14419 -0.0694821 0)
(3.15466 -0.0688541 0)
(3.15453 -0.0837224 0)
(3.15073 -0.112993 0)
(3.14994 -0.138704 0)
(3.1461 -0.149052 0)
(3.13699 -0.149945 0)
(3.12284 -0.149551 0)
(3.10856 -0.151079 0)
(3.09481 -0.152048 0)
(3.08299 -0.151459 0)
(3.07104 -0.147349 0)
(3.05881 -0.140629 0)
(3.04834 -0.130377 0)
(3.04014 -0.11794 0)
(3.034 -0.103777 0)
(3.02977 -0.086989 0)
(3.02835 -0.0691838 0)
(3.03024 -0.0524988 0)
(3.03695 -0.0350978 0)
(3.05324 -0.0173607 0)
(3.08072 0.00769838 0)
(3.0972 0.0324081 0)
(3.0936 0.0414728 0)
(3.08834 0.0453096 0)
(3.08121 0.0486201 0)
(3.06468 0.0447891 0)
(3.03422 0.0256612 0)
(3.00645 0.00456544 0)
(3.00018 0.000108501 0)
(3 -1.18812e-07 0)
(3 -2.48016e-07 0)
(3 -2.35086e-07 0)
(3 -1.91896e-07 0)
(3 -1.02901e-07 0)
(3 -2.00305e-08 0)
(3 -6.02921e-10 0)
(3 5.80974e-12 0)
(3 6.78664e-12 0)
(3 5.91579e-12 0)
(3 3.52264e-12 0)
(3 8.37846e-13 0)
(3 2.95725e-14 0)
(3 -3.79431e-15 0)
(3 -2.65487e-15 0)
(3 -2.50493e-15 0)
(3 -8.53979e-16 0)
(3 1.0205e-15 0)
(3 1.18463e-15 0)
(3 1.3775e-15 0)
(3 1.39623e-15 0)
(3 3.7031e-16 0)
(3 4.77286e-16 0)
(3 7.8668e-16 0)
(3 5.33802e-16 0)
(3 -3.10246e-16 0)
(3 -5.09144e-16 0)
(3 6.46446e-16 0)
(3 1.71236e-15 0)
(3 2.17936e-15 0)
(3 2.36642e-15 0)
(3 1.39847e-15 0)
(3 4.18908e-16 0)
(3 -2.16658e-16 0)
(3 -1.07604e-15 0)
(3 -1.72858e-15 0)
(3 -1.32543e-15 0)
(1.82839 1.10939 0)
(1.85536 1.10664 0)
(1.93854 1.08036 0)
(2.04431 1.02779 0)
(2.14107 0.961894 0)
(2.19795 0.937668 0)
(2.28526 0.886076 0)
(2.38123 0.80537 0)
(2.44132 0.761069 0)
(2.49978 0.743962 0)
(2.57745 0.674248 0)
(2.63117 0.598175 0)
(2.66279 0.584466 0)
(2.71577 0.555104 0)
(2.80373 0.460548 0)
(2.84137 0.36096 0)
(2.86488 0.333653 0)
(2.89354 0.32771 0)
(2.92283 0.276348 0)
(2.94313 0.241251 0)
(2.96648 0.185777 0)
(2.98686 0.162468 0)
(3.0379 0.146576 0)
(3.07413 0.104282 0)
(3.0702 0.0667096 0)
(3.07363 0.0489102 0)
(3.08579 0.0248376 0)
(3.10905 -0.0036387 0)
(3.13199 -0.0191728 0)
(3.14232 -0.0367315 0)
(3.14553 -0.0519118 0)
(3.14942 -0.070144 0)
(3.15568 -0.103849 0)
(3.15116 -0.134726 0)
(3.14049 -0.158772 0)
(3.13711 -0.170535 0)
(3.12866 -0.171879 0)
(3.11596 -0.167018 0)
(3.10465 -0.161299 0)
(3.09408 -0.155849 0)
(3.08269 -0.14793 0)
(3.07089 -0.137469 0)
(3.06083 -0.12647 0)
(3.05352 -0.117193 0)
(3.04897 -0.110102 0)
(3.04789 -0.102906 0)
(3.04926 -0.0909096 0)
(3.05265 -0.0699909 0)
(3.06424 -0.0412305 0)
(3.08775 0.000570061 0)
(3.11081 0.0436285 0)
(3.11087 0.0610801 0)
(3.10446 0.0647319 0)
(3.09779 0.0673291 0)
(3.07879 0.0608965 0)
(3.04199 0.0353722 0)
(3.00816 0.0066533 0)
(3.00024 0.000177189 0)
(3 1.24646e-08 0)
(3 -2.58564e-07 0)
(3 -2.46121e-07 0)
(3 -1.94172e-07 0)
(3 -1.00757e-07 0)
(3 -1.97019e-08 0)
(3 -6.31097e-10 0)
(3 4.75572e-12 0)
(3 6.07022e-12 0)
(3 5.33916e-12 0)
(3 3.20878e-12 0)
(3 8.0271e-13 0)
(3 3.26248e-14 0)
(3 -4.55985e-15 0)
(3 -2.47296e-15 0)
(3 -1.53425e-15 0)
(3 2.1337e-16 0)
(3 1.53162e-15 0)
(3 2.12595e-15 0)
(3 1.06182e-15 0)
(3 -1.38992e-17 0)
(3 4.02348e-16 0)
(3 -6.33893e-16 0)
(3 -5.95296e-16 0)
(3 -7.20207e-16 0)
(3 -8.17559e-16 0)
(3 -1.22302e-15 0)
(3 -6.73134e-16 0)
(3 1.0895e-15 0)
(3 2.517e-15 0)
(3 2.53051e-15 0)
(3 1.79491e-15 0)
(3 7.03199e-16 0)
(3 -2.09344e-16 0)
(3 -3.0842e-16 0)
(3 -1.2925e-15 0)
(3 -2.01558e-15 0)
(3 -1.78635e-15 0)
(2.1376 0.922727 0)
(1.94785 1.10735 0)
(1.97669 1.10941 0)
(2.03986 1.08636 0)
(2.1243 1.03022 0)
(2.20446 0.96775 0)
(2.26065 0.943224 0)
(2.33877 0.889312 0)
(2.43143 0.80748 0)
(2.4973 0.760266 0)
(2.5543 0.73667 0)
(2.60323 0.680933 0)
(2.63964 0.64026 0)
(2.68954 0.606541 0)
(2.76538 0.531809 0)
(2.80583 0.446558 0)
(2.82688 0.422046 0)
(2.84645 0.410041 0)
(2.89504 0.352224 0)
(2.92952 0.324386 0)
(2.95979 0.260375 0)
(2.9791 0.239 0)
(3.02364 0.22985 0)
(3.05798 0.189067 0)
(3.05808 0.157006 0)
(3.06427 0.140947 0)
(3.08649 0.102245 0)
(3.10663 0.0752919 0)
(3.12284 0.057307 0)
(3.13029 0.0295685 0)
(3.1307 0.0099937 0)
(3.13609 0.000618348 0)
(3.13792 -0.0232225 0)
(3.13536 -0.0449308 0)
(3.12838 -0.0557626 0)
(3.11764 -0.0694279 0)
(3.10111 -0.085027 0)
(3.09625 -0.0901199 0)
(3.09196 -0.0923678 0)
(3.08681 -0.0956041 0)
(3.07999 -0.0950617 0)
(3.07167 -0.0890362 0)
(3.06316 -0.0788786 0)
(3.05584 -0.0659835 0)
(3.05088 -0.0518077 0)
(3.04929 -0.0371734 0)
(3.05542 -0.0234818 0)
(3.0706 -0.00502375 0)
(3.09451 0.0268448 0)
(3.12198 0.0663544 0)
(3.12848 0.0884176 0)
(3.12258 0.09232 0)
(3.11596 0.0919344 0)
(3.0916 0.0793745 0)
(3.04631 0.0433856 0)
(3.00825 0.00759954 0)
(3.00022 0.000188149 0)
(3 5.65703e-08 0)
(3 -2.17489e-07 0)
(3 -2.0683e-07 0)
(3 -1.59167e-07 0)
(3 -7.81467e-08 0)
(3 -1.40546e-08 0)
(3 -4.17266e-10 0)
(3 4.04601e-12 0)
(3 4.99132e-12 0)
(3 4.35665e-12 0)
(3 2.52633e-12 0)
(3 6.02127e-13 0)
(3 2.49287e-14 0)
(3 -3.25827e-15 0)
(3 -2.34583e-15 0)
(3 -8.87273e-16 0)
(3 7.02257e-16 0)
(3 2.62095e-15 0)
(3 3.31209e-15 0)
(3 2.74303e-15 0)
(3 8.82102e-16 0)
(3 -5.72191e-17 0)
(3 4.13913e-16 0)
(3 7.96004e-16 0)
(3 3.04178e-16 0)
(3 1.72573e-17 0)
(3 -4.80863e-16 0)
(3 -1.25696e-15 0)
(3 2.48563e-16 0)
(3 1.52261e-15 0)
(3 3.67518e-15 0)
(3 3.70458e-15 0)
(3 1.9667e-15 0)
(3 5.29821e-16 0)
(3 2.10673e-16 0)
(3 -2.61725e-16 0)
(3 -1.2323e-15 0)
(3 -1.75841e-15 0)
(3 -1.78715e-15 0)
(2.73521 0.377829 0)
(2.28622 0.87137 0)
(2.09 1.04981 0)
(2.08613 1.11171 0)
(2.11949 1.11894 0)
(2.18507 1.07653 0)
(2.2651 0.997879 0)
(2.34149 0.923709 0)
(2.41677 0.862924 0)
(2.48979 0.805491 0)
(2.53947 0.785014 0)
(2.57281 0.763079 0)
(2.63219 0.701176 0)
(2.68436 0.646382 0)
(2.74226 0.580072 0)
(2.78224 0.513204 0)
(2.80526 0.499828 0)
(2.81701 0.492944 0)
(2.86718 0.441278 0)
(2.92531 0.394846 0)
(2.95982 0.330795 0)
(2.97833 0.310185 0)
(3.00881 0.30097 0)
(3.04135 0.259405 0)
(3.0478 0.233224 0)
(3.06065 0.2135 0)
(3.08473 0.166253 0)
(3.09426 0.147696 0)
(3.11161 0.12329 0)
(3.11807 0.0828139 0)
(3.11945 0.0645997 0)
(3.12742 0.0479705 0)
(3.13229 0.0167229 0)
(3.13267 -0.010675 0)
(3.12746 -0.0372575 0)
(3.12242 -0.0666558 0)
(3.11431 -0.0940605 0)
(3.11223 -0.106969 0)
(3.11296 -0.112244 0)
(3.11132 -0.117956 0)
(3.10697 -0.118222 0)
(3.10054 -0.110854 0)
(3.09338 -0.0969998 0)
(3.08761 -0.0784844 0)
(3.08464 -0.0554507 0)
(3.08572 -0.0261554 0)
(3.09344 0.0102238 0)
(3.11046 0.0543154 0)
(3.13444 0.0993263 0)
(3.1432 0.122932 0)
(3.14042 0.125737 0)
(3.13108 0.119889 0)
(3.09954 0.0970338 0)
(3.04622 0.0473369 0)
(3.00687 0.00694907 0)
(3.00014 0.000137004 0)
(3 -1.87199e-08 0)
(3 -1.8115e-07 0)
(3 -1.71671e-07 0)
(3 -1.23104e-07 0)
(3 -5.18874e-08 0)
(3 -7.43281e-09 0)
(3 -1.67731e-10 0)
(3 3.41623e-12 0)
(3 3.82517e-12 0)
(3 3.24732e-12 0)
(3 1.73659e-12 0)
(3 3.6145e-13 0)
(3 1.24222e-14 0)
(3 -1.80276e-15 0)
(3 -2.40787e-15 0)
(3 -1.65267e-15 0)
(3 -5.60289e-16 0)
(3 1.81509e-15 0)
(3 2.27498e-15 0)
(3 2.71188e-15 0)
(3 2.65652e-15 0)
(3 2.06706e-15 0)
(3 1.62687e-15 0)
(3 8.07585e-16 0)
(3 8.87166e-16 0)
(3 5.84685e-16 0)
(3 6.91589e-17 0)
(3 -3.16552e-16 0)
(3 -4.53716e-16 0)
(3 5.13916e-16 0)
(3 1.97707e-15 0)
(3 2.14066e-15 0)
(3 2.21211e-15 0)
(3 1.71873e-15 0)
(3 -1.70711e-16 0)
(3 -5.33918e-16 0)
(3 -9.27826e-16 0)
(3 -9.45864e-16 0)
(3 -7.33544e-16 0)
(3 -1.14416e-15 0)
(2.98764 0.0309217 0)
(2.84294 0.293666 0)
(2.36265 0.817777 0)
(2.21285 1.021 0)
(2.19631 1.10245 0)
(2.21844 1.10081 0)
(2.26085 1.07468 0)
(2.32547 1.01313 0)
(2.39837 0.950424 0)
(2.47118 0.893993 0)
(2.53393 0.842785 0)
(2.58072 0.798284 0)
(2.62045 0.75421 0)
(2.67137 0.698287 0)
(2.73245 0.622973 0)
(2.76752 0.568837 0)
(2.79042 0.575275 0)
(2.8096 0.559316 0)
(2.87962 0.503839 0)
(2.92476 0.443549 0)
(2.95076 0.398373 0)
(2.97248 0.375836 0)
(2.98821 0.368069 0)
(3.01585 0.329934 0)
(3.03718 0.299533 0)
(3.06074 0.268233 0)
(3.07712 0.222061 0)
(3.0829 0.210661 0)
(3.09595 0.179842 0)
(3.10346 0.140327 0)
(3.10934 0.126697 0)
(3.11848 0.105047 0)
(3.11969 0.0857887 0)
(3.11809 0.0667142 0)
(3.1173 0.0467238 0)
(3.11395 0.0316312 0)
(3.11078 0.0223469 0)
(3.10966 0.0198751 0)
(3.1092 0.0186354 0)
(3.10817 0.0156321 0)
(3.10688 0.0131554 0)
(3.10552 0.013835 0)
(3.1043 0.0191091 0)
(3.10396 0.0300716 0)
(3.10607 0.0483882 0)
(3.11303 0.0760267 0)
(3.12776 0.112731 0)
(3.14646 0.147909 0)
(3.15324 0.162135 0)
(3.15171 0.160169 0)
(3.13806 0.145402 0)
(3.10028 0.109485 0)
(3.04133 0.0456468 0)
(3.00474 0.0051612 0)
(3.00007 7.17455e-05 0)
(3 -6.94107e-08 0)
(3 -1.3171e-07 0)
(3 -1.21239e-07 0)
(3 -7.78998e-08 0)
(3 -2.65865e-08 0)
(3 -2.74457e-09 0)
(3 -3.9617e-11 0)
(3 2.54192e-12 0)
(3 2.6831e-12 0)
(3 2.16687e-12 0)
(3 1.02063e-12 0)
(3 1.71951e-13 0)
(3 5.49871e-15 0)
(3 -1.02695e-15 0)
(3 -5.71197e-16 0)
(3 -1.4488e-16 0)
(3 2.54674e-16 0)
(3 2.98575e-16 0)
(3 4.76089e-16 0)
(3 6.42555e-16 0)
(3 -9.14157e-17 0)
(3 6.68309e-16 0)
(3 1.67585e-15 0)
(3 2.19452e-15 0)
(3 1.53806e-15 0)
(3 9.4827e-16 0)
(3 6.58708e-16 0)
(3 5.74167e-16 0)
(3 -1.64611e-16 0)
(3 -2.35435e-16 0)
(3 7.92388e-16 0)
(3 1.08196e-15 0)
(3 5.56086e-16 0)
(3 -1.049e-16 0)
(3 -8.72326e-16 0)
(3 -1.30209e-15 0)
(3 -8.79703e-16 0)
(3 -1.03205e-15 0)
(3 -3.50458e-17 0)
(3 -2.23756e-16 0)
(3 -8.85817e-16 0)
(2.99993 0.000304499 0)
(2.99541 0.0187244 0)
(2.86351 0.226765 0)
(2.56174 0.669488 0)
(2.33396 0.979666 0)
(2.2876 1.04751 0)
(2.31401 1.06575 0)
(2.34345 1.07175 0)
(2.39379 1.05198 0)
(2.4558 1.0109 0)
(2.51722 0.951857 0)
(2.57078 0.878267 0)
(2.62258 0.80103 0)
(2.65686 0.758043 0)
(2.71706 0.696547 0)
(2.76375 0.632441 0)
(2.7901 0.630461 0)
(2.81226 0.621525 0)
(2.88364 0.566318 0)
(2.9223 0.482272 0)
(2.93527 0.462807 0)
(2.95196 0.452768 0)
(2.98209 0.417271 0)
(2.99731 0.380779 0)
(3.03265 0.350202 0)
(3.05855 0.315235 0)
(3.06593 0.284899 0)
(3.06557 0.268425 0)
(3.07992 0.226537 0)
(3.09268 0.196972 0)
(3.10346 0.183309 0)
(3.10846 0.166406 0)
(3.10941 0.146645 0)
(3.11495 0.118085 0)
(3.11801 0.0939492 0)
(3.12002 0.0812035 0)
(3.12198 0.0762081 0)
(3.12485 0.0725398 0)
(3.12747 0.0691914 0)
(3.12879 0.0688641 0)
(3.12907 0.0739147 0)
(3.12918 0.0841021 0)
(3.12949 0.100382 0)
(3.13127 0.122304 0)
(3.13624 0.150062 0)
(3.14621 0.178603 0)
(3.15549 0.196358 0)
(3.15704 0.197567 0)
(3.15311 0.187532 0)
(3.134 0.163202 0)
(3.0915 0.111591 0)
(3.03156 0.0375073 0)
(3.00256 0.0030172 0)
(3.00002 2.70486e-05 0)
(3 -6.69044e-08 0)
(3 -8.72186e-08 0)
(3 -7.58999e-08 0)
(3 -4.18479e-08 0)
(3 -1.05376e-08 0)
(3 -6.88787e-10 0)
(3 -4.50553e-12 0)
(3 1.69769e-12 0)
(3 1.74456e-12 0)
(3 1.28718e-12 0)
(3 4.91349e-13 0)
(3 6.05068e-14 0)
(3 3.33119e-15 0)
(3 9.65175e-16 0)
(3 1.07753e-15 0)
(3 1.54233e-15 0)
(3 2.55982e-15 0)
(3 2.81373e-15 0)
(3 2.02503e-15 0)
(3 2.75503e-16 0)
(3 -4.57925e-16 0)
(3 -1.46836e-15 0)
(3 -1.77857e-15 0)
(3 -8.52307e-16 0)
(3 4.42684e-16 0)
(3 5.65733e-16 0)
(3 8.74428e-16 0)
(3 1.13811e-15 0)
(3 1.15631e-15 0)
(3 1.05055e-15 0)
(3 6.6384e-16 0)
(3 6.53764e-17 0)
(3 -3.27577e-16 0)
(3 -1.47303e-15 0)
(3 -2.00842e-15 0)
(3 -1.32793e-15 0)
(3 -1.17241e-15 0)
(3 -3.92347e-16 0)
(3 -2.55827e-16 0)
(3 -1.03165e-16 0)
(3 -3.68987e-16 0)
(3 -8.50358e-16 0)
(3 3.37937e-07 0)
(2.99997 0.000133716 0)
(2.99642 0.0103061 0)
(2.93278 0.140212 0)
(2.74288 0.476608 0)
(2.47456 0.827677 0)
(2.39224 0.972267 0)
(2.41809 1.04015 0)
(2.43519 1.04573 0)
(2.47142 1.05216 0)
(2.51131 1.03531 0)
(2.55593 0.979847 0)
(2.60426 0.908951 0)
(2.64979 0.85401 0)
(2.7023 0.800633 0)
(2.75604 0.736472 0)
(2.78843 0.704416 0)
(2.81062 0.691721 0)
(2.87377 0.629822 0)
(2.9163 0.547336 0)
(2.92449 0.520725 0)
(2.93234 0.512437 0)
(2.96765 0.478398 0)
(3.00197 0.440598 0)
(3.02149 0.408065 0)
(3.04298 0.375421 0)
(3.05132 0.350639 0)
(3.05435 0.319628 0)
(3.06984 0.279137 0)
(3.08394 0.263951 0)
(3.09213 0.253166 0)
(3.10009 0.237326 0)
(3.10648 0.213917 0)
(3.112 0.190887 0)
(3.11591 0.180675 0)
(3.11849 0.178116 0)
(3.12315 0.176195 0)
(3.12761 0.175976 0)
(3.13148 0.178104 0)
(3.1353 0.18306 0)
(3.13927 0.191205 0)
(3.14325 0.20284 0)
(3.14738 0.216825 0)
(3.15252 0.229812 0)
(3.15611 0.236206 0)
(3.15696 0.234405 0)
(3.1538 0.222381 0)
(3.14334 0.202808 0)
(3.12021 0.167392 0)
(3.0724 0.0973915 0)
(3.01835 0.0240406 0)
(3.00093 0.00125814 0)
(3 6.76244e-06 0)
(3 -4.45034e-08 0)
(3 -5.12723e-08 0)
(3 -4.08365e-08 0)
(3 -1.83237e-08 0)
(3 -3.12929e-09 0)
(3 -1.15262e-10 0)
(3 4.22384e-13 0)
(3 1.06005e-12 0)
(3 1.04567e-12 0)
(3 6.60667e-13 0)
(3 1.9553e-13 0)
(3 1.49542e-14 0)
(3 -1.64063e-15 0)
(3 -8.56861e-16 0)
(3 6.21672e-16 0)
(3 2.44863e-15 0)
(3 3.24689e-15 0)
(3 3.25667e-15 0)
(3 2.90575e-15 0)
(3 1.88276e-15 0)
(3 6.636e-16 0)
(3 2.44214e-16 0)
(3 -3.19084e-16 0)
(3 -1.00915e-15 0)
(3 -1.26935e-15 0)
(3 -1.33868e-15 0)
(3 -8.15605e-16 0)
(3 -7.31604e-16 0)
(3 6.8367e-17 0)
(3 3.24204e-16 0)
(3 8.41122e-16 0)
(3 1.38732e-15 0)
(3 7.19133e-16 0)
(3 -8.28707e-16 0)
(3 -9.75615e-16 0)
(3 -6.81841e-16 0)
(3 -3.07053e-17 0)
(3 5.12571e-16 0)
(3 8.8073e-16 0)
(3 1.43382e-15 0)
(3 9.77297e-16 0)
(3 8.71344e-16 0)
(3 5.18226e-16 0)
(3 3.48548e-11 0)
(3 1.00571e-07 0)
(2.99999 5.73875e-05 0)
(2.99893 0.0035469 0)
(2.98084 0.0529163 0)
(2.86581 0.258786 0)
(2.6722 0.58909 0)
(2.51404 0.889716 0)
(2.5164 0.951607 0)
(2.52017 0.998278 0)
(2.53636 1.01271 0)
(2.57251 1.00414 0)
(2.60922 0.978188 0)
(2.64384 0.954628 0)
(2.6927 0.920028 0)
(2.73921 0.869157 0)
(2.77257 0.823979 0)
(2.80733 0.780844 0)
(2.8492 0.728127 0)
(2.89447 0.656232 0)
(2.91308 0.609179 0)
(2.9209 0.590096 0)
(2.94782 0.550879 0)
(2.99217 0.52153 0)
(3.01557 0.485886 0)
(3.0292 0.456372 0)
(3.03728 0.429102 0)
(3.04288 0.386959 0)
(3.0619 0.3629 0)
(3.07599 0.352226 0)
(3.08484 0.341359 0)
(3.0958 0.324187 0)
(3.105 0.302792 0)
(3.11122 0.291963 0)
(3.11751 0.288489 0)
(3.12374 0.286716 0)
(3.12954 0.287004 0)
(3.13502 0.288837 0)
(3.14016 0.291476 0)
(3.14527 0.293426 0)
(3.15024 0.293798 0)
(3.15334 0.291282 0)
(3.15478 0.285036 0)
(3.15338 0.270515 0)
(3.14929 0.25381 0)
(3.14261 0.235826 0)
(3.12761 0.206574 0)
(3.0954 0.149456 0)
(3.04424 0.0663903 0)
(3.00709 0.0106357 0)
(3.0002 0.000327354 0)
(3 9.54471e-07 0)
(3 -2.46837e-08 0)
(3 -2.7001e-08 0)
(3 -1.92672e-08 0)
(3 -6.62506e-09 0)
(3 -7.04341e-10 0)
(3 -1.27374e-11 0)
(3 5.1315e-13 0)
(3 6.241e-13 0)
(3 5.57315e-13 0)
(3 2.88125e-13 0)
(3 6.30447e-14 0)
(3 3.8783e-16 0)
(3 -2.13288e-15 0)
(3 -1.7289e-15 0)
(3 -5.68053e-16 0)
(3 1.2065e-15 0)
(3 1.93786e-15 0)
(3 2.56983e-15 0)
(3 2.70055e-15 0)
(3 2.60974e-15 0)
(3 2.22502e-15 0)
(3 1.54667e-15 0)
(3 1.55932e-15 0)
(3 2.15471e-15 0)
(3 1.61411e-15 0)
(3 9.15308e-16 0)
(3 5.82997e-16 0)
(3 8.15662e-17 0)
(3 -3.17212e-16 0)
(3 -5.5545e-16 0)
(3 -2.60405e-16 0)
(3 2.21838e-16 0)
(3 -2.11967e-17 0)
(3 -4.02592e-16 0)
(3 -5.85781e-16 0)
(3 -1.07383e-16 0)
(3 6.93647e-16 0)
(3 1.18354e-15 0)
(3 1.93028e-15 0)
(3 1.83808e-15 0)
(3 1.27949e-15 0)
(3 9.79201e-16 0)
(3 1.0856e-15 0)
(3 7.01754e-16 0)
(3 -1.38145e-15 0)
(3 7.12574e-12 0)
(3 3.15088e-08 0)
(3 9.05701e-06 0)
(2.99985 0.000590609 0)
(2.99543 0.0130496 0)
(2.95507 0.102219 0)
(2.83179 0.353989 0)
(2.69489 0.649926 0)
(2.64182 0.795177 0)
(2.5795 0.935523 0)
(2.60228 0.933985 0)
(2.65322 0.94986 0)
(2.67075 0.949807 0)
(2.70174 0.941654 0)
(2.73458 0.921479 0)
(2.76519 0.896193 0)
(2.80336 0.859991 0)
(2.83582 0.821862 0)
(2.86317 0.781751 0)
(2.89322 0.734324 0)
(2.91315 0.699149 0)
(2.93041 0.671115 0)
(2.97369 0.636114 0)
(3.00477 0.600272 0)
(3.01931 0.568118 0)
(3.02588 0.534914 0)
(3.03261 0.497812 0)
(3.05375 0.480666 0)
(3.06926 0.469184 0)
(3.08229 0.455751 0)
(3.09383 0.438762 0)
(3.10362 0.423009 0)
(3.11182 0.413295 0)
(3.11932 0.406049 0)
(3.12631 0.398801 0)
(3.13254 0.3901 0)
(3.13751 0.378655 0)
(3.14088 0.364108 0)
(3.14287 0.346572 0)
(3.14372 0.327295 0)
(3.14357 0.307709 0)
(3.14203 0.288506 0)
(3.1358 0.267247 0)
(3.12335 0.236016 0)
(3.09968 0.183409 0)
(3.06 0.104634 0)
(3.01793 0.0305907 0)
(3.00153 0.00279298 0)
(3.00002 4.60068e-05 0)
(3 5.98153e-08 0)
(3 -1.23571e-08 0)
(3 -1.28881e-08 0)
(3 -7.87849e-09 0)
(3 -1.94715e-09 0)
(3 -1.21554e-10 0)
(3 -8.22105e-13 0)
(3 3.02577e-13 0)
(3 3.30879e-13 0)
(3 2.54439e-13 0)
(3 1.00632e-13 0)
(3 1.252e-14 0)
(3 -1.05729e-15 0)
(3 -1.08614e-15 0)
(3 -9.94047e-16 0)
(3 -4.62848e-16 0)
(3 4.1888e-16 0)
(3 1.98556e-15 0)
(3 2.31384e-15 0)
(3 1.95608e-15 0)
(3 2.47508e-15 0)
(3 2.5119e-15 0)
(3 2.70195e-15 0)
(3 2.5082e-15 0)
(3 2.11014e-15 0)
(3 1.55966e-15 0)
(3 1.88752e-15 0)
(3 2.2579e-15 0)
(3 2.08005e-15 0)
(3 9.61525e-16 0)
(3 6.88588e-16 0)
(3 -1.19291e-16 0)
(3 -4.77164e-16 0)
(3 -5.91245e-16 0)
(3 -1.61331e-15 0)
(3 -2.11589e-15 0)
(3 -1.73379e-15 0)
(3 3.03369e-16 0)
(3 4.54318e-16 0)
(3 1.73183e-15 0)
(3 2.29802e-15 0)
(3 1.86652e-15 0)
(3 4.90697e-16 0)
(3 9.00577e-17 0)
(3 2.92382e-16 0)
(3 4.79535e-16 0)
(3 -2.22886e-15 0)
(3 -2.05727e-15 0)
(3 1.50381e-12 0)
(3 1.85415e-09 0)
(3 6.13621e-07 0)
(2.99998 7.04059e-05 0)
(2.99935 0.00215473 0)
(2.99107 0.0251788 0)
(2.95247 0.121379 0)
(2.86448 0.327012 0)
(2.76499 0.556939 0)
(2.70791 0.721271 0)
(2.69657 0.833522 0)
(2.70857 0.870745 0)
(2.7321 0.894813 0)
(2.74783 0.887694 0)
(2.77535 0.874256 0)
(2.80987 0.853341 0)
(2.83818 0.830285 0)
(2.85747 0.811698 0)
(2.88061 0.78604 0)
(2.91116 0.758054 0)
(2.93367 0.738875 0)
(2.95997 0.717724 0)
(2.99098 0.684445 0)
(3.00789 0.651252 0)
(3.01668 0.623589 0)
(3.02799 0.599348 0)
(3.04504 0.580024 0)
(3.0625 0.561723 0)
(3.07761 0.542082 0)
(3.08968 0.52121 0)
(3.09902 0.500574 0)
(3.10656 0.480237 0)
(3.113 0.459321 0)
(3.11844 0.437385 0)
(3.12254 0.414498 0)
(3.12537 0.391076 0)
(3.12728 0.367922 0)
(3.12766 0.345517 0)
(3.1249 0.321738 0)
(3.1193 0.293384 0)
(3.10854 0.254908 0)
(3.09024 0.198784 0)
(3.05973 0.122995 0)
(3.02389 0.0473546 0)
(3.00385 0.00793331 0)
(3.00016 0.000377052 0)
(3 2.99108e-06 0)
(3 -2.23131e-09 0)
(3 -5.77204e-09 0)
(3 -5.58543e-09 0)
(3 -2.71455e-09 0)
(3 -4.63228e-10 0)
(3 -1.59705e-11 0)
(3 6.22095e-14 0)
(3 1.55285e-13 0)
(3 1.59293e-13 0)
(3 1.00621e-13 0)
(3 3.03748e-14 0)
(3 2.71714e-16 0)
(3 -1.66508e-15 0)
(3 -1.69414e-15 0)
(3 -2.13069e-16 0)
(3 -9.42235e-17 0)
(3 -3.83997e-16 0)
(3 4.27647e-16 0)
(3 1.3799e-15 0)
(3 1.6826e-15 0)
(3 1.77336e-15 0)
(3 1.13996e-15 0)
(3 1.33193e-15 0)
(3 1.85396e-15 0)
(3 2.60562e-15 0)
(3 1.60947e-15 0)
(3 1.47458e-15 0)
(3 2.11323e-15 0)
(3 2.02842e-15 0)
(3 1.46624e-15 0)
(3 1.58274e-15 0)
(3 1.03112e-15 0)
(3 7.99014e-16 0)
(3 5.91426e-18 0)
(3 -8.09234e-16 0)
(3 -1.4247e-15 0)
(3 -1.7083e-15 0)
(3 9.7262e-16 0)
(3 1.70715e-15 0)
(3 1.40781e-15 0)
(3 1.32061e-15 0)
(3 9.14248e-16 0)
(3 3.29176e-16 0)
(3 5.16971e-16 0)
(3 4.19297e-16 0)
(3 5.40213e-16 0)
(3 6.74555e-16 0)
(3 -8.85418e-16 0)
(3 -1.25345e-15 0)
(3 -1.45689e-15 0)
(3 6.91958e-14 0)
(3 5.25752e-11 0)
(3 3.48447e-08 0)
(3 4.18193e-06 0)
(2.99996 0.000168812 0)
(2.99924 0.00259118 0)
(2.99283 0.0207316 0)
(2.96546 0.0933127 0)
(2.91645 0.234359 0)
(2.85555 0.422018 0)
(2.81297 0.587857 0)
(2.79765 0.689038 0)
(2.78706 0.755151 0)
(2.80003 0.78666 0)
(2.82174 0.794752 0)
(2.85213 0.78418 0)
(2.86445 0.776583 0)
(2.88165 0.763836 0)
(2.91247 0.742611 0)
(2.93466 0.724254 0)
(2.9561 0.706662 0)
(2.98256 0.679067 0)
(2.99974 0.651331 0)
(3.00991 0.629632 0)
(3.02133 0.610124 0)
(3.03718 0.58945 0)
(3.05377 0.568355 0)
(3.06806 0.546777 0)
(3.07941 0.524266 0)
(3.08804 0.50112 0)
(3.09486 0.477924 0)
(3.09967 0.454373 0)
(3.10231 0.429555 0)
(3.10326 0.402842 0)
(3.10215 0.373452 0)
(3.09854 0.339902 0)
(3.09231 0.299454 0)
(3.08314 0.249287 0)
(3.06785 0.18663 0)
(3.04522 0.114117 0)
(3.0203 0.0482381 0)
(3.00457 0.010915 0)
(3.00036 0.000957201 0)
(3.00001 2.17665e-05 0)
(3 7.69847e-08 0)
(3 -1.98219e-09 0)
(3 -2.53813e-09 0)
(3 -2.1067e-09 0)
(3 -7.73208e-10 0)
(3 -8.56912e-11 0)
(3 -1.52352e-12 0)
(3 5.44925e-14 0)
(3 7.54354e-14 0)
(3 6.82667e-14 0)
(3 3.15537e-14 0)
(3 5.61088e-15 0)
(3 2.40218e-15 0)
(3 7.71693e-17 0)
(3 -4.99994e-16 0)
(3 6.46456e-17 0)
(3 -2.03407e-16 0)
(3 -5.65496e-16 0)
(3 -1.45356e-15 0)
(3 -8.65185e-16 0)
(3 -3.66602e-16 0)
(3 2.59398e-16 0)
(3 1.05623e-15 0)
(3 5.99588e-16 0)
(3 7.546e-16 0)
(3 7.36777e-16 0)
(3 2.09413e-15 0)
(3 2.58677e-15 0)
(3 2.43461e-15 0)
(3 2.14322e-15 0)
(3 2.00328e-15 0)
(3 1.81552e-15 0)
(3 1.94751e-15 0)
(3 1.71477e-15 0)
(3 1.42365e-15 0)
(3 9.06683e-16 0)
(3 1.84109e-16 0)
(3 -5.97351e-16 0)
(3 1.94414e-16 0)
(3 8.74393e-16 0)
(3 1.51484e-15 0)
(3 1.97479e-15 0)
(3 3.05057e-16 0)
(3 -1.89126e-16 0)
(3 8.453e-17 0)
(3 3.58228e-16 0)
(3 4.09613e-16 0)
(3 5.21425e-16 0)
(3 6.51691e-16 0)
(3 4.48168e-16 0)
(3 1.25261e-16 0)
(3 -1.66781e-16 0)
(3 2.26416e-16 0)
(3 4.03304e-15 0)
(3 1.48501e-12 0)
(3 5.77727e-10 0)
(3 8.59086e-08 0)
(3 4.70907e-06 0)
(2.99997 0.000126836 0)
(2.99952 0.00168999 0)
(2.99689 0.0107395 0)
(2.98675 0.0438481 0)
(2.96546 0.118161 0)
(2.93559 0.227485 0)
(2.90308 0.3516 0)
(2.88305 0.46412 0)
(2.87697 0.550528 0)
(2.88079 0.605182 0)
(2.88118 0.640959 0)
(2.89381 0.661015 0)
(2.91285 0.671171 0)
(2.94176 0.66169 0)
(2.95571 0.652509 0)
(2.97432 0.636865 0)
(2.99086 0.615445 0)
(3.0015 0.596956 0)
(3.01252 0.579817 0)
(3.02652 0.561022 0)
(3.04088 0.540061 0)
(3.0528 0.516897 0)
(3.06126 0.491118 0)
(3.06624 0.462382 0)
(3.06829 0.430222 0)
(3.06863 0.394129 0)
(3.0676 0.35354 0)
(3.06436 0.30737 0)
(3.05847 0.254884 0)
(3.04964 0.196457 0)
(3.03782 0.134874 0)
(3.02376 0.07658 0)
(3.01065 0.0318319 0)
(3.00278 0.00812023 0)
(3.00033 0.00100039 0)
(3.00001 4.33357e-05 0)
(3 4.48035e-07 0)
(3 1.59077e-10 0)
(3 -8.42892e-10 0)
(3 -9.70814e-10 0)
(3 -6.47487e-10 0)
(3 -1.73336e-10 0)
(3 -1.15316e-11 0)
(3 -8.97574e-14 0)
(3 2.49107e-14 0)
(3 2.97068e-14 0)
(3 2.27308e-14 0)
(3 7.77412e-15 0)
(3 1.02993e-16 0)
(3 -3.69286e-16 0)
(3 2.88376e-16 0)
(3 1.99896e-15 0)
(3 1.86622e-15 0)
(3 1.3286e-15 0)
(3 -2.91912e-16 0)
(3 -4.10548e-16 0)
(3 -2.14041e-16 0)
(3 -1.7344e-16 0)
(3 5.40102e-16 0)
(3 7.13176e-16 0)
(3 6.80708e-16 0)
(3 6.00666e-16 0)
(3 4.07875e-16 0)
(3 8.74199e-16 0)
(3 1.49471e-15 0)
(3 2.84536e-15 0)
(3 1.8694e-15 0)
(3 1.02311e-15 0)
(3 1.0854e-15 0)
(3 1.5323e-15 0)
(3 1.33812e-15 0)
(3 8.33704e-16 0)
(3 -6.52204e-16 0)
(3 -6.34199e-16 0)
(3 -6.75165e-16 0)
(3 -7.65576e-16 0)
(3 -6.7635e-16 0)
(3 -4.29593e-16 0)
(3 3.28439e-16 0)
(3 5.97315e-16 0)
(3 -5.40699e-17 0)
(3 -4.32985e-16 0)
(3 1.92688e-17 0)
(3 2.31754e-16 0)
(3 1.23696e-16 0)
(3 8.57865e-17 0)
(3 4.38624e-16 0)
(3 5.1308e-16 0)
(3 2.09712e-16 0)
(3 2.15168e-17 0)
(3 8.70811e-16 0)
(3 1.33254e-15 0)
(3 1.21323e-15 0)
(3 2.14333e-14 0)
(3 3.15506e-12 0)
(3 6.129e-10 0)
(3 6.06886e-08 0)
(3 2.47331e-06 0)
(2.99999 4.17997e-05 0)
(2.9999 0.000416504 0)
(2.99937 0.00250354 0)
(2.99735 0.0101417 0)
(2.99196 0.0307446 0)
(2.98246 0.0712206 0)
(2.97103 0.130319 0)
(2.95937 0.197787 0)
(2.94819 0.26838 0)
(2.94345 0.333547 0)
(2.94675 0.385321 0)
(2.95751 0.419272 0)
(2.96538 0.436466 0)
(2.97398 0.44135 0)
(2.98725 0.435614 0)
(2.9926 0.43066 0)
(3.00029 0.421966 0)
(3.01011 0.406951 0)
(3.01994 0.384319 0)
(3.02729 0.354759 0)
(3.03115 0.319084 0)
(3.03185 0.278277 0)
(3.03033 0.23382 0)
(3.02732 0.187402 0)
(3.02302 0.140824 0)
(3.01774 0.0967321 0)
(3.01206 0.0585543 0)
(3.00682 0.0295695 0)
(3.0029 0.0114423 0)
(3.0008 0.00298278 0)
(3.00012 0.000436534 0)
(3.00001 2.81219e-05 0)
(3 5.84338e-07 0)
(3 2.58134e-09 0)
(3 -2.10794e-10 0)
(3 -3.21894e-10 0)
(3 -3.20306e-10 0)
(3 -1.58607e-10 0)
(3 -2.77546e-11 0)
(3 -1.03735e-12 0)
(3 3.16357e-15 0)
(3 1.12625e-14 0)
(3 1.15463e-14 0)
(3 4.95035e-15 0)
(3 -2.93112e-16 0)
(3 -1.73357e-15 0)
(3 -1.46176e-15 0)
(3 -9.70467e-16 0)
(3 -2.08439e-16 0)
(3 9.36799e-17 0)
(3 5.57004e-16 0)
(3 7.14132e-16 0)
(3 3.54856e-16 0)
(3 1.42676e-16 0)
(3 3.6138e-16 0)
(3 6.70813e-16 0)
(3 1.03745e-15 0)
(3 5.33046e-16 0)
(3 4.80744e-16 0)
(3 5.91221e-16 0)
(3 1.12562e-15 0)
(3 1.93425e-15 0)
(3 1.95935e-15 0)
(3 2.06456e-15 0)
(3 2.45749e-15 0)
(3 1.6716e-15 0)
(3 1.2853e-15 0)
(3 1.15446e-15 0)
(3 6.28229e-17 0)
(3 -8.12653e-16 0)
(3 -1.88325e-15 0)
(3 -2.36572e-15 0)
(3 -2.21489e-15 0)
(3 -2.0166e-15 0)
(3 -1.54131e-15 0)
(3 -4.41707e-16 0)
(3 -5.28034e-16 0)
(3 -5.99257e-16 0)
(3 9.86798e-17 0)
(3 1.39814e-16 0)
(3 4.84266e-16 0)
(3 1.41319e-15 0)
(3 1.25097e-15 0)
(3 3.6503e-16 0)
(3 -2.75291e-16 0)
(3 1.26434e-15 0)
(3 1.38048e-15 0)
(3 1.3163e-15 0)
(3 1.20041e-15 0)
(3 6.97296e-16 0)
(3 5.27013e-16 0)
(3 5.7136e-16 0)
(3 -1.91657e-16 0)
(3 2.06455e-14 0)
(3 2.254e-12 0)
(3 2.18276e-10 0)
(3 1.02569e-08 0)
(3 2.65373e-07 0)
(3 3.85927e-06 0)
(2.99999 3.67615e-05 0)
(2.99994 0.000242562 0)
(2.99975 0.00110229 0)
(2.99924 0.00357269 0)
(2.9981 0.00908509 0)
(2.99607 0.0197245 0)
(2.99348 0.036409 0)
(2.9915 0.0569677 0)
(2.9908 0.0774972 0)
(2.99076 0.0948116 0)
(2.99128 0.107575 0)
(2.99393 0.116338 0)
(2.99664 0.119171 0)
(2.99786 0.117989 0)
(3.00038 0.112385 0)
(3.00311 0.100657 0)
(3.0047 0.0841961 0)
(3.00494 0.0656082 0)
(3.00431 0.047479 0)
(3.00334 0.0316696 0)
(3.00233 0.0191351 0)
(3.00142 0.0101793 0)
(3.00073 0.00457303 0)
(3.0003 0.00162926 0)
(3.00008 0.000417815 0)
(3.00001 6.68764e-05 0)
(3 5.51653e-06 0)
(3 1.83748e-07 0)
(3 1.8181e-09 0)
(3 -2.86476e-11 0)
(3 -7.21528e-11 0)
(3 -9.83834e-11 0)
(3 -7.69124e-11 0)
(3 -2.68163e-11 0)
(3 -2.87513e-12 0)
(3 -5.45145e-14 0)
(3 2.83767e-15 0)
(3 3.70354e-15 0)
(3 2.57057e-15 0)
(3 1.18896e-16 0)
(3 -3.78895e-16 0)
(3 -1.69588e-15 0)
(3 -1.08816e-15 0)
(3 8.07418e-17 0)
(3 3.84961e-16 0)
(3 -1.03882e-15 0)
(3 -1.60191e-15 0)
(3 -1.47753e-15 0)
(3 -1.23703e-15 0)
(3 -1.07823e-15 0)
(3 -2.96367e-17 0)
(3 1.22407e-15 0)
(3 1.17166e-15 0)
(3 3.88784e-16 0)
(3 3.41696e-17 0)
(3 1.73904e-16 0)
(3 6.30296e-16 0)
(3 1.53958e-15 0)
(3 2.37189e-15 0)
(3 2.39401e-15 0)
(3 1.78066e-15 0)
(3 2.19964e-15 0)
(3 2.53475e-15 0)
(3 1.18068e-15 0)
(3 8.80622e-17 0)
(3 -3.75277e-16 0)
(3 -1.51736e-15 0)
(3 -2.41949e-15 0)
(3 -2.99472e-15 0)
(3 -2.10179e-15 0)
(3 2.76369e-16 0)
(3 7.47294e-16 0)
(3 -1.35884e-17 0)
(3 -2.56164e-16 0)
(3 -3.188e-16 0)
(3 1.11057e-15 0)
(3 2.18272e-15 0)
(3 2.7652e-15 0)
(3 3.15779e-15 0)
(3 2.92362e-15 0)
(3 1.73361e-15 0)
(3 5.62174e-16 0)
(3 2.74889e-16 0)
(3 8.95338e-16 0)
(3 1.12041e-15 0)
(3 1.0265e-15 0)
(3 4.41051e-16 0)
(3 5.85826e-16 0)
(3 3.99183e-16 0)
(3 -6.3349e-16 0)
(3 -1.6659e-15 0)
(3 -1.30045e-15 0)
(3 6.30076e-15 0)
(3 3.00864e-13 0)
(3 9.06113e-12 0)
(3 3.26917e-10 0)
(3 8.16681e-09 0)
(3 1.25582e-07 0)
(3 1.17014e-06 0)
(3 7.1406e-06 0)
(2.99999 3.34314e-05 0)
(2.99998 0.000126527 0)
(2.99994 0.000372787 0)
(2.99987 0.000849537 0)
(2.9998 0.00154645 0)
(2.99972 0.00240402 0)
(2.99966 0.00334045 0)
(2.9997 0.00419172 0)
(2.99981 0.00456655 0)
(2.99984 0.00454882 0)
(2.99993 0.00424936 0)
(3.00004 0.00352115 0)
(3.0001 0.00254172 0)
(3.00009 0.00160531 0)
(3.00007 0.000892399 0)
(3.00004 0.000432819 0)
(3.00002 0.000177986 0)
(3.00001 5.92093e-05 0)
(3 1.48592e-05 0)
(3 2.53103e-06 0)
(3 2.50858e-07 0)
(3 1.18152e-08 0)
(3 2.09605e-10 0)
(3 -1.37506e-13 0)
(3 -8.45637e-12 0)
(3 -1.86889e-11 0)
(3 -2.18271e-11 0)
(3 -1.2562e-11 0)
(3 -2.84921e-12 0)
(3 -1.69177e-13 0)
(3 -3.37757e-15 0)
(3 -1.48257e-15 0)
(3 -7.77175e-16 0)
(3 -1.65485e-15 0)
(3 -2.71403e-15 0)
(3 -1.33296e-15 0)
(3 -2.01204e-15 0)
(3 -2.23348e-15 0)
(3 -1.58046e-15 0)
(3 -2.40077e-16 0)
(3 3.8014e-16 0)
(3 -2.41848e-16 0)
(3 -6.41273e-16 0)
(3 -4.09524e-16 0)
(3 -4.48061e-16 0)
(3 -3.96119e-16 0)
(3 2.33147e-16 0)
(3 4.33311e-16 0)
(3 2.75985e-16 0)
(3 -6.04044e-16 0)
(3 -3.78146e-16 0)
(3 1.61898e-16 0)
(3 9.45969e-16 0)
(3 8.36319e-16 0)
(3 1.09026e-15 0)
(3 1.46666e-15 0)
(3 1.56602e-15 0)
(3 1.33599e-15 0)
(3 1.00944e-15 0)
(3 4.02403e-16 0)
(3 1.17137e-16 0)
(3 -5.7644e-16 0)
(3 -1.10584e-15 0)
(3 -1.96038e-15 0)
(3 -1.84113e-15 0)
(3 -1.0425e-15 0)
(3 1.41783e-15 0)
(3 1.48996e-15 0)
(3 3.45297e-16 0)
(3 2.88021e-16 0)
(3 4.99698e-16 0)
(3 1.95478e-15 0)
(3 4.14712e-15 0)
(3 3.13259e-15 0)
(3 2.94484e-15 0)
(3 1.35079e-15 0)
(3 9.33286e-16 0)
(3 -2.02682e-16 0)
(3 -1.1667e-15 0)
(3 -7.39213e-16 0)
(3 -4.31209e-16 0)
(3 2.44622e-17 0)
(3 3.9085e-16 0)
(3 1.47792e-16 0)
(3 -5.23385e-16 0)
(3 -1.19987e-15 0)
(3 -9.20356e-16 0)
(3 -1.64926e-16 0)
(3 -7.44642e-17 0)
(3 3.39909e-16 0)
(3 7.17218e-16 0)
(3 8.91076e-15 0)
(3 2.36541e-13 0)
(3 3.85155e-12 0)
(3 6.08024e-11 0)
(3 7.40882e-10 0)
(3 6.95092e-09 0)
(3 4.82331e-08 0)
(3 2.34994e-07 0)
(3 8.03702e-07 0)
(3 2.03198e-06 0)
(3 4.22488e-06 0)
(3 7.60142e-06 0)
(3 1.14072e-05 0)
(3 1.30411e-05 0)
(3 1.29679e-05 0)
(3 1.17242e-05 0)
(3 8.76142e-06 0)
(3 5.22956e-06 0)
(3 2.53019e-06 0)
(3 1.00845e-06 0)
(3 3.26211e-07 0)
(3 8.1662e-08 0)
(3 1.46796e-08 0)
(3 1.69816e-09 0)
(3 1.09128e-10 0)
(3 4.38e-12 0)
(3 8.04035e-14 0)
(3 -4.76725e-13 0)
(3 -1.57998e-12 0)
(3 -3.26563e-12 0)
(3 -2.91627e-12 0)
(3 -1.22137e-12 0)
(3 -1.67522e-13 0)
(3 -8.45704e-15 0)
(3 -2.58231e-15 0)
(3 -1.4535e-15 0)
(3 -1.73227e-15 0)
(3 -2.62747e-15 0)
(3 -1.86683e-15 0)
(3 -1.07061e-15 0)
(3 -9.01434e-16 0)
(3 -9.46232e-16 0)
(3 -1.39058e-15 0)
(3 -1.23654e-15 0)
(3 -1.32959e-15 0)
(3 -6.85163e-16 0)
(3 -6.46332e-16 0)
(3 -1.37745e-15 0)
(3 -1.06893e-15 0)
(3 -2.7897e-16 0)
(3 3.94566e-16 0)
(3 2.6611e-16 0)
(3 -1.03075e-15 0)
(3 -1.81859e-15 0)
(3 -1.83858e-15 0)
(3 -1.57594e-15 0)
(3 -1.28238e-15 0)
(3 -4.1836e-16 0)
(3 -1.67751e-16 0)
(3 -2.38777e-16 0)
(3 8.62137e-16 0)
(3 1.3154e-15 0)
(3 1.21007e-15 0)
(3 4.16297e-16 0)
(3 2.73161e-16 0)
(3 -3.13669e-16 0)
(3 -1.02504e-15 0)
(3 -1.09445e-15 0)
(3 5.54186e-16 0)
(3 1.14576e-15 0)
(3 1.77347e-15 0)
(3 1.26002e-15 0)
(3 6.44665e-16 0)
(3 -4.22282e-16 0)
(3 -7.4534e-16 0)
(3 -4.93106e-16 0)
(3 2.30755e-16 0)
(3 7.87737e-16 0)
(3 6.09844e-17 0)
(3 -1.07929e-15 0)
(3 -2.60676e-15 0)
(3 -2.86469e-15 0)
(3 -2.74631e-15 0)
(3 -1.27159e-15 0)
(3 -6.27943e-16 0)
(3 -6.12688e-16 0)
(3 -6.25933e-16 0)
(3 -4.32864e-16 0)
(3 -7.4224e-16 0)
(3 -1.00722e-15 0)
(3 -1.23476e-15 0)
(3 -2.65928e-16 0)
(3 2.54672e-16 0)
(3 -3.8006e-16 0)
(3 -7.84656e-16 0)
(3 -6.57879e-16 0)
(3 -1.5999e-16 0)
(3 8.3206e-16 0)
(3 1.08025e-15 0)
(3 2.41394e-15 0)
(3 1.85853e-14 0)
(3 1.84651e-13 0)
(3 1.33776e-12 0)
(3 7.0118e-12 0)
(3 3.27291e-11 0)
(3 1.16033e-10 0)
(3 3.35928e-10 0)
(3 8.18223e-10 0)
(3 1.46424e-09 0)
(3 1.69874e-09 0)
(3 1.6693e-09 0)
(3 1.42677e-09 0)
(3 9.23538e-10 0)
(3 4.31692e-10 0)
(3 1.50444e-10 0)
(3 4.04862e-11 0)
(3 8.74437e-12 0)
(3 1.79396e-12 0)
(3 2.80975e-13 0)
(3 2.62909e-14 0)
(3 -2.92652e-15 0)
(3 -1.75999e-14 0)
(3 -7.1173e-14 0)
(3 -2.27905e-13 0)
(3 -3.5083e-13 0)
(3 -2.57574e-13 0)
(3 -7.1231e-14 0)
(3 -7.19277e-15 0)
(3 -1.72479e-15 0)
(3 -1.27451e-15 0)
(3 -1.47165e-15 0)
(3 -1.81562e-15 0)
(3 -1.51392e-15 0)
(3 -7.50405e-16 0)
(3 9.16004e-16 0)
(3 1.27385e-15 0)
(3 8.88827e-16 0)
(3 5.6334e-16 0)
(3 -2.11872e-16 0)
(3 -3.56017e-16 0)
(3 -1.38286e-15 0)
(3 -2.05251e-15 0)
(3 -1.66943e-15 0)
(3 -1.77315e-15 0)
(3 -2.27024e-15 0)
(3 -1.31925e-15 0)
(3 -9.34951e-16 0)
(3 -9.27266e-16 0)
(3 -2.47708e-15 0)
(3 -2.88299e-15 0)
(3 -2.71383e-15 0)
(3 -2.42272e-15 0)
(3 -2.63614e-15 0)
(3 -2.00752e-15 0)
(3 -4.92425e-16 0)
(3 -9.42641e-17 0)
(3 -7.24942e-17 0)
(3 -1.27488e-16 0)
(3 -9.33369e-16 0)
(3 -5.87823e-16 0)
(3 5.11766e-16 0)
(3 8.84233e-16 0)
(3 8.33731e-16 0)
(3 5.62716e-16 0)
(3 1.00236e-15 0)
(3 2.5331e-15 0)
(3 1.00807e-15 0)
(3 3.67658e-16 0)
(3 -1.12984e-15 0)
(3 -2.39006e-15 0)
(3 -2.95106e-15 0)
(3 -2.72336e-15 0)
(3 -2.40995e-15 0)
(3 -2.87001e-15 0)
(3 -2.74553e-15 0)
(3 -4.07852e-15 0)
(3 -4.3657e-15 0)
(3 -4.45773e-15 0)
(3 -4.13667e-15 0)
(3 -1.58312e-15 0)
(3 -1.1632e-15 0)
(3 -9.58137e-16 0)
(3 -7.61166e-16 0)
(3 -3.01104e-16 0)
(3 -5.19947e-16 0)
(3 -4.16184e-16 0)
(3 1.01091e-16 0)
(3 2.78174e-16 0)
(3 3.42753e-17 0)
(3 -3.00179e-16 0)
(3 -1.20978e-15 0)
(3 -1.39415e-15 0)
(3 5.06852e-16 0)
(3 2.18085e-15 0)
(3 2.7006e-15 0)
(3 3.03642e-15 0)
(3 4.9201e-16 0)
(3 -1.01321e-15 0)
(3 -6.04005e-16 0)
(3 5.54606e-16 0)
(3 1.98361e-15 0)
(3 2.59473e-15 0)
(3 5.73277e-15 0)
(3 1.41706e-14 0)
(3 2.72677e-14 0)
(3 3.24639e-14 0)
(3 3.24564e-14 0)
(3 2.72312e-14 0)
(3 1.66378e-14 0)
(3 5.93633e-15 0)
(3 2.4342e-15 0)
(3 -6.18934e-16 0)
(3 -3.0863e-16 0)
(3 2.80679e-16 0)
(3 -2.22291e-16 0)
(3 -1.08386e-15 0)
(3 -2.69357e-15 0)
(3 -8.42975e-15 0)
(3 -1.95807e-14 0)
(3 -2.26064e-14 0)
(3 -1.17794e-14 0)
(3 -1.70289e-15 0)
(3 -7.91995e-16 0)
(3 -2.21406e-15 0)
(3 -3.23538e-15 0)
(3 -2.73565e-15 0)
(3 -1.6369e-15 0)
(3 -1.52652e-15 0)
(3 -1.63318e-15 0)
(3 3.32872e-16 0)
(3 1.59135e-15 0)
(3 1.76268e-15 0)
(3 1.09931e-15 0)
(3 3.02094e-16 0)
(3 -4.26306e-16 0)
(3 -1.61606e-15 0)
(3 -2.85607e-15 0)
(3 -3.34086e-15 0)
(3 -2.55558e-15 0)
(3 -1.72752e-15 0)
(3 -1.57639e-15 0)
(3 -1.85555e-15 0)
(3 -2.02834e-15 0)
(3 -2.4854e-15 0)
(3 -1.71938e-15 0)
(3 -1.3481e-15 0)
(3 -1.25958e-15 0)
(3 -4.82482e-16 0)
(3 4.73947e-17 0)
(3 -2.55547e-16 0)
(3 -4.59492e-16 0)
(3 -4.64772e-16 0)
(3 -5.77737e-16 0)
(3 -1.063e-15 0)
(3 -1.55293e-15 0)
(3 -1.10558e-15 0)
(3 6.32721e-16 0)
(3 1.57778e-15 0)
(3 1.19661e-15 0)
(3 1.41464e-15 0)
(3 1.62539e-15 0)
(3 1.38457e-15 0)
(3 6.39207e-16 0)
(3 5.32935e-17 0)
(3 -6.98079e-16 0)
(3 -1.05642e-15 0)
(3 -2.45789e-15 0)
(3 -2.95904e-15 0)
(3 -2.56359e-15 0)
(3 -3.39447e-15 0)
(3 -4.66459e-15 0)
(3 -5.47526e-15 0)
(3 -4.88527e-15 0)
(3 -4.83711e-15 0)
(3 -4.6539e-15 0)
(3 -9.35802e-16 0)
(3 -6.59833e-16 0)
(3 -3.50618e-16 0)
(3 -3.52994e-16 0)
(3 -3.7804e-16 0)
(3 -1.63909e-16 0)
(3 -6.53383e-16 0)
(3 -2.97487e-16 0)
(3 -8.71812e-16 0)
(3 -1.15151e-15 0)
(3 -1.8251e-15 0)
(3 -1.95993e-15 0)
(3 -1.32713e-15 0)
(3 1.16306e-15 0)
(3 1.63425e-15 0)
(3 2.39316e-15 0)
(3 2.50597e-15 0)
(3 7.52889e-16 0)
(3 5.10847e-16 0)
(3 -3.19299e-17 0)
(3 1.02474e-15 0)
(3 6.47232e-16 0)
(3 -3.8651e-16 0)
(3 -1.04819e-15 0)
(3 -2.38077e-15 0)
(3 -2.54723e-15 0)
(3 -2.698e-15 0)
(3 -2.11577e-15 0)
(3 -2.43833e-15 0)
(3 -1.99181e-15 0)
(3 -1.66665e-15 0)
(3 -1.57548e-15 0)
(3 -6.1419e-16 0)
(3 -9.22557e-16 0)
(3 -1.11254e-15 0)
(3 -1.43143e-15 0)
(3 -1.25844e-15 0)
(3 -1.07908e-15 0)
(3 -1.06465e-15 0)
(3 -1.48279e-15 0)
(3 -1.4489e-15 0)
(3 -3.03715e-16 0)
(3 -8.91996e-16 0)
(3 -1.14695e-15 0)
(3 -2.13844e-15 0)
(3 -2.8717e-15 0)
(3 -2.66345e-15 0)
(3 -2.71128e-15 0)
(3 -1.52599e-15 0)
(3 -1.0623e-15 0)
(3 -1.01562e-15 0)
(3 -7.71852e-16 0)
(3 -1.41623e-15 0)
(3 -1.53972e-15 0)
(3 -1.43994e-15 0)
(3 -8.06756e-16 0)
(3 -9.74439e-16 0)
(3 -1.84119e-15 0)
(3 -3.48027e-15 0)
(3 -4.48664e-15 0)
(3 -4.39216e-15 0)
(3 -3.20862e-15 0)
(3 -2.40362e-15 0)
(3 -1.07604e-15 0)
(3 -3.92922e-16 0)
(3 -6.25735e-16 0)
(3 -7.62909e-16 0)
(3 -7.74905e-16 0)
(3 -1.12996e-15 0)
(3 -1.65277e-15 0)
(3 -1.32764e-15 0)
(3 -2.19971e-16 0)
(3 -3.91767e-16 0)
(3 -1.1438e-15 0)
(3 -1.13952e-15 0)
(3 -4.99228e-17 0)
(3 1.36695e-15 0)
(3 1.21657e-15 0)
(3 1.0323e-15 0)
(3 1.10931e-15 0)
(3 1.31799e-15 0)
(3 1.45606e-15 0)
(3 8.57482e-16 0)
(3 9.70621e-16 0)
(3 8.54579e-16 0)
(3 1.09118e-15 0)
(3 5.68137e-16 0)
(3 -9.34123e-16 0)
(3 -1.80129e-15 0)
(3 -1.49125e-15 0)
(3 -2.71024e-15 0)
(3 -5.1642e-15 0)
(3 -6.81199e-15 0)
(3 -6.57218e-15 0)
(3 -5.69869e-15 0)
(3 -2.61505e-15 0)
(3 -1.47399e-16 0)
(3 -1.0245e-16 0)
(3 -3.44482e-16 0)
(3 -1.01457e-15 0)
(3 -1.83721e-15 0)
(3 -1.51933e-15 0)
(3 -9.50447e-16 0)
(3 -1.34414e-15 0)
(3 -1.75395e-15 0)
(3 -1.65639e-15 0)
(3 -1.29259e-15 0)
(3 -5.90217e-16 0)
(3 2.86957e-16 0)
(3 4.71696e-16 0)
(3 7.64142e-16 0)
(3 4.10921e-16 0)
(3 2.36472e-16 0)
(3 2.08924e-15 0)
(3 2.11957e-15 0)
(3 2.03405e-15 0)
(3 2.3296e-15 0)
(3 9.02491e-16 0)
(3 9.35542e-17 0)
(3 -2.56791e-16 0)
(3 -5.55154e-16 0)
(3 -1.7739e-15 0)
(3 -1.99133e-15 0)
(3 -1.77406e-15 0)
(3 -9.94731e-16 0)
(3 -4.75725e-16 0)
(3 1.18316e-17 0)
(3 -3.87845e-16 0)
(3 -4.14489e-16 0)
(3 -1.83389e-15 0)
(3 -2.5003e-15 0)
(3 -2.4596e-15 0)
(3 -1.67872e-15 0)
(3 -1.96264e-16 0)
(3 -2.10394e-16 0)
(3 -7.02455e-16 0)
(3 -8.2261e-16 0)
(3 -1.0107e-15 0)
(3 -1.45421e-15 0)
(3 -2.04411e-15 0)
(3 -2.54548e-15 0)
(3 -2.74332e-15 0)
(3 -1.68957e-15 0)
(3 -1.27254e-15 0)
(3 -9.02119e-16 0)
(3 -8.88173e-16 0)
(3 -1.66719e-15 0)
(3 -2.74347e-15 0)
(3 -3.01035e-15 0)
(3 -2.73401e-15 0)
(3 -2.07961e-15 0)
(3 -6.71071e-16 0)
(3 -9.84617e-16 0)
(3 -2.06462e-15 0)
(3 -2.82111e-15 0)
(3 -2.81048e-15 0)
(3 -2.10004e-15 0)
(3 -1.01597e-15 0)
(3 -2.5419e-16 0)
(3 -2.99446e-16 0)
(3 3.58247e-16 0)
(3 1.59006e-16 0)
(3 6.04889e-17 0)
(3 -2.699e-17 0)
(3 -6.58038e-16 0)
(3 -1.28054e-15 0)
(3 -1.63188e-15 0)
(3 -8.48751e-16 0)
(3 -7.30635e-16 0)
(3 -4.93297e-16 0)
(3 -1.72977e-16 0)
(3 1.81454e-15 0)
(3 2.92459e-15 0)
(3 1.29795e-15 0)
(3 8.9599e-16 0)
(3 7.52221e-16 0)
(3 7.44492e-16 0)
(3 1.65491e-16 0)
(3 -1.31698e-15 0)
(3 -8.32571e-16 0)
(3 1.70148e-16 0)
(3 8.47375e-16 0)
(3 8.61138e-16 0)
(3 1.1628e-15 0)
(3 -7.3921e-16 0)
(3 -2.07332e-15 0)
(3 -2.74235e-15 0)
(3 -3.21864e-15 0)
(3 -3.56804e-15 0)
(3 -3.92742e-15 0)
(3 -2.86499e-15 0)
(3 -2.2485e-15 0)
(3 -1.04128e-15 0)
(3 -1.21455e-15 0)
(3 -1.06703e-15 0)
(3 -1.11985e-15 0)
(3 -2.37848e-15 0)
(3 -2.33408e-15 0)
(3 -1.82492e-15 0)
(3 -2.08048e-15 0)
(3 -1.56933e-15 0)
(3 -7.74792e-16 0)
(3 4.92186e-17 0)
(3 6.38097e-16 0)
(3 7.60627e-17 0)
(3 1.08983e-16 0)
(3 3.37337e-17 0)
(3 1.18374e-16 0)
(3 5.50616e-16 0)
(3 1.0776e-15 0)
(3 1.19734e-15 0)
(3 1.77218e-15 0)
(3 1.66259e-15 0)
(3 1.08315e-15 0)
(3 3.02813e-16 0)
(3 6.42653e-16 0)
(3 2.36824e-16 0)
(3 -4.89937e-16 0)
(3 -9.14063e-16 0)
(3 -9.91535e-16 0)
(3 -5.3642e-16 0)
(3 -3.86231e-16 0)
(3 -6.22353e-16 0)
(3 -1.05063e-15 0)
(3 -2.03057e-15 0)
(3 -2.15421e-15 0)
(3 -2.662e-15 0)
(3 -2.64703e-15 0)
(3 -1.74707e-15 0)
(3 -4.90793e-16 0)
(3 -1.95523e-16 0)
(3 3.71683e-17 0)
(3 3.7826e-16 0)
(3 -5.93179e-17 0)
(3 -9.37069e-16 0)
(3 -3.00483e-15 0)
(3 -3.3991e-15 0)
(3 -2.44125e-15 0)
(3 -1.09415e-15 0)
(3 -1.46101e-16 0)
(3 -9.03989e-17 0)
(3 -1.23155e-15 0)
(3 -2.77834e-15 0)
(3 -3.36468e-15 0)
(3 -1.20009e-15 0)
(3 -5.81545e-16 0)
(3 -8.66819e-16 0)
(3 -1.49931e-15 0)
(3 -1.72658e-15 0)
(3 -1.8187e-15 0)
(3 -1.58521e-15 0)
(3 -1.62158e-15 0)
(3 -5.00226e-16 0)
(3 6.99659e-16 0)
(3 1.34733e-15 0)
(3 7.11527e-16 0)
(3 5.53945e-17 0)
(3 4.26929e-16 0)
(3 3.19004e-16 0)
(3 -1.97624e-16 0)
(3 -4.08708e-16 0)
(3 2.27984e-16 0)
(3 -1.78626e-16 0)
(3 -3.03104e-16 0)
(3 -1.09689e-17 0)
(3 3.06499e-16 0)
(3 3.64458e-16 0)
(3 2.2022e-15 0)
(3 2.80168e-15 0)
(3 4.64194e-17 0)
(3 -8.45981e-16 0)
(3 -6.90417e-16 0)
(3 -8.74813e-16 0)
(3 -1.14674e-15 0)
(3 -1.84453e-15 0)
(3 -7.63271e-16 0)
(3 4.66798e-16 0)
(3 4.59931e-16 0)
(3 1.71824e-15 0)
(3 2.42755e-15 0)
(3 1.31615e-15 0)
(3 -1.60228e-15 0)
(3 -1.6204e-15 0)
(3 -1.38259e-15 0)
(3 8.68653e-17 0)
(3 5.42962e-16 0)
(3 -1.52363e-15 0)
(3 -1.59103e-15 0)
(3 -3.06463e-16 0)
(3 -7.06689e-16 0)
(3 -2.39489e-16 0)
(3 -2.65619e-16 0)
(3 -6.70079e-16 0)
(3 -1.05529e-15 0)
(3 -1.03837e-15 0)
(3 -9.17971e-16 0)
(3 -5.5297e-16 0)
(3 -1.62864e-16 0)
(3 2.24325e-16 0)
(3 4.81646e-16 0)
(3 3.31779e-16 0)
(3 5.33447e-16 0)
(3 5.03967e-16 0)
(3 6.42699e-16 0)
(3 8.25549e-16 0)
(3 1.06364e-15 0)
(3 9.00965e-16 0)
(3 9.12801e-16 0)
(3 7.27162e-16 0)
(3 2.05496e-16 0)
(3 -4.05452e-16 0)
(3 -2.43266e-16 0)
(3 -5.24934e-16 0)
(3 -5.12504e-16 0)
(3 -7.1195e-16 0)
(3 -4.85315e-16 0)
(3 -3.78393e-16 0)
(3 -4.79213e-16 0)
(3 -8.92341e-16 0)
(3 -1.10387e-15 0)
(3 -8.7443e-16 0)
(3 -4.78052e-16 0)
(3 -1.18569e-15 0)
(3 -1.54041e-15 0)
(3 -1.39492e-15 0)
(3 -1.08472e-15 0)
(3 -5.68872e-16 0)
(3 -2.87792e-16 0)
(3 -2.19848e-16 0)
(3 2.98153e-16 0)
(3 -4.05839e-16 0)
(3 -1.70255e-15 0)
(3 -1.7111e-15 0)
(3 -1.2638e-15 0)
(3 -8.95777e-16 0)
(3 -2.61492e-16 0)
(3 -3.3322e-17 0)
(3 -9.04894e-16 0)
(3 -2.5432e-15 0)
(3 -2.7421e-15 0)
(3 -1.82955e-15 0)
(3 -1.42217e-15 0)
(3 -1.6784e-15 0)
(3 -2.07275e-15 0)
(3 -1.89851e-15 0)
(3 -1.36968e-15 0)
(3 -1.15249e-15 0)
(3 -1.51072e-15 0)
(3 -1.05062e-15 0)
(3 -4.88758e-16 0)
(3 3.19886e-16 0)
(3 3.54221e-16 0)
(3 6.54958e-17 0)
(3 4.74095e-16 0)
(3 -1.01952e-16 0)
(3 -6.06108e-16 0)
(3 -3.88132e-16 0)
(3 2.26524e-17 0)
(3 3.40379e-16 0)
(3 6.2308e-17 0)
(3 4.39739e-16 0)
(3 5.57128e-16 0)
(3 5.90367e-16 0)
(3 8.94028e-16 0)
(3 8.15819e-16 0)
(3 -2.76891e-17 0)
(3 -3.70301e-16 0)
(3 -3.26739e-16 0)
(3 -6.24705e-16 0)
(3 -1.11542e-15 0)
(3 -7.81687e-16 0)
(3 -1.23595e-16 0)
(3 -1.2542e-16 0)
(3 -1.80394e-16 0)
(3 8.61295e-16 0)
(3 1.38347e-15 0)
(3 7.17273e-16 0)
(3 -4.28799e-16 0)
(3 -1.22497e-15 0)
(3 -3.51819e-16 0)
(3 6.14981e-16 0)
(3 9.80863e-16 0)
(3 -4.07204e-16 0)
(3 -4.8363e-16 0)
)
;

boundaryField
{
    inlet
    {
        type            fixedValue;
        value           uniform (3 0 0);
    }
    outlet
    {
        type            inletOutlet;
        inletValue      uniform (3 0 0);
        value           nonuniform List<vector> 
32
(
(3 -1.64767e-16 0)
(3 -2.00916e-15 0)
(3 -2.98395e-15 0)
(3 -2.27935e-15 0)
(3 -9.81665e-16 0)
(3 -2.72942e-16 0)
(3 9.47161e-17 0)
(3 2.12308e-15 0)
(3 2.00847e-15 0)
(3 4.51823e-16 0)
(3 -1.32543e-15 0)
(3 -1.78635e-15 0)
(3 -1.78715e-15 0)
(3 -1.14416e-15 0)
(3 -8.85817e-16 0)
(3 -8.50358e-16 0)
(3 5.18226e-16 0)
(3 7.01754e-16 0)
(3 4.79535e-16 0)
(3 6.74555e-16 0)
(3 6.51691e-16 0)
(3 4.38624e-16 0)
(3 -2.75291e-16 0)
(3 5.62174e-16 0)
(3 -2.02682e-16 0)
(3 -2.74631e-15 0)
(3 -4.13667e-15 0)
(3 -4.6539e-15 0)
(3 -2.61505e-15 0)
(3 -2.2485e-15 0)
(3 -1.59103e-15 0)
(3 -4.8363e-16 0)
)
;
    }
    bottom
    {
        type            symmetryPlane;
    }
    top
    {
        type            symmetryPlane;
    }
    obstacle
    {
        type            slip;
    }
    defaultFaces
    {
        type            empty;
    }
}


// ************************************************************************* //
