2 	-3.93236 	-1.24028e-18 	1.12328 	0.000782422 	0
2 	-3.79943 	-3.9291e-18 	1.12403 	0.0023374 	0
2 	-3.67115 	-4.53626e-18 	1.12547 	0.00384982 	0
2 	-3.54734 	-6.87813e-18 	1.12752 	0.00534143 	0
2 	-3.42786 	-8.61286e-18 	1.13014 	0.0068152 	0
2 	-3.31256 	-9.9139e-18 	1.13328 	0.00827662 	0
2 	-3.20128 	-1.19088e-17 	1.1369 	0.00972738 	0
2 	-3.09388 	-1.32966e-17 	1.14096 	0.0111666 	0
2 	-2.99024 	-1.52915e-17 	1.14543 	0.0125909 	0
2 	-2.89021 	-1.72865e-17 	1.15028 	0.013995 	0
2 	-2.79368 	-1.79804e-17 	1.15547 	0.0153714 	0
2 	-2.70052 	-1.79804e-17 	1.16098 	0.0167107 	0
2 	-2.61061 	-2.12763e-17 	1.16678 	0.0180019 	0
2 	-2.52385 	-2.39652e-17 	1.17286 	0.0192324 	0
2 	-2.44011 	-2.70877e-17 	1.17917 	0.0203881 	0
2 	-2.35929 	-3.15112e-17 	1.18571 	0.0214536 	0
2 	-2.2813 	-3.22051e-17 	1.19245 	0.0224123 	0
2 	-2.20604 	-3.22051e-17 	1.19937 	0.0232465 	0
2 	-2.1334 	-3.42e-17 	1.20646 	0.023938 	0
2 	-2.06329 	-3.6195e-17 	1.21371 	0.0244675 	0
2 	-1.99564 	-3.6195e-17 	1.2211 	0.0248158 	0
2 	-1.93035 	-3.6195e-17 	1.22864 	0.0249632 	0
2 	-1.86734 	-3.6195e-17 	1.23632 	0.0248902 	0
2 	-1.80652 	-3.55878e-17 	1.24411 	0.024577 	0
2 	-1.74784 	-3.49807e-17 	1.25199 	0.0240032 	0
2 	-1.6912 	-3.56745e-17 	1.25993 	0.0231474 	0
2 	-1.63654 	-3.70623e-17 	1.26789 	0.0219879 	0
2 	-1.58379 	-3.84501e-17 	1.27582 	0.0205026 	0
2 	-1.53288 	-3.9144e-17 	1.2837 	0.0186707 	0
2 	-1.48375 	-3.9144e-17 	1.29148 	0.0164729 	0
2 	-1.43633 	-3.98379e-17 	1.29909 	0.0138924 	0
2 	-1.39057 	-4.05318e-17 	1.30642 	0.010915 	0
2 	-1.34641 	-4.25267e-17 	1.31327 	0.00752848 	0
2 	-1.30379 	-4.52155e-17 	1.31936 	0.00372151 	0
2 	-1.26266 	-4.59094e-17 	1.32427 	-0.000517226 	0
2 	-1.22296 	-4.48686e-17 	1.32746 	-0.0052008 	0
2 	-1.18466 	-4.38277e-17 	1.32827 	-0.0103564 	0
2 	-1.14768 	-4.38277e-17 	1.32603 	-0.0160531 	0
2 	-1.112 	-4.38277e-17 	1.32007 	-0.0223502 	0
2 	-1.07757 	-4.38277e-17 	1.30981 	-0.0290384 	0
2 	-1.03863 	-4.20514e-17 	1.29058 	-0.0378164 	7.07975e-21
2 	-1.01586 	-3.9958e-17 	1.2564 	-0.0426804 	-6.61556e-20
2 	-0.993217 	-4.09841e-17 	1.22779 	-0.0630527 	-2.93428e-20
2 	-0.948059 	-4.40032e-17 	1.17552 	-0.0729765 	-2.32233e-20
2 	-0.900995 	-4.85292e-17 	1.10901 	-0.0864226 	1.80643e-20
2 	-0.876272 	-5.07208e-17 	1.03075 	-0.104014 	1.01738e-20
2 	-0.851886 	-4.48071e-17 	0.98956 	-0.116295 	2.59213e-20
2 	-0.803473 	-3.76615e-17 	0.896785 	-0.138704 	1.94462e-21
2 	-0.753096 	-3.74524e-17 	0.80311 	-0.166398 	-8.32568e-21
2 	-0.71814 	-3.83767e-17 	0.712749 	-0.199118 	-2.84276e-20
2 	-0.692197 	-3.7545e-17 	0.656341 	-0.198254 	4.21574e-20
2 	-0.649352 	-3.747e-17 	0.563083 	-0.235263 	-6.89442e-21
2 	-0.596093 	-3.59978e-17 	0.472579 	-0.276278 	-2.15432e-20
2 	-0.541991 	-3.50827e-17 	0.382916 	-0.320566 	3.31206e-20
2 	-0.502352 	-3.52256e-17 	0.294615 	-0.367458 	-2.0324e-20
2 	-0.474727 	-3.50998e-17 	0.228271 	-0.348629 	2.88866e-20
2 	-0.431525 	-3.67761e-17 	0.14339 	-0.395239 	1.86535e-20
2 	-0.375304 	-3.95517e-17 	0.0696079 	-0.441974 	1.94556e-20
2 	-0.318526 	-3.87104e-17 	0.0119881 	-0.487138 	2.39801e-21
2 	-0.261272 	-3.63218e-17 	-0.0250512 	-0.528839 	1.96761e-20
2 	-0.203624 	-3.69048e-17 	-0.0387338 	-0.565221 	-8.76731e-23
2 	-0.145668 	-3.87722e-17 	-0.0285277 	-0.594746 	-3.81072e-20
2 	-0.0874897 	-3.70676e-17 	0.00432732 	-0.616714 	-2.34821e-21
2 	-0.0291781 	-3.87305e-17 	0.0566735 	-0.631747 	-3.56529e-21
2 	0.0291781 	-4.8098e-17 	0.12372 	-0.641279 	3.88342e-21
2 	0.0874897 	-4.85168e-17 	0.200744 	-0.646754 	1.525e-21
2 	0.145668 	-4.38029e-17 	0.283945 	-0.64913 	4.94113e-20
2 	0.203624 	-4.08946e-17 	0.370798 	-0.648663 	3.52991e-22
2 	0.261272 	-4.15259e-17 	0.459633 	-0.645052 	-4.26316e-20
2 	0.318526 	-4.21799e-17 	0.548949 	-0.637869 	-5.23398e-21
2 	0.375304 	-3.7817e-17 	0.637042 	-0.626846 	-4.00169e-20
2 	0.431525 	-3.46945e-17 	0.722049 	-0.611931 	-4.66713e-20
2 	0.474727 	-3.39422e-17 	0.802148 	-0.593253 	-7.53294e-20
2 	0.502352 	-3.37209e-17 	0.766047 	-0.586004 	3.22948e-20
2 	0.541991 	-3.71644e-17 	0.835112 	-0.56341 	-8.18662e-20
2 	0.596093 	-4.32836e-17 	0.897289 	-0.538555 	5.43615e-20
2 	0.649352 	-4.85723e-17 	0.952005 	-0.511916 	2.10533e-20
2 	0.692197 	-5.188e-17 	0.999122 	-0.484034 	3.89682e-20
2 	0.71814 	-5.30587e-17 	0.947085 	-0.469663 	4.80734e-20
2 	0.753096 	-5.38455e-17 	0.986608 	-0.443595 	1.32125e-21
2 	0.803473 	-5.30138e-17 	1.02024 	-0.417649 	2.43005e-20
2 	0.851886 	-5.30313e-17 	1.04872 	-0.39217 	-4.25217e-20
2 	0.876272 	-5.3047e-17 	0.997643 	-0.378323 	-2.38764e-21
2 	0.900995 	-5.11313e-17 	1.0239 	-0.356625 	-2.69625e-20
2 	0.948059 	-5.04217e-17 	1.04715 	-0.335971 	3.99645e-20
2 	0.993217 	-5.19971e-17 	1.06814 	-0.317935 	-4.15412e-20
2 	1.01586 	-5.37466e-17 	1.02409 	-0.306621 	4.58534e-20
2 	1.03863 	-5.34138e-17 	1.04574 	-0.28962 	-4.42275e-21
2 	1.07757 	-5.19809e-17 	1.06157 	-0.264257 	0
2 	1.112 	-5.19809e-17 	1.06813 	-0.2508 	0
2 	1.14768 	-5.19809e-17 	1.07254 	-0.237977 	0
2 	1.18466 	-5.19809e-17 	1.07588 	-0.225126 	0
2 	1.22296 	-5.19809e-17 	1.07866 	-0.212474 	0
2 	1.26266 	-5.06799e-17 	1.08111 	-0.200092 	0
2 	1.30379 	-4.87717e-17 	1.08334 	-0.18799 	0
2 	1.34641 	-4.88584e-17 	1.0854 	-0.176184 	0
2 	1.39057 	-4.95523e-17 	1.08731 	-0.164694 	0
2 	1.43633 	-5.02462e-17 	1.08908 	-0.153542 	0
2 	1.48375 	-5.09401e-17 	1.09072 	-0.142745 	0
2 	1.53288 	-5.22412e-17 	1.09223 	-0.132323 	0
2 	1.58379 	-5.2935e-17 	1.09362 	-0.122292 	0
2 	1.63654 	-5.30218e-17 	1.09489 	-0.112666 	0
2 	1.6912 	-5.57106e-17 	1.09606 	-0.103458 	0
2 	1.74784 	-5.77055e-17 	1.09714 	-0.0946786 	0
2 	1.80652 	-5.83994e-17 	1.09812 	-0.0863338 	0
2 	1.86734 	-5.77923e-17 	1.099 	-0.0784291 	0
2 	1.93035 	-5.64912e-17 	1.09978 	-0.0709677 	0
2 	1.99564 	-5.64912e-17 	1.10044 	-0.0639509 	0
2 	2.06329 	-5.47565e-17 	1.10099 	-0.0573778 	0
2 	2.1334 	-5.30218e-17 	1.1014 	-0.0512459 	0
2 	2.20604 	-5.17207e-17 	1.10168 	-0.0455502 	0
2 	2.2813 	-5.04197e-17 	1.10182 	-0.0402834 	0
2 	2.35929 	-5.04197e-17 	1.10182 	-0.0354358 	0
2 	2.44011 	-5.04197e-17 	1.10169 	-0.0309953 	0
2 	2.52385 	-5.17207e-17 	1.10144 	-0.0269479 	0
2 	2.61061 	-5.17207e-17 	1.10107 	-0.0232772 	0
2 	2.70052 	-5.04197e-17 	1.1006 	-0.0199653 	0
2 	2.79368 	-5.04197e-17 	1.10005 	-0.0169925 	0
2 	2.89021 	-5.11136e-17 	1.09943 	-0.0143377 	0
2 	2.99024 	-5.12003e-17 	1.09876 	-0.0119783 	0
2 	3.09388 	-5.05932e-17 	1.09807 	-0.00989023 	0
2 	3.20128 	-5.05932e-17 	1.09737 	-0.00804829 	0
2 	3.31256 	-5.05932e-17 	1.0967 	-0.00642546 	0
2 	3.42786 	-5.05932e-17 	1.09607 	-0.0049932 	0
2 	3.54734 	-5.12871e-17 	1.09552 	-0.00372059 	0
2 	3.67115 	-5.26748e-17 	1.09506 	-0.00257337 	0
2 	3.79943 	-5.33687e-17 	1.09474 	-0.00151584 	0
2 	3.93236 	-5.3603e-17 	1.09456 	-0.000499795 	0
