2 	-3.93236 	-1.24028e-18 	-0.0115588
2 	-3.79943 	-3.9291e-18 	-0.0119356
2 	-3.67115 	-4.53626e-18 	-0.0126548
2 	-3.54734 	-6.87813e-18 	-0.0136908
2 	-3.42786 	-8.61286e-18 	-0.015022
2 	-3.31256 	-9.9139e-18 	-0.0166316
2 	-3.20128 	-1.19088e-17 	-0.0185062
2 	-3.09388 	-1.32966e-17 	-0.0206352
2 	-2.99024 	-1.52915e-17 	-0.0230102
2 	-2.89021 	-1.72865e-17 	-0.0256248
2 	-2.79368 	-1.79804e-17 	-0.028474
2 	-2.70052 	-1.79804e-17 	-0.0315541
2 	-2.61061 	-2.12763e-17 	-0.0348625
2 	-2.52385 	-2.39652e-17 	-0.0383976
2 	-2.44011 	-2.70877e-17 	-0.0421584
2 	-2.35929 	-3.15112e-17 	-0.0461448
2 	-2.2813 	-3.22051e-17 	-0.0503572
2 	-2.20604 	-3.22051e-17 	-0.0547968
2 	-2.1334 	-3.42e-17 	-0.0594652
2 	-2.06329 	-3.6195e-17 	-0.0643645
2 	-1.99564 	-3.6195e-17 	-0.0694975
2 	-1.93035 	-3.6195e-17 	-0.0748677
2 	-1.86734 	-3.6195e-17 	-0.0804791
2 	-1.80652 	-3.55878e-17 	-0.0863363
2 	-1.74784 	-3.49807e-17 	-0.0924446
2 	-1.6912 	-3.56745e-17 	-0.0988097
2 	-1.63654 	-3.70623e-17 	-0.105438
2 	-1.58379 	-3.84501e-17 	-0.112335
2 	-1.53288 	-3.9144e-17 	-0.119507
2 	-1.48375 	-3.9144e-17 	-0.126961
2 	-1.43633 	-3.98379e-17 	-0.134703
2 	-1.39057 	-4.05318e-17 	-0.142738
2 	-1.34641 	-4.25267e-17 	-0.151073
2 	-1.30379 	-4.52155e-17 	-0.159713
2 	-1.26266 	-4.59094e-17 	-0.168662
2 	-1.22296 	-4.48686e-17 	-0.177917
2 	-1.18466 	-4.38277e-17 	-0.187478
2 	-1.14768 	-4.38277e-17 	-0.197395
2 	-1.112 	-4.38277e-17 	-0.207693
2 	-1.07757 	-4.38277e-17 	-0.217599
2 	-1.03863 	-4.20514e-17 	-0.22702
2 	-1.01586 	-3.9958e-17 	-0.242709
2 	-0.993217 	-4.09841e-17 	-0.249102
2 	-0.948059 	-4.40032e-17 	-0.265647
2 	-0.900995 	-4.85292e-17 	-0.283347
2 	-0.876272 	-5.07208e-17 	-0.302551
2 	-0.851886 	-4.48071e-17 	-0.306673
2 	-0.803473 	-3.76615e-17 	-0.327329
2 	-0.753096 	-3.74524e-17 	-0.34817
2 	-0.71814 	-3.83767e-17 	-0.368571
2 	-0.692197 	-3.7545e-17 	-0.36526
2 	-0.649352 	-3.747e-17 	-0.383754
2 	-0.596093 	-3.59978e-17 	-0.400675
2 	-0.541991 	-3.50827e-17 	-0.415896
2 	-0.502352 	-3.52256e-17 	-0.430002
2 	-0.474727 	-3.50998e-17 	-0.419874
2 	-0.431525 	-3.67761e-17 	-0.427518
2 	-0.375304 	-3.95517e-17 	-0.433672
2 	-0.318526 	-3.87104e-17 	-0.436815
2 	-0.261272 	-3.63218e-17 	-0.435645
2 	-0.203624 	-3.69048e-17 	-0.429445
2 	-0.145668 	-3.87722e-17 	-0.41779
2 	-0.0874897 	-3.70676e-17 	-0.400571
2 	-0.0291781 	-3.87305e-17 	-0.378101
2 	0.0291781 	-4.8098e-17 	-0.350974
2 	0.0874897 	-4.85168e-17 	-0.319559
2 	0.145668 	-4.38029e-17 	-0.286158
2 	0.203624 	-4.08946e-17 	-0.251192
2 	0.261272 	-4.15259e-17 	-0.21596
2 	0.318526 	-4.21799e-17 	-0.181802
2 	0.375304 	-3.7817e-17 	-0.149717
2 	0.431525 	-3.46945e-17 	-0.119608
2 	0.474727 	-3.39422e-17 	-0.0978122
2 	0.502352 	-3.37209e-17 	-0.0758892
2 	0.541991 	-3.71644e-17 	-0.0539602
2 	0.596093 	-4.32836e-17 	-0.0387121
2 	0.649352 	-4.85723e-17 	-0.0298438
2 	0.692197 	-5.188e-17 	-0.0266688
2 	0.71814 	-5.30587e-17 	0.00295698
2 	0.753096 	-5.38455e-17 	0.00316457
2 	0.803473 	-5.30138e-17 	-0.000841522
2 	0.851886 	-5.30313e-17 	-0.00785343
2 	0.876272 	-5.3047e-17 	0.0217003
2 	0.900995 	-5.11313e-17 	0.0132518
2 	0.948059 	-5.04217e-17 	0.00331105
2 	0.993217 	-5.19971e-17 	-0.00791966
2 	1.01586 	-5.37466e-17 	0.0200842
2 	1.03863 	-5.34138e-17 	0.0075147
2 	1.07757 	-5.19809e-17 	0.0055005
2 	1.112 	-5.19809e-17 	0.00337982
2 	1.14768 	-5.19809e-17 	0.00125415
2 	1.18466 	-5.19809e-17 	-0.000973096
2 	1.22296 	-5.19809e-17 	-0.00328284
2 	1.26266 	-5.06799e-17 	-0.00562695
2 	1.30379 	-4.87717e-17 	-0.00797042
2 	1.34641 	-4.88584e-17 	-0.0102844
2 	1.39057 	-4.95523e-17 	-0.0125431
2 	1.43633 	-5.02462e-17 	-0.0147242
2 	1.48375 	-5.09401e-17 	-0.0168079
2 	1.53288 	-5.22412e-17 	-0.0187767
2 	1.58379 	-5.2935e-17 	-0.0206152
2 	1.63654 	-5.30218e-17 	-0.0223101
2 	1.6912 	-5.57106e-17 	-0.0238507
2 	1.74784 	-5.77055e-17 	-0.0252287
2 	1.80652 	-5.83994e-17 	-0.0264387
2 	1.86734 	-5.77923e-17 	-0.0274779
2 	1.93035 	-5.64912e-17 	-0.0283302
2 	1.99564 	-5.64912e-17 	-0.0290242
2 	2.06329 	-5.47565e-17 	-0.0295497
2 	2.1334 	-5.30218e-17 	-0.0299127
2 	2.20604 	-5.17207e-17 	-0.0301206
2 	2.2813 	-5.04197e-17 	-0.0301843
2 	2.35929 	-5.04197e-17 	-0.0301149
2 	2.44011 	-5.04197e-17 	-0.0299252
2 	2.52385 	-5.17207e-17 	-0.0296293
2 	2.61061 	-5.17207e-17 	-0.0292424
2 	2.70052 	-5.04197e-17 	-0.0287805
2 	2.79368 	-5.04197e-17 	-0.0282602
2 	2.89021 	-5.11136e-17 	-0.0276989
2 	2.99024 	-5.12003e-17 	-0.0271139
2 	3.09388 	-5.05932e-17 	-0.0265232
2 	3.20128 	-5.05932e-17 	-0.0259445
2 	3.31256 	-5.05932e-17 	-0.0253956
2 	3.42786 	-5.05932e-17 	-0.0248946
2 	3.54734 	-5.12871e-17 	-0.0244591
2 	3.67115 	-5.26748e-17 	-0.0241067
2 	3.79943 	-5.33687e-17 	-0.0238553
2 	3.93236 	-5.3603e-17 	-0.0237209
