2 	-3.93236 	-1.24028e-18 	1.19424 	-0.00134841 	0
2 	-3.79943 	-3.9291e-18 	1.19484 	-0.00396627 	0
2 	-3.67115 	-4.53626e-18 	1.196 	-0.00649824 	0
2 	-3.54734 	-6.87813e-18 	1.19765 	-0.00891459 	0
2 	-3.42786 	-8.61286e-18 	1.19973 	-0.0112209 	0
2 	-3.31256 	-9.9139e-18 	1.2022 	-0.0134133 	0
2 	-3.20128 	-1.19088e-17 	1.205 	-0.0154881 	0
2 	-3.09388 	-1.32966e-17 	1.20811 	-0.0174427 	0
2 	-2.99024 	-1.52915e-17 	1.21147 	-0.0192741 	0
2 	-2.89021 	-1.72865e-17 	1.21504 	-0.0209795 	0
2 	-2.79368 	-1.79804e-17 	1.2188 	-0.0225559 	0
2 	-2.70052 	-1.79804e-17 	1.22271 	-0.0240009 	0
2 	-2.61061 	-2.12763e-17 	1.22674 	-0.0253119 	0
2 	-2.52385 	-2.39652e-17 	1.23087 	-0.026487 	0
2 	-2.44011 	-2.70877e-17 	1.23506 	-0.0275246 	0
2 	-2.35929 	-3.15112e-17 	1.2393 	-0.0284236 	0
2 	-2.2813 	-3.22051e-17 	1.24356 	-0.0291837 	0
2 	-2.20604 	-3.22051e-17 	1.24785 	-0.0298055 	0
2 	-2.1334 	-3.42e-17 	1.25215 	-0.03029 	0
2 	-2.06329 	-3.6195e-17 	1.25646 	-0.0306389 	0
2 	-1.99564 	-3.6195e-17 	1.26078 	-0.0308536 	0
2 	-1.93035 	-3.6195e-17 	1.2651 	-0.0309354 	0
2 	-1.86734 	-3.6195e-17 	1.26941 	-0.030885 	0
2 	-1.80652 	-3.55878e-17 	1.27369 	-0.030703 	0
2 	-1.74784 	-3.49807e-17 	1.27788 	-0.0303906 	0
2 	-1.6912 	-3.56745e-17 	1.28197 	-0.0299501 	0
2 	-1.63654 	-3.70623e-17 	1.28589 	-0.0293843 	0
2 	-1.58379 	-3.84501e-17 	1.28962 	-0.0286951 	0
2 	-1.53288 	-3.9144e-17 	1.2931 	-0.027882 	0
2 	-1.48375 	-3.9144e-17 	1.29623 	-0.0269392 	0
2 	-1.43633 	-3.98379e-17 	1.29886 	-0.0258535 	0
2 	-1.39057 	-4.05318e-17 	1.30076 	-0.0246024 	0
2 	-1.34641 	-4.25267e-17 	1.30155 	-0.0231548 	0
2 	-1.30379 	-4.52155e-17 	1.30075 	-0.0214742 	0
2 	-1.26266 	-4.59094e-17 	1.29772 	-0.0195239 	0
2 	-1.22296 	-4.48686e-17 	1.29181 	-0.0172709 	0
2 	-1.18466 	-4.38277e-17 	1.28234 	-0.0146985 	0
2 	-1.14768 	-4.38277e-17 	1.26878 	-0.0118742 	0
2 	-1.112 	-4.38277e-17 	1.25082 	-0.00901402 	0
2 	-1.07757 	-4.38277e-17 	1.22835 	-0.00599889 	0
2 	-1.03863 	-4.20514e-17 	1.1936 	0.0004804 	1.15547e-20
2 	-1.01586 	-3.9958e-17 	1.13476 	0.0084102 	-1.03933e-19
2 	-0.993217 	-4.09841e-17 	1.14578 	0.000368978 	-6.24366e-20
2 	-0.948059 	-4.40032e-17 	1.0739 	0.00774953 	-5.31234e-20
2 	-0.900995 	-4.85292e-17 	0.988618 	0.016253 	3.74497e-20
2 	-0.876272 	-5.07208e-17 	0.890913 	0.0235829 	1.12413e-20
2 	-0.851886 	-4.48071e-17 	0.900106 	0.0155673 	5.38255e-20
2 	-0.803473 	-3.76615e-17 	0.791405 	0.0222955 	-1.25729e-20
2 	-0.753096 	-3.74524e-17 	0.676897 	0.0277068 	-1.34043e-20
2 	-0.71814 	-3.83767e-17 	0.560977 	0.0318218 	-5.57093e-20
2 	-0.692197 	-3.7545e-17 	0.56493 	0.0241784 	9.95e-20
2 	-0.649352 	-3.747e-17 	0.450156 	0.027177 	-2.08599e-20
2 	-0.596093 	-3.59978e-17 	0.341367 	0.0293432 	-5.28467e-20
2 	-0.541991 	-3.50827e-17 	0.240658 	0.031038 	7.40923e-20
2 	-0.502352 	-3.52256e-17 	0.149267 	0.0325586 	-3.58775e-20
2 	-0.474727 	-3.50998e-17 	0.150133 	0.0245396 	6.06065e-20
2 	-0.431525 	-3.67761e-17 	0.0689654 	0.0259774 	3.65672e-20
2 	-0.375304 	-3.95517e-17 	-0.00178669 	0.0276436 	3.11698e-20
2 	-0.318526 	-3.87104e-17 	-0.0621337 	0.0295334 	3.26964e-21
2 	-0.261272 	-3.63218e-17 	-0.11212 	0.0315666 	2.28372e-20
2 	-0.203624 	-3.69048e-17 	-0.151804 	0.033706 	-2.13957e-22
2 	-0.145668 	-3.87722e-17 	-0.181227 	0.0358585 	-3.48964e-20
2 	-0.0874897 	-3.70676e-17 	-0.200421 	0.0379131 	-2.69591e-21
2 	-0.0291781 	-3.87305e-17 	-0.209439 	0.0397501 	-2.8336e-21
2 	0.0291781 	-4.8098e-17 	-0.208384 	0.0412494 	2.93266e-21
2 	0.0874897 	-4.85168e-17 	-0.19745 	0.0422912 	2.21655e-21
2 	0.145668 	-4.38029e-17 	-0.176929 	0.0427547 	3.3879e-20
2 	0.203624 	-4.08946e-17 	-0.147194 	0.042536 	1.02302e-21
2 	0.261272 	-4.15259e-17 	-0.108644 	0.0415709 	-2.49789e-20
2 	0.318526 	-4.21799e-17 	-0.0616137 	0.0398435 	-2.18609e-21
2 	0.375304 	-3.7817e-17 	-0.00625783 	0.0373691 	-2.56322e-20
2 	0.431525 	-3.46945e-17 	0.0575458 	0.0343291 	-2.86458e-20
2 	0.474727 	-3.39422e-17 	0.130246 	0.0310155 	-5.40731e-20
2 	0.502352 	-3.37209e-17 	0.133708 	0.0346886 	2.90363e-20
2 	0.541991 	-3.71644e-17 	0.215554 	0.0309353 	-6.55526e-20
2 	0.596093 	-4.32836e-17 	0.306946 	0.0275921 	4.43589e-20
2 	0.649352 	-4.85723e-17 	0.407941 	0.0251422 	1.5678e-20
2 	0.692197 	-5.188e-17 	0.517564 	0.0240425 	2.73054e-20
2 	0.71814 	-5.30587e-17 	0.516744 	0.0251989 	5.72919e-20
2 	0.753096 	-5.38455e-17 	0.629944 	0.0248481 	4.52936e-21
2 	0.803473 	-5.30138e-17 	0.745275 	0.0262184 	1.30734e-20
2 	0.851886 	-5.30313e-17 	0.857899 	0.0292191 	-5.3278e-20
2 	0.876272 	-5.3047e-17 	0.851583 	0.0273188 	-1.28933e-20
2 	0.900995 	-5.11313e-17 	0.955024 	0.0305983 	-3.53799e-20
2 	0.948059 	-5.04217e-17 	1.0474 	0.0346712 	4.65467e-20
2 	0.993217 	-5.19971e-17 	1.12639 	0.0391991 	-5.64285e-20
2 	1.01586 	-5.37466e-17 	1.11992 	0.0344445 	1.0353e-19
2 	1.03863 	-5.34138e-17 	1.18608 	0.0391794 	-1.03633e-20
2 	1.07757 	-5.19809e-17 	1.22647 	0.0415214 	0
2 	1.112 	-5.19809e-17 	1.25326 	0.0429672 	0
2 	1.14768 	-5.19809e-17 	1.27496 	0.0440841 	0
2 	1.18466 	-5.19809e-17 	1.29163 	0.0449229 	0
2 	1.22296 	-5.19809e-17 	1.30359 	0.0454533 	0
2 	1.26266 	-5.06799e-17 	1.31138 	0.0456578 	0
2 	1.30379 	-4.87717e-17 	1.3157 	0.0455561 	0
2 	1.34641 	-4.88584e-17 	1.31733 	0.0451935 	0
2 	1.39057 	-4.95523e-17 	1.31697 	0.0446268 	0
2 	1.43633 	-5.02462e-17 	1.31522 	0.0439119 	0
2 	1.48375 	-5.09401e-17 	1.31251 	0.0430961 	0
2 	1.53288 	-5.22412e-17 	1.30916 	0.0422137 	0
2 	1.58379 	-5.2935e-17 	1.30534 	0.041287 	0
2 	1.63654 	-5.30218e-17 	1.30118 	0.0403281 	0
2 	1.6912 	-5.57106e-17 	1.29675 	0.0393422 	0
2 	1.74784 	-5.77055e-17 	1.2921 	0.0383303 	0
2 	1.80652 	-5.83994e-17 	1.28727 	0.0372917 	0
2 	1.86734 	-5.77923e-17 	1.28232 	0.0362255 	0
2 	1.93035 	-5.64912e-17 	1.27729 	0.035131 	0
2 	1.99564 	-5.64912e-17 	1.27222 	0.0340077 	0
2 	2.06329 	-5.47565e-17 	1.26713 	0.0328543 	0
2 	2.1334 	-5.30218e-17 	1.26203 	0.0316685 	0
2 	2.20604 	-5.17207e-17 	1.25694 	0.0304473 	0
2 	2.2813 	-5.04197e-17 	1.25186 	0.0291869 	0
2 	2.35929 	-5.04197e-17 	1.2468 	0.0278833 	0
2 	2.44011 	-5.04197e-17 	1.24179 	0.0265329 	0
2 	2.52385 	-5.17207e-17 	1.23684 	0.0251324 	0
2 	2.61061 	-5.17207e-17 	1.23198 	0.0236786 	0
2 	2.70052 	-5.04197e-17 	1.22724 	0.0221686 	0
2 	2.79368 	-5.04197e-17 	1.22266 	0.0205999 	0
2 	2.89021 	-5.11136e-17 	1.21827 	0.0189699 	0
2 	2.99024 	-5.12003e-17 	1.21411 	0.0172762 	0
2 	3.09388 	-5.05932e-17 	1.21021 	0.0155163 	0
2 	3.20128 	-5.05932e-17 	1.20662 	0.0136881 	0
2 	3.31256 	-5.05932e-17 	1.20338 	0.0117894 	0
2 	3.42786 	-5.05932e-17 	1.20054 	0.0098177 	0
2 	3.54734 	-5.12871e-17 	1.19815 	0.00777148 	0
2 	3.67115 	-5.26748e-17 	1.19626 	0.00564959 	0
2 	3.79943 	-5.33687e-17 	1.19494 	0.00344105 	0
2 	3.93236 	-5.3603e-17 	1.19425 	0.00116989 	0
