2 	-3.93236 	-1.24028e-18 	-0.0676427
2 	-3.79943 	-3.9291e-18 	-0.0680717
2 	-3.67115 	-4.53626e-18 	-0.0688851
2 	-3.54734 	-6.87813e-18 	-0.0700497
2 	-3.42786 	-8.61286e-18 	-0.0715323
2 	-3.31256 	-9.9139e-18 	-0.073305
2 	-3.20128 	-1.19088e-17 	-0.0753425
2 	-3.09388 	-1.32966e-17 	-0.0776217
2 	-2.99024 	-1.52915e-17 	-0.0801214
2 	-2.89021 	-1.72865e-17 	-0.0828222
2 	-2.79368 	-1.79804e-17 	-0.0857057
2 	-2.70052 	-1.79804e-17 	-0.0887546
2 	-2.61061 	-2.12763e-17 	-0.0919525
2 	-2.52385 	-2.39652e-17 	-0.0952837
2 	-2.44011 	-2.70877e-17 	-0.0987331
2 	-2.35929 	-3.15112e-17 	-0.102286
2 	-2.2813 	-3.22051e-17 	-0.10593
2 	-2.20604 	-3.22051e-17 	-0.10965
2 	-2.1334 	-3.42e-17 	-0.113434
2 	-2.06329 	-3.6195e-17 	-0.11727
2 	-1.99564 	-3.6195e-17 	-0.121147
2 	-1.93035 	-3.6195e-17 	-0.125054
2 	-1.86734 	-3.6195e-17 	-0.12898
2 	-1.80652 	-3.55878e-17 	-0.132917
2 	-1.74784 	-3.49807e-17 	-0.136855
2 	-1.6912 	-3.56745e-17 	-0.140786
2 	-1.63654 	-3.70623e-17 	-0.1447
2 	-1.58379 	-3.84501e-17 	-0.148591
2 	-1.53288 	-3.9144e-17 	-0.15245
2 	-1.48375 	-3.9144e-17 	-0.156271
2 	-1.43633 	-3.98379e-17 	-0.160046
2 	-1.39057 	-4.05318e-17 	-0.163768
2 	-1.34641 	-4.25267e-17 	-0.167427
2 	-1.30379 	-4.52155e-17 	-0.171015
2 	-1.26266 	-4.59094e-17 	-0.174516
2 	-1.22296 	-4.48686e-17 	-0.177916
2 	-1.18466 	-4.38277e-17 	-0.181201
2 	-1.14768 	-4.38277e-17 	-0.184377
2 	-1.112 	-4.38277e-17 	-0.187415
2 	-1.07757 	-4.38277e-17 	-0.19007
2 	-1.03863 	-4.20514e-17 	-0.192458
2 	-1.01586 	-3.9958e-17 	-0.195627
2 	-0.993217 	-4.09841e-17 	-0.197309
2 	-0.948059 	-4.40032e-17 	-0.19985
2 	-0.900995 	-4.85292e-17 	-0.20208
2 	-0.876272 	-5.07208e-17 	-0.203902
2 	-0.851886 	-4.48071e-17 	-0.205904
2 	-0.803473 	-3.76615e-17 	-0.207439
2 	-0.753096 	-3.74524e-17 	-0.208538
2 	-0.71814 	-3.83767e-17 	-0.209271
2 	-0.692197 	-3.7545e-17 	-0.211364
2 	-0.649352 	-3.747e-17 	-0.211832
2 	-0.596093 	-3.59978e-17 	-0.212033
2 	-0.541991 	-3.50827e-17 	-0.212019
2 	-0.502352 	-3.52256e-17 	-0.211848
2 	-0.474727 	-3.50998e-17 	-0.213885
2 	-0.431525 	-3.67761e-17 	-0.213614
2 	-0.375304 	-3.95517e-17 	-0.213262
2 	-0.318526 	-3.87104e-17 	-0.212869
2 	-0.261272 	-3.63218e-17 	-0.212473
2 	-0.203624 	-3.69048e-17 	-0.212109
2 	-0.145668 	-3.87722e-17 	-0.211809
2 	-0.0874897 	-3.70676e-17 	-0.211608
2 	-0.0291781 	-3.87305e-17 	-0.21148
2 	0.0291781 	-4.8098e-17 	-0.211503
2 	0.0874897 	-4.85168e-17 	-0.211628
2 	0.145668 	-4.38029e-17 	-0.211856
2 	0.203624 	-4.08946e-17 	-0.21217
2 	0.261272 	-4.15259e-17 	-0.212541
2 	0.318526 	-4.21799e-17 	-0.21294
2 	0.375304 	-3.7817e-17 	-0.213331
2 	0.431525 	-3.46945e-17 	-0.213675
2 	0.474727 	-3.39422e-17 	-0.213937
2 	0.502352 	-3.37209e-17 	-0.212119
2 	0.541991 	-3.71644e-17 	-0.212289
2 	0.596093 	-4.32836e-17 	-0.212298
2 	0.649352 	-4.85723e-17 	-0.212095
2 	0.692197 	-5.188e-17 	-0.211617
2 	0.71814 	-5.30587e-17 	-0.209797
2 	0.753096 	-5.38455e-17 	-0.209063
2 	0.803473 	-5.30138e-17 	-0.207936
2 	0.851886 	-5.30313e-17 	-0.206375
2 	0.876272 	-5.3047e-17 	-0.204662
2 	0.900995 	-5.11313e-17 	-0.202792
2 	0.948059 	-5.04217e-17 	-0.200513
2 	0.993217 	-5.19971e-17 	-0.197902
2 	1.01586 	-5.37466e-17 	-0.196482
2 	1.03863 	-5.34138e-17 	-0.193236
2 	1.07757 	-5.19809e-17 	-0.190821
2 	1.112 	-5.19809e-17 	-0.188162
2 	1.14768 	-5.19809e-17 	-0.185121
2 	1.18466 	-5.19809e-17 	-0.181937
2 	1.22296 	-5.19809e-17 	-0.178639
2 	1.26266 	-5.06799e-17 	-0.175223
2 	1.30379 	-4.87717e-17 	-0.171703
2 	1.34641 	-4.88584e-17 	-0.168094
2 	1.39057 	-4.95523e-17 	-0.164412
2 	1.43633 	-5.02462e-17 	-0.160665
2 	1.48375 	-5.09401e-17 	-0.156864
2 	1.53288 	-5.22412e-17 	-0.153016
2 	1.58379 	-5.2935e-17 	-0.149128
2 	1.63654 	-5.30218e-17 	-0.145209
2 	1.6912 	-5.57106e-17 	-0.141265
2 	1.74784 	-5.77055e-17 	-0.137305
2 	1.80652 	-5.83994e-17 	-0.133337
2 	1.86734 	-5.77923e-17 	-0.12937
2 	1.93035 	-5.64912e-17 	-0.125413
2 	1.99564 	-5.64912e-17 	-0.121477
2 	2.06329 	-5.47565e-17 	-0.117571
2 	2.1334 	-5.30218e-17 	-0.113707
2 	2.20604 	-5.17207e-17 	-0.109895
2 	2.2813 	-5.04197e-17 	-0.106148
2 	2.35929 	-5.04197e-17 	-0.102479
2 	2.44011 	-5.04197e-17 	-0.0989016
2 	2.52385 	-5.17207e-17 	-0.0954287
2 	2.61061 	-5.17207e-17 	-0.0920754
2 	2.70052 	-5.04197e-17 	-0.0888566
2 	2.79368 	-5.04197e-17 	-0.0857882
2 	2.89021 	-5.11136e-17 	-0.0828866
2 	2.99024 	-5.12003e-17 	-0.0801693
2 	3.09388 	-5.05932e-17 	-0.0776545
2 	3.20128 	-5.05932e-17 	-0.0753619
2 	3.31256 	-5.05932e-17 	-0.0733126
2 	3.42786 	-5.05932e-17 	-0.0715298
2 	3.54734 	-5.12871e-17 	-0.0700388
2 	3.67115 	-5.26748e-17 	-0.0688678
2 	3.79943 	-5.33687e-17 	-0.0680499
2 	3.93236 	-5.3603e-17 	-0.0676186
