2 	-3.93236 	-1.24028e-18 	-0.0143433
2 	-3.79943 	-3.9291e-18 	-0.0144912
2 	-3.67115 	-4.53626e-18 	-0.0147687
2 	-3.54734 	-6.87813e-18 	-0.0151609
2 	-3.42786 	-8.61286e-18 	-0.015654
2 	-3.31256 	-9.9139e-18 	-0.0162438
2 	-3.20128 	-1.19088e-17 	-0.0168929
2 	-3.09388 	-1.32966e-17 	-0.0175984
2 	-2.99024 	-1.52915e-17 	-0.0183485
2 	-2.89021 	-1.72865e-17 	-0.0191306
2 	-2.79368 	-1.79804e-17 	-0.0199325
2 	-2.70052 	-1.79804e-17 	-0.0207434
2 	-2.61061 	-2.12763e-17 	-0.0215529
2 	-2.52385 	-2.39652e-17 	-0.0223519
2 	-2.44011 	-2.70877e-17 	-0.0231322
2 	-2.35929 	-3.15112e-17 	-0.0238866
2 	-2.2813 	-3.22051e-17 	-0.0246092
2 	-2.20604 	-3.22051e-17 	-0.0252957
2 	-2.1334 	-3.42e-17 	-0.025943
2 	-2.06329 	-3.6195e-17 	-0.0265494
2 	-1.99564 	-3.6195e-17 	-0.0271147
2 	-1.93035 	-3.6195e-17 	-0.0276401
2 	-1.86734 	-3.6195e-17 	-0.028128
2 	-1.80652 	-3.55878e-17 	-0.0285824
2 	-1.74784 	-3.49807e-17 	-0.0290084
2 	-1.6912 	-3.56745e-17 	-0.0294125
2 	-1.63654 	-3.70623e-17 	-0.0298021
2 	-1.58379 	-3.84501e-17 	-0.0301862
2 	-1.53288 	-3.9144e-17 	-0.0305743
2 	-1.48375 	-3.9144e-17 	-0.030977
2 	-1.43633 	-3.98379e-17 	-0.0314054
2 	-1.39057 	-4.05318e-17 	-0.0318708
2 	-1.34641 	-4.25267e-17 	-0.0323849
2 	-1.30379 	-4.52155e-17 	-0.0329598
2 	-1.26266 	-4.59094e-17 	-0.0336076
2 	-1.22296 	-4.48686e-17 	-0.03434
2 	-1.18466 	-4.38277e-17 	-0.0351744
2 	-1.14768 	-4.38277e-17 	-0.0361495
2 	-1.112 	-4.38277e-17 	-0.0372694
2 	-1.07757 	-4.38277e-17 	-0.0382189
2 	-1.03863 	-4.20514e-17 	-0.0391402
2 	-1.01586 	-3.9958e-17 	-0.0317396
2 	-0.993217 	-4.09841e-17 	-0.0627386
2 	-0.948059 	-4.40032e-17 	-0.0546656
2 	-0.900995 	-4.85292e-17 	-0.0476944
2 	-0.876272 	-5.07208e-17 	-0.0413259
2 	-0.851886 	-4.48071e-17 	-0.0757955
2 	-0.803473 	-3.76615e-17 	-0.070859
2 	-0.753096 	-3.74524e-17 	-0.0671253
2 	-0.71814 	-3.83767e-17 	-0.0651606
2 	-0.692197 	-3.7545e-17 	-0.103546
2 	-0.649352 	-3.747e-17 	-0.103933
2 	-0.596093 	-3.59978e-17 	-0.106805
2 	-0.541991 	-3.50827e-17 	-0.112669
2 	-0.502352 	-3.52256e-17 	-0.121842
2 	-0.474727 	-3.50998e-17 	-0.161968
2 	-0.431525 	-3.67761e-17 	-0.172353
2 	-0.375304 	-3.95517e-17 	-0.184963
2 	-0.318526 	-3.87104e-17 	-0.199141
2 	-0.261272 	-3.63218e-17 	-0.213933
2 	-0.203624 	-3.69048e-17 	-0.228232
2 	-0.145668 	-3.87722e-17 	-0.241595
2 	-0.0874897 	-3.70676e-17 	-0.253143
2 	-0.0291781 	-3.87305e-17 	-0.262678
2 	0.0291781 	-4.8098e-17 	-0.270143
2 	0.0874897 	-4.85168e-17 	-0.275539
2 	0.145668 	-4.38029e-17 	-0.278895
2 	0.203624 	-4.08946e-17 	-0.280158
2 	0.261272 	-4.15259e-17 	-0.279303
2 	0.318526 	-4.21799e-17 	-0.276392
2 	0.375304 	-3.7817e-17 	-0.271592
2 	0.431525 	-3.46945e-17 	-0.265184
2 	0.474727 	-3.39422e-17 	-0.257543
2 	0.502352 	-3.37209e-17 	-0.284471
2 	0.541991 	-3.71644e-17 	-0.275538
2 	0.596093 	-4.32836e-17 	-0.265709
2 	0.649352 	-4.85723e-17 	-0.255273
2 	0.692197 	-5.188e-17 	-0.244431
2 	0.71814 	-5.30587e-17 	-0.266071
2 	0.753096 	-5.38455e-17 	-0.253374
2 	0.803473 	-5.30138e-17 	-0.240079
2 	0.851886 	-5.30313e-17 	-0.224924
2 	0.876272 	-5.3047e-17 	-0.239168
2 	0.900995 	-5.11313e-17 	-0.223139
2 	0.948059 	-5.04217e-17 	-0.207677
2 	0.993217 	-5.19971e-17 	-0.192925
2 	1.01586 	-5.37466e-17 	-0.199742
2 	1.03863 	-5.34138e-17 	-0.184905
2 	1.07757 	-5.19809e-17 	-0.177588
2 	1.112 	-5.19809e-17 	-0.170009
2 	1.14768 	-5.19809e-17 	-0.161937
2 	1.18466 	-5.19809e-17 	-0.154033
2 	1.22296 	-5.19809e-17 	-0.146349
2 	1.26266 	-5.06799e-17 	-0.138857
2 	1.30379 	-4.87717e-17 	-0.131559
2 	1.34641 	-4.88584e-17 	-0.124466
2 	1.39057 	-4.95523e-17 	-0.117579
2 	1.43633 	-5.02462e-17 	-0.110899
2 	1.48375 	-5.09401e-17 	-0.104421
2 	1.53288 	-5.22412e-17 	-0.0981416
2 	1.58379 	-5.2935e-17 	-0.0920581
2 	1.63654 	-5.30218e-17 	-0.0861668
2 	1.6912 	-5.57106e-17 	-0.0804648
2 	1.74784 	-5.77055e-17 	-0.074949
2 	1.80652 	-5.83994e-17 	-0.0696169
2 	1.86734 	-5.77923e-17 	-0.0644664
2 	1.93035 	-5.64912e-17 	-0.0594957
2 	1.99564 	-5.64912e-17 	-0.0547037
2 	2.06329 	-5.47565e-17 	-0.0500902
2 	2.1334 	-5.30218e-17 	-0.0456555
2 	2.20604 	-5.17207e-17 	-0.0414007
2 	2.2813 	-5.04197e-17 	-0.0373274
2 	2.35929 	-5.04197e-17 	-0.0334379
2 	2.44011 	-5.04197e-17 	-0.0297348
2 	2.52385 	-5.17207e-17 	-0.0262213
2 	2.61061 	-5.17207e-17 	-0.022901
2 	2.70052 	-5.04197e-17 	-0.019778
2 	2.79368 	-5.04197e-17 	-0.0168571
2 	2.89021 	-5.11136e-17 	-0.0141438
2 	2.99024 	-5.12003e-17 	-0.0116443
2 	3.09388 	-5.05932e-17 	-0.00936607
2 	3.20128 	-5.05932e-17 	-0.00731759
2 	3.31256 	-5.05932e-17 	-0.00550907
2 	3.42786 	-5.05932e-17 	-0.00395267
2 	3.54734 	-5.12871e-17 	-0.00266303
2 	3.67115 	-5.26748e-17 	-0.0016578
2 	3.79943 	-5.33687e-17 	-0.000959208
2 	3.93236 	-5.3603e-17 	-0.000592844
