2 	-3.93236 	-1.24028e-18 	1.11744 	-0.00027725 	0
2 	-3.79943 	-3.9291e-18 	1.11793 	-0.000818023 	0
2 	-3.67115 	-4.53626e-18 	1.11886 	-0.00136476 	0
2 	-3.54734 	-6.87813e-18 	1.12017 	-0.00191805 	0
2 	-3.42786 	-8.61286e-18 	1.12181 	-0.00248972 	0
2 	-3.31256 	-9.9139e-18 	1.12372 	-0.00308784 	0
2 	-3.20128 	-1.19088e-17 	1.12587 	-0.00371927 	0
2 	-3.09388 	-1.32966e-17 	1.12819 	-0.00439077 	0
2 	-2.99024 	-1.52915e-17 	1.13063 	-0.00510857 	0
2 	-2.89021 	-1.72865e-17 	1.13316 	-0.00587837 	0
2 	-2.79368 	-1.79804e-17 	1.13571 	-0.00670536 	0
2 	-2.70052 	-1.79804e-17 	1.13825 	-0.00759432 	0
2 	-2.61061 	-2.12763e-17 	1.14071 	-0.00854955 	0
2 	-2.52385 	-2.39652e-17 	1.14306 	-0.00957461 	0
2 	-2.44011 	-2.70877e-17 	1.14524 	-0.0106725 	0
2 	-2.35929 	-3.15112e-17 	1.14722 	-0.0118456 	0
2 	-2.2813 	-3.22051e-17 	1.14894 	-0.0130956 	0
2 	-2.20604 	-3.22051e-17 	1.15037 	-0.0144233 	0
2 	-2.1334 	-3.42e-17 	1.15148 	-0.0158289 	0
2 	-2.06329 	-3.6195e-17 	1.15222 	-0.0173115 	0
2 	-1.99564 	-3.6195e-17 	1.15257 	-0.018869 	0
2 	-1.93035 	-3.6195e-17 	1.1525 	-0.0204976 	0
2 	-1.86734 	-3.6195e-17 	1.15198 	-0.0221912 	0
2 	-1.80652 	-3.55878e-17 	1.15097 	-0.0239418 	0
2 	-1.74784 	-3.49807e-17 	1.14943 	-0.0257395 	0
2 	-1.6912 	-3.56745e-17 	1.14731 	-0.027573 	0
2 	-1.63654 	-3.70623e-17 	1.14456 	-0.0294297 	0
2 	-1.58379 	-3.84501e-17 	1.14115 	-0.0312958 	0
2 	-1.53288 	-3.9144e-17 	1.13702 	-0.0331553 	0
2 	-1.48375 	-3.9144e-17 	1.13215 	-0.0349876 	0
2 	-1.43633 	-3.98379e-17 	1.12646 	-0.0367649 	0
2 	-1.39057 	-4.05318e-17 	1.11986 	-0.0384482 	0
2 	-1.34641 	-4.25267e-17 	1.11219 	-0.0399835 	0
2 	-1.30379 	-4.52155e-17 	1.10325 	-0.0412994 	0
2 	-1.26266 	-4.59094e-17 	1.09272 	-0.0423059 	0
2 	-1.22296 	-4.48686e-17 	1.08024 	-0.0429002 	0
2 	-1.18466 	-4.38277e-17 	1.06543 	-0.042983 	0
2 	-1.14768 	-4.38277e-17 	1.04789 	-0.0424468 	0
2 	-1.112 	-4.38277e-17 	1.02729 	-0.0410694 	0
2 	-1.07757 	-4.38277e-17 	1.00329 	-0.0386141 	0
2 	-1.03863 	-4.20514e-17 	0.967904 	-0.0353452 	-2.3023e-21
2 	-1.01586 	-3.9958e-17 	0.911239 	-0.0450046 	2.47642e-20
2 	-0.993217 	-4.09841e-17 	0.931813 	-0.00896611 	3.49607e-21
2 	-0.948059 	-4.40032e-17 	0.866341 	-0.00759848 	2.97023e-21
2 	-0.900995 	-4.85292e-17 	0.783969 	-0.00502018 	-5.25716e-21
2 	-0.876272 	-5.07208e-17 	0.68381 	0.00144203 	-5.16007e-21
2 	-0.851886 	-4.48071e-17 	0.729125 	0.0415878 	-8.11761e-21
2 	-0.803473 	-3.76615e-17 	0.618602 	0.0549239 	-5.46609e-21
2 	-0.753096 	-3.74524e-17 	0.495433 	0.0707148 	3.41219e-21
2 	-0.71814 	-3.83767e-17 	0.368067 	0.0855407 	7.56918e-21
2 	-0.692197 	-3.7545e-17 	0.421075 	0.132818 	-7.00239e-21
2 	-0.649352 	-3.747e-17 	0.29101 	0.151165 	-1.05514e-21
2 	-0.596093 	-3.59978e-17 	0.172016 	0.16253 	-4.80935e-21
2 	-0.541991 	-3.50827e-17 	0.0740217 	0.162193 	1.47458e-20
2 	-0.502352 	-3.52256e-17 	0.00349852 	0.149403 	-1.14482e-20
2 	-0.474727 	-3.50998e-17 	0.00949682 	0.229778 	2.19857e-20
2 	-0.431525 	-3.67761e-17 	-0.0508718 	0.216233 	2.01938e-20
2 	-0.375304 	-3.95517e-17 	-0.0812405 	0.190388 	2.27599e-20
2 	-0.318526 	-3.87104e-17 	-0.0847614 	0.154825 	3.57576e-21
2 	-0.261272 	-3.63218e-17 	-0.0655722 	0.11295 	2.66724e-20
2 	-0.203624 	-3.69048e-17 	-0.0281031 	0.0686166 	-2.03174e-22
2 	-0.145668 	-3.87722e-17 	0.0231036 	0.0225919 	-5.45643e-20
2 	-0.0874897 	-3.70676e-17 	0.0862963 	-0.0232267 	-4.37298e-21
2 	-0.0291781 	-3.87305e-17 	0.16038 	-0.0658759 	-5.51659e-21
2 	0.0291781 	-4.8098e-17 	0.242493 	-0.105183 	6.20076e-21
2 	0.0874897 	-4.85168e-17 	0.330021 	-0.140532 	4.54859e-21
2 	0.145668 	-4.38029e-17 	0.420537 	-0.171716 	8.07452e-20
2 	0.203624 	-4.08946e-17 	0.511837 	-0.198784 	2.24744e-21
2 	0.261272 	-4.15259e-17 	0.60222 	-0.222025 	-6.42757e-20
2 	0.318526 	-4.21799e-17 	0.690689 	-0.241911 	-6.03387e-21
2 	0.375304 	-3.7817e-17 	0.776977 	-0.259022 	-6.54419e-20
2 	0.431525 	-3.46945e-17 	0.861273 	-0.273779 	-7.28411e-20
2 	0.474727 	-3.39422e-17 	0.94388 	-0.28626 	-1.32118e-19
2 	0.502352 	-3.37209e-17 	0.98395 	-0.378714 	6.81021e-20
2 	0.541991 	-3.71644e-17 	1.06091 	-0.382317 	-1.54586e-19
2 	0.596093 	-4.32836e-17 	1.13288 	-0.381569 	1.00847e-19
2 	0.649352 	-4.85723e-17 	1.19785 	-0.37591 	3.52859e-20
2 	0.692197 	-5.188e-17 	1.25375 	-0.365131 	5.98397e-20
2 	0.71814 	-5.30587e-17 	1.2537 	-0.424271 	1.08477e-19
2 	0.753096 	-5.38455e-17 	1.29147 	-0.402592 	6.36127e-21
2 	0.803473 	-5.30138e-17 	1.31939 	-0.377929 	3.05973e-20
2 	0.851886 	-5.30313e-17 	1.33822 	-0.351341 	-8.5601e-20
2 	0.876272 	-5.3047e-17 	1.30906 	-0.388865 	-1.52085e-20
2 	0.900995 	-5.11313e-17 	1.31894 	-0.359163 	-5.37673e-20
2 	0.948059 	-5.04217e-17 	1.32394 	-0.330478 	7.00042e-20
2 	0.993217 	-5.19971e-17 	1.32538 	-0.303396 	-7.70749e-20
2 	1.01586 	-5.37466e-17 	1.29005 	-0.331358 	1.21903e-19
2 	1.03863 	-5.34138e-17 	1.29207 	-0.301717 	-1.15388e-20
2 	1.07757 	-5.19809e-17 	1.29296 	-0.275597 	0
2 	1.112 	-5.19809e-17 	1.28871 	-0.265195 	0
2 	1.14768 	-5.19809e-17 	1.28261 	-0.255022 	0
2 	1.18466 	-5.19809e-17 	1.27569 	-0.244444 	0
2 	1.22296 	-5.19809e-17 	1.2684 	-0.233927 	0
2 	1.26266 	-5.06799e-17 	1.26096 	-0.223555 	0
2 	1.30379 	-4.87717e-17 	1.25347 	-0.213321 	0
2 	1.34641 	-4.88584e-17 	1.24601 	-0.203231 	0
2 	1.39057 	-4.95523e-17 	1.23859 	-0.193298 	0
2 	1.43633 	-5.02462e-17 	1.23125 	-0.183533 	0
2 	1.48375 	-5.09401e-17 	1.22401 	-0.173946 	0
2 	1.53288 	-5.22412e-17 	1.21688 	-0.164547 	0
2 	1.58379 	-5.2935e-17 	1.20988 	-0.155348 	0
2 	1.63654 	-5.30218e-17 	1.20303 	-0.146361 	0
2 	1.6912 	-5.57106e-17 	1.19636 	-0.137595 	0
2 	1.74784 	-5.77055e-17 	1.18988 	-0.129061 	0
2 	1.80652 	-5.83994e-17 	1.18361 	-0.120767 	0
2 	1.86734 	-5.77923e-17 	1.17754 	-0.11272 	0
2 	1.93035 	-5.64912e-17 	1.17168 	-0.104927 	0
2 	1.99564 	-5.64912e-17 	1.16603 	-0.0973952 	0
2 	2.06329 	-5.47565e-17 	1.16058 	-0.0901297 	0
2 	2.1334 	-5.30218e-17 	1.15533 	-0.0831367 	0
2 	2.20604 	-5.17207e-17 	1.15027 	-0.0764216 	0
2 	2.2813 	-5.04197e-17 	1.14541 	-0.0699887 	0
2 	2.35929 	-5.04197e-17 	1.14075 	-0.0638412 	0
2 	2.44011 	-5.04197e-17 	1.1363 	-0.0579811 	0
2 	2.52385 	-5.17207e-17 	1.13205 	-0.0524083 	0
2 	2.61061 	-5.17207e-17 	1.12802 	-0.0471213 	0
2 	2.70052 	-5.04197e-17 	1.12421 	-0.042116 	0
2 	2.79368 	-5.04197e-17 	1.12063 	-0.0373862 	0
2 	2.89021 	-5.11136e-17 	1.11729 	-0.0329233 	0
2 	2.99024 	-5.12003e-17 	1.1142 	-0.0287155 	0
2 	3.09388 	-5.05932e-17 	1.11137 	-0.0247481 	0
2 	3.20128 	-5.05932e-17 	1.10882 	-0.0210025 	0
2 	3.31256 	-5.05932e-17 	1.10656 	-0.0174564 	0
2 	3.42786 	-5.05932e-17 	1.1046 	-0.0140825 	0
2 	3.54734 	-5.12871e-17 	1.10298 	-0.0108482 	0
2 	3.67115 	-5.26748e-17 	1.1017 	-0.00771388 	0
2 	3.79943 	-5.33687e-17 	1.10082 	-0.00463493 	0
2 	3.93236 	-5.3603e-17 	1.10035 	-0.0015482 	0
