/*--------------------------------*- C++ -*----------------------------------*\
  =========                 |
  \\      /  F ield         | OpenFOAM: The Open Source CFD Toolbox
   \\    /   O peration     | Website:  https://openfoam.org
    \\  /    A nd           | Version:  7
     \\/     M anipulation  |
\*---------------------------------------------------------------------------*/
FoamFile
{
    version     2.0;
    format      ascii;
    class       volVectorField;
    location    "0.2";
    object      U;
}
// * * * * * * * * * * * * * * * * * * * * * * * * * * * * * * * * * * * * * //

dimensions      [0 1 -1 0 0 0 0];

internalField   nonuniform List<vector> 
4032
(
(3 1.16661e-17 0)
(3 1.31645e-18 0)
(3 -9.28704e-17 0)
(3 -2.17217e-16 0)
(3 -3.96453e-16 0)
(3 -5.37419e-16 0)
(3 -7.13182e-16 0)
(3 -8.50682e-16 0)
(3 -6.89366e-16 0)
(3 -3.82772e-16 0)
(3 -1.62062e-16 0)
(3 -6.69747e-17 0)
(3 7.81752e-17 0)
(3 -3.98705e-17 0)
(3 -3.72812e-16 0)
(3 -3.05604e-16 0)
(2.97499 0.000512036 0)
(0.906773 0.03773 0)
(0.388025 0.0554626 0)
(0.318816 0.0505292 0)
(0.21097 0.0421738 0)
(0.127401 0.0373238 0)
(0.0912799 0.0337962 0)
(0.0308934 0.0345013 0)
(3 1.67488e-16 0)
(3 1.4755e-16 0)
(3 1.38514e-16 0)
(3 3.81123e-16 0)
(3 3.87471e-16 0)
(3 -3.66385e-16 0)
(3 -8.98675e-16 0)
(3 -1.07574e-15 0)
(3 -4.6433e-16 0)
(3 -2.32847e-16 0)
(3 -6.34235e-16 0)
(3 -4.81323e-16 0)
(3 -7.6252e-16 0)
(3 -1.16787e-15 0)
(3 -1.28934e-15 0)
(3 -6.81996e-16 0)
(2.99731 0.000447457 0)
(0.969834 0.1694 0)
(0.382838 0.199957 0)
(0.29195 0.158242 0)
(0.193262 0.121342 0)
(0.117722 0.10757 0)
(0.0849528 0.100107 0)
(0.0282817 0.104042 0)
(3 7.16449e-18 0)
(3 2.33883e-16 0)
(3 3.81258e-16 0)
(3 3.16667e-16 0)
(3 4.00743e-16 0)
(3 1.85521e-16 0)
(3 -2.85768e-16 0)
(3 -1.01973e-17 0)
(3 6.78512e-16 0)
(3 6.0934e-16 0)
(3 -6.71102e-17 0)
(3 7.6795e-16 0)
(3 2.46893e-16 0)
(3 -1.05644e-15 0)
(3 -1.41032e-15 0)
(3 -1.31643e-15 0)
(3 1.34849e-07 0)
(1.15146 0.293215 0)
(0.428162 0.334039 0)
(0.310309 0.274049 0)
(0.219741 0.210822 0)
(0.137857 0.190043 0)
(0.0980494 0.178677 0)
(0.0305741 0.187363 0)
(3 -1.36972e-16 0)
(3 -1.7719e-16 0)
(3 -3.80896e-17 0)
(3 -3.08458e-16 0)
(3 -2.64059e-16 0)
(3 1.76731e-16 0)
(3 -5.21794e-17 0)
(3 -1.51209e-16 0)
(3 -2.69984e-16 0)
(3 -4.65859e-16 0)
(3 -1.45387e-16 0)
(3 -8.64674e-17 0)
(3 -2.34466e-16 0)
(3 1.69405e-16 0)
(3 -2.66127e-16 0)
(3 -2.19561e-16 0)
(3 8.57683e-16 0)
(1.47981 0.390748 0)
(0.495648 0.460826 0)
(0.320869 0.39986 0)
(0.253426 0.316938 0)
(0.162785 0.294658 0)
(0.109255 0.274996 0)
(0.0288077 0.283327 0)
(3 -7.05959e-18 0)
(3 -9.73226e-17 0)
(3 -1.58241e-16 0)
(3 5.07163e-17 0)
(3 2.65183e-16 0)
(3 7.96136e-17 0)
(3 -4.02275e-17 0)
(3 -3.23242e-16 0)
(3 -6.51973e-16 0)
(3 -1.08645e-15 0)
(3 -3.72223e-16 0)
(3 -1.90874e-16 0)
(3 2.54486e-16 0)
(3 1.35122e-15 0)
(3 1.36759e-15 0)
(3 1.36207e-15 0)
(3 1.00282e-15 0)
(2.01934 0.406878 0)
(0.611353 0.572666 0)
(0.351542 0.522396 0)
(0.318732 0.435768 0)
(0.226974 0.409316 0)
(0.139763 0.389085 0)
(0.0386163 0.39577 0)
(3 -2.85758e-17 0)
(3 -1.58262e-16 0)
(3 -4.50582e-16 0)
(3 1.15476e-16 0)
(3 1.36068e-16 0)
(3 2.24734e-16 0)
(3 1.92763e-16 0)
(3 -2.02829e-16 0)
(3 -1.11437e-15 0)
(3 -1.31525e-15 0)
(3 1.87661e-16 0)
(3 8.983e-16 0)
(3 7.39419e-16 0)
(3 -1.52137e-16 0)
(3 -3.91994e-16 0)
(3 -4.89534e-16 0)
(3 -1.5131e-15 0)
(2.72786 0.223055 0)
(0.828299 0.662688 0)
(0.434058 0.646975 0)
(0.397026 0.576358 0)
(0.277081 0.549089 0)
(0.151178 0.528968 0)
(0.0347584 0.53494 0)
(3 -1.42694e-16 0)
(3 -4.45902e-16 0)
(3 -3.63521e-16 0)
(3 -2.40652e-16 0)
(3 -6.44413e-16 0)
(3 -4.00446e-16 0)
(3 2.72167e-17 0)
(3 3.54917e-16 0)
(3 -1.06703e-16 0)
(3 -4.22527e-16 0)
(3 1.18792e-15 0)
(3 1.13737e-15 0)
(3 -1.13448e-15 0)
(3 -1.50881e-15 0)
(3 -2.21977e-15 0)
(3 -2.16341e-15 0)
(3 -2.23011e-15 0)
(3.0082 0.0156954 0)
(1.31781 0.714141 0)
(0.569668 0.785903 0)
(0.47653 0.741785 0)
(0.351452 0.692854 0)
(0.221268 0.663594 0)
(0.0866478 0.692948 0)
(3 6.07187e-17 0)
(3 2.36986e-16 0)
(3 3.9988e-16 0)
(3 1.15209e-16 0)
(3 -1.03958e-16 0)
(3 -1.59022e-16 0)
(3 2.78267e-16 0)
(3 9.10089e-16 0)
(3 1.51956e-15 0)
(3 1.29151e-15 0)
(3 1.4611e-16 0)
(3 -3.12386e-16 0)
(3 -5.01934e-16 0)
(3 1.5829e-17 0)
(3 -1.18675e-15 0)
(3 -1.70805e-15 0)
(3 -2.30975e-15 0)
(3.00007 4.84884e-05 0)
(2.22828 0.553225 0)
(0.797735 0.898392 0)
(0.550701 0.89367 0)
(0.464766 0.804457 0)
(0.305503 0.84504 0)
(0.150642 0.993001 0)
(3 2.8046e-16 0)
(3 5.71692e-16 0)
(3 5.7077e-16 0)
(3 2.9354e-16 0)
(3 2.90379e-16 0)
(3 -9.11225e-17 0)
(3 -1.1292e-15 0)
(3 -9.16514e-16 0)
(3 -1.9916e-17 0)
(3 1.58034e-16 0)
(3 -8.34665e-16 0)
(3 -9.20593e-16 0)
(3 -5.73806e-16 0)
(3 -1.04204e-16 0)
(3 -4.02477e-17 0)
(3 1.52647e-16 0)
(3 -8.45694e-16 0)
(3 4.66245e-09 0)
(3.03403 0.0986181 0)
(1.23009 0.938279 0)
(0.682023 0.984839 0)
(0.649833 0.944735 0)
(0.565541 1.08297 0)
(0.659316 1.32188 0)
(3 1.81214e-17 0)
(3 -2.24449e-17 0)
(3 1.68001e-16 0)
(3 7.08996e-17 0)
(3 -1.8216e-16 0)
(3 -5.91214e-16 0)
(3 -1.30278e-15 0)
(3 -1.71123e-15 0)
(3 -1.7602e-15 0)
(3 -1.04313e-15 0)
(3 -1.17675e-15 0)
(3 -8.81378e-16 0)
(3 -4.57736e-16 0)
(3 -4.68304e-16 0)
(3 -4.24913e-16 0)
(3 -6.00639e-16 0)
(3 -1.01968e-15 0)
(3 4.63358e-14 0)
(3.00302 0.00146873 0)
(2.23571 0.671546 0)
(0.978162 1.07195 0)
(0.805174 1.12164 0)
(0.869965 1.16827 0)
(1.09895 1.26355 0)
(3 -2.81903e-16 0)
(3 -1.85882e-16 0)
(3 -9.7526e-17 0)
(3 -2.9831e-16 0)
(3 -6.41082e-16 0)
(3 -6.53544e-16 0)
(3 -1.13344e-17 0)
(3 2.11812e-16 0)
(3 -3.43045e-16 0)
(3 -9.31846e-16 0)
(3 -9.35612e-16 0)
(3 -2.65165e-16 0)
(3 3.35386e-16 0)
(3 8.00743e-16 0)
(3 6.01653e-16 0)
(3 2.76516e-16 0)
(3 7.29461e-18 0)
(3 -6.69041e-16 0)
(3 1.92192e-06 0)
(3.02165 0.0966356 0)
(1.58877 1.02227 0)
(1.02108 1.22869 0)
(1.10343 1.21395 0)
(1.37473 1.21954 0)
(3 -9.57612e-17 0)
(3 -6.55878e-16 0)
(3 -8.86262e-16 0)
(3 -1.32059e-15 0)
(3 -1.43918e-15 0)
(3 -1.97759e-16 0)
(3 1.76511e-16 0)
(3 5.79373e-16 0)
(3 7.30799e-16 0)
(3 -5.21415e-18 0)
(3 -7.39421e-16 0)
(3 -1.67733e-16 0)
(3 -5.55852e-16 0)
(3 -1.25973e-15 0)
(3 -9.01276e-16 0)
(3 -9.81582e-17 0)
(3 3.51934e-16 0)
(3 -4.4238e-16 0)
(3 6.6878e-11 0)
(3.00164 0.00147496 0)
(2.77979 0.420165 0)
(1.47512 1.16045 0)
(1.25784 1.29799 0)
(1.47585 1.25478 0)
(3 1.66281e-16 0)
(3 -7.41117e-17 0)
(3 -4.37919e-16 0)
(3 -3.09592e-16 0)
(3 -7.36821e-16 0)
(3 -4.69437e-16 0)
(3 -2.1371e-16 0)
(3 -3.03465e-16 0)
(3 -7.16542e-16 0)
(3 -8.58561e-16 0)
(3 -7.63997e-16 0)
(3 -8.28406e-16 0)
(3 -9.30418e-16 0)
(3 -2.26265e-15 0)
(3 -2.88242e-15 0)
(3 -1.53848e-15 0)
(3 -8.5948e-16 0)
(3 -1.05618e-15 0)
(3 1.23379e-16 0)
(3 1.2436e-06 0)
(3.00987 0.0238944 0)
(2.47108 0.674583 0)
(1.56199 1.21668 0)
(1.54377 1.28127 0)
(3 1.57681e-16 0)
(3 1.95966e-16 0)
(3 -8.75938e-17 0)
(3 4.2155e-16 0)
(3 6.12455e-16 0)
(3 -1.29202e-16 0)
(3 -1.30936e-17 0)
(3 -3.22714e-16 0)
(3 -2.16686e-15 0)
(3 -2.55135e-15 0)
(3 -2.40858e-15 0)
(3 -2.17895e-15 0)
(3 -1.53938e-15 0)
(3 -9.02677e-16 0)
(3 -7.19532e-16 0)
(3 -4.59808e-16 0)
(3 -3.11265e-16 0)
(3 -1.64795e-16 0)
(3 -1.91201e-16 0)
(3 3.92937e-11 0)
(3.00007 0.000134438 0)
(2.99476 0.0730986 0)
(2.33752 0.786147 0)
(1.74666 1.2155 0)
(3 -7.39633e-17 0)
(3 2.42216e-16 0)
(3 2.76469e-16 0)
(3 4.83608e-16 0)
(3 8.27792e-16 0)
(3 7.92918e-16 0)
(3 4.97392e-16 0)
(3 -8.34887e-16 0)
(3 -1.86202e-15 0)
(3 -3.08505e-15 0)
(3 -3.48449e-15 0)
(3 -2.35032e-15 0)
(3 -1.13254e-15 0)
(3 -8.01099e-17 0)
(3 1.20686e-15 0)
(3 1.06028e-15 0)
(3 7.26494e-16 0)
(3 7.64567e-16 0)
(3 9.88345e-16 0)
(3 1.8039e-15 0)
(3 3.74622e-08 0)
(3.00021 0.000872342 0)
(2.9627 0.119858 0)
(2.35394 0.78778 0)
(3 -1.03371e-16 0)
(3 2.77115e-16 0)
(3 2.83774e-16 0)
(3 1.67427e-16 0)
(3 -3.80638e-16 0)
(3 -4.6711e-16 0)
(3 -3.65295e-16 0)
(3 -3.5549e-16 0)
(3 -5.1434e-16 0)
(3 -2.02675e-15 0)
(3 -2.51859e-15 0)
(3 -1.38784e-15 0)
(3 -3.95065e-16 0)
(3 2.33074e-16 0)
(3 2.27341e-16 0)
(3 9.59419e-17 0)
(3 1.04883e-15 0)
(3 1.397e-15 0)
(3 9.38613e-16 0)
(3 1.17176e-16 0)
(3 1.06849e-12 0)
(3 6.11067e-07 0)
(3.00017 0.00203197 0)
(2.93435 0.139277 0)
(3 5.21208e-17 0)
(3 -2.07921e-16 0)
(3 -9.615e-17 0)
(3 -3.21103e-16 0)
(3 -6.16194e-16 0)
(3 -9.55732e-16 0)
(3 -1.2327e-15 0)
(3 -2.3944e-16 0)
(3 9.84774e-16 0)
(3 6.94327e-16 0)
(3 7.89298e-16 0)
(3 -2.12601e-16 0)
(3 7.14622e-16 0)
(3 6.71308e-16 0)
(3 1.99378e-16 0)
(3 -3.04574e-16 0)
(3 -1.00189e-16 0)
(3 5.94259e-17 0)
(3 3.36545e-17 0)
(3 6.83522e-16 0)
(3 9.15372e-18 0)
(3 2.36755e-11 0)
(3 2.34416e-06 0)
(2.9997 0.00245751 0)
(3 7.62111e-17 0)
(3 -2.00198e-16 0)
(3 -2.5965e-16 0)
(3 3.12625e-16 0)
(3 1.12046e-15 0)
(3 5.1688e-16 0)
(3 -6.14378e-16 0)
(3 -2.6777e-16 0)
(3 1.36134e-15 0)
(3 3.04577e-15 0)
(3 2.71269e-15 0)
(3 1.58121e-15 0)
(3 1.89954e-15 0)
(3 1.38132e-15 0)
(3 -2.70244e-16 0)
(3 -7.70085e-16 0)
(3 -1.35027e-15 0)
(3 -1.28314e-15 0)
(3 1.12365e-16 0)
(3 7.62369e-16 0)
(3 3.0052e-16 0)
(3 5.44373e-16 0)
(3 1.54564e-10 0)
(3 3.1713e-06 0)
(3 -1.01982e-16 0)
(3 -2.54723e-16 0)
(3 -5.26069e-17 0)
(3 -3.63253e-17 0)
(3 -2.63781e-17 0)
(3 7.7422e-16 0)
(3 8.09305e-16 0)
(3 1.20965e-15 0)
(3 1.49379e-15 0)
(3 2.04828e-15 0)
(3 1.87726e-15 0)
(3 1.24948e-15 0)
(3 4.76317e-16 0)
(3 6.11011e-16 0)
(3 8.92066e-16 0)
(3 6.28722e-16 0)
(3 -1.67005e-16 0)
(3 -7.20473e-16 0)
(3 2.65802e-16 0)
(3 7.40117e-16 0)
(3 5.24676e-16 0)
(3 -3.71015e-16 0)
(3 4.30725e-15 0)
(3 2.39961e-10 0)
(3 -2.56628e-17 0)
(3 1.86496e-16 0)
(3 8.7048e-16 0)
(3 2.06932e-16 0)
(3 -9.83687e-16 0)
(3 -2.16569e-16 0)
(3 1.95977e-16 0)
(3 1.47931e-15 0)
(3 2.27556e-15 0)
(3 2.64735e-15 0)
(3 1.68144e-15 0)
(3 5.13024e-16 0)
(3 -5.62739e-16 0)
(3 -2.04638e-16 0)
(3 2.82075e-16 0)
(3 6.551e-16 0)
(3 4.51392e-16 0)
(3 -9.51898e-17 0)
(3 -1.14727e-17 0)
(3 2.19687e-16 0)
(3 -2.66715e-16 0)
(3 -7.14484e-16 0)
(3 -6.84936e-16 0)
(3 6.21015e-15 0)
(3 1.66959e-16 0)
(3 4.367e-16 0)
(3 8.24969e-16 0)
(3 1.04074e-15 0)
(3 -3.54093e-16 0)
(3 -3.48027e-16 0)
(3 -5.95639e-16 0)
(3 5.58142e-16 0)
(3 2.1911e-15 0)
(3 2.3436e-15 0)
(3 2.17408e-15 0)
(3 1.12181e-15 0)
(3 7.63707e-16 0)
(3 -9.2322e-16 0)
(3 -6.83045e-16 0)
(3 -7.87118e-16 0)
(3 -5.75528e-16 0)
(3 2.72682e-16 0)
(3 7.10405e-16 0)
(3 1.52823e-16 0)
(3 -8.95977e-18 0)
(3 -4.19948e-16 0)
(3 -7.64268e-16 0)
(3 -9.83701e-16 0)
(3 1.04118e-16 0)
(3 3.37753e-16 0)
(3 -1.88375e-16 0)
(3 -3.65407e-16 0)
(3 -5.58049e-16 0)
(3 -3.31477e-16 0)
(3 -5.4863e-16 0)
(3 -4.77608e-16 0)
(3 9.20151e-17 0)
(3 4.25289e-16 0)
(3 1.61342e-15 0)
(3 1.5899e-15 0)
(3 5.07461e-16 0)
(3 4.68655e-16 0)
(3 -1.08057e-15 0)
(3 -2.43053e-15 0)
(3 -1.3678e-15 0)
(3 -6.491e-16 0)
(3 6.10866e-16 0)
(3 4.66732e-16 0)
(3 -1.00917e-16 0)
(3 -1.19637e-16 0)
(3 -1.05368e-15 0)
(3 -1.28202e-15 0)
(3 2.0025e-17 0)
(3 6.45005e-17 0)
(3 -3.90351e-16 0)
(3 -5.02022e-16 0)
(3 2.58551e-16 0)
(3 1.36466e-16 0)
(3 7.83374e-17 0)
(3 -3.53372e-16 0)
(3 -5.53923e-16 0)
(3 -1.60277e-16 0)
(3 3.57084e-16 0)
(3 -3.70486e-16 0)
(3 -1.2126e-15 0)
(3 -1.31999e-15 0)
(3 -2.70855e-15 0)
(3 -2.43273e-15 0)
(3 -2.74845e-15 0)
(3 -3.24035e-15 0)
(3 -2.97943e-15 0)
(3 -2.01727e-15 0)
(3 -1.85141e-15 0)
(3 -1.88248e-15 0)
(3 -1.65408e-15 0)
(3 -9.22961e-16 0)
(3 -3.54577e-17 0)
(3 -1.80634e-16 0)
(3 1.24101e-16 0)
(3 5.97746e-16 0)
(3 1.45791e-15 0)
(3 1.18842e-15 0)
(3 8.10368e-16 0)
(3 9.82705e-17 0)
(3 -6.1213e-16 0)
(3 -7.38082e-16 0)
(3 -1.17324e-15 0)
(3 -1.9179e-15 0)
(3 -2.05899e-15 0)
(3 -2.73802e-15 0)
(3 -4.02724e-15 0)
(3 -3.43044e-15 0)
(3 -4.17152e-15 0)
(3 -5.97625e-15 0)
(3 -4.10205e-15 0)
(3 -2.13956e-15 0)
(3 -1.68196e-15 0)
(3 -1.03702e-15 0)
(3 -6.70136e-16 0)
(3 -1.26363e-15 0)
(3 -1.64272e-16 0)
(3 -3.80543e-16 0)
(3 2.37911e-16 0)
(3 3.98899e-16 0)
(3 3.33972e-16 0)
(3 1.98376e-16 0)
(3 4.06257e-16 0)
(3 2.997e-16 0)
(3 -5.67214e-16 0)
(3 -1.21997e-15 0)
(3 -2.07479e-15 0)
(3 -1.06749e-15 0)
(3 -5.1062e-16 0)
(3 -1.10277e-15 0)
(3 -2.08881e-15 0)
(3 -3.06914e-15 0)
(3 -2.7346e-15 0)
(3 -2.15751e-15 0)
(3 -1.54219e-15 0)
(3 -1.8414e-15 0)
(3 -1.23464e-15 0)
(3 5.07601e-16 0)
(3 6.2228e-16 0)
(3 -8.16844e-16 0)
(3 -9.51299e-17 0)
(3 -1.54136e-17 0)
(3 1.22087e-16 0)
(3 -4.28268e-16 0)
(3 -6.03737e-16 0)
(3 -6.70254e-16 0)
(3 4.34512e-16 0)
(3 8.70523e-16 0)
(3 3.68942e-16 0)
(3 -2.31689e-16 0)
(3 -1.16525e-15 0)
(3 -1.44327e-15 0)
(3 -5.62023e-16 0)
(3 1.08019e-16 0)
(3 5.37486e-16 0)
(3 6.03752e-16 0)
(3 2.10962e-15 0)
(3 2.19646e-15 0)
(3 -1.36644e-16 0)
(3 -9.4642e-16 0)
(3 -6.69562e-16 0)
(3 -8.39805e-16 0)
(3 -1.64443e-15 0)
(3 -1.97944e-16 0)
(3 -1.6443e-16 0)
(3 -1.86449e-16 0)
(3 2.01849e-16 0)
(3 -3.36368e-17 0)
(3 -6.84834e-16 0)
(3 -5.35342e-16 0)
(3 -3.47517e-16 0)
(3 -9.14058e-17 0)
(3 3.90641e-16 0)
(3 7.1429e-16 0)
(3 -2.10876e-16 0)
(3 -1.18804e-15 0)
(3 -1.20209e-15 0)
(3 5.24487e-16 0)
(3 3.35798e-15 0)
(3 3.86102e-15 0)
(3 4.15405e-15 0)
(3 3.38444e-15 0)
(3 1.58679e-15 0)
(3 -4.75429e-16 0)
(3 -1.67358e-15 0)
(3 -3.07507e-15 0)
(3 -2.93135e-15 0)
(3 -1.03453e-15 0)
(3 -4.0753e-17 0)
(3 -1.22992e-16 0)
(3 -2.70863e-16 0)
(3 2.79006e-16 0)
(3 2.5262e-16 0)
(3 -4.90123e-17 0)
(3 -5.50782e-16 0)
(3 -3.90709e-16 0)
(3 2.28862e-16 0)
(3 9.21354e-16 0)
(3 2.18857e-15 0)
(3 2.34053e-15 0)
(3 2.08347e-15 0)
(3 1.48919e-15 0)
(3 9.44226e-16 0)
(3 1.78228e-15 0)
(3 2.34883e-15 0)
(3 2.98833e-15 0)
(3 3.59931e-15 0)
(3 3.59603e-15 0)
(3 2.30106e-15 0)
(3 8.48889e-17 0)
(3 1.22857e-16 0)
(3 1.00105e-16 0)
(3 1.06079e-16 0)
(3 2.20391e-17 0)
(3 -5.18039e-16 0)
(3 -1.99213e-16 0)
(3 5.42206e-16 0)
(3 1.50194e-16 0)
(3 2.99427e-16 0)
(3 6.20754e-16 0)
(3 4.07787e-16 0)
(3 2.38006e-16 0)
(3 1.53975e-15 0)
(3 2.51191e-15 0)
(3 3.22254e-15 0)
(3 3.83553e-15 0)
(3 1.63689e-15 0)
(3 2.12453e-15 0)
(3 2.86294e-15 0)
(3 1.94179e-15 0)
(3 2.6146e-15 0)
(3 2.85088e-15 0)
(3 2.30997e-15 0)
(3 2.04567e-15 0)
(3 1.35096e-15 0)
(3 2.69354e-16 0)
(3 1.62419e-16 0)
(3 8.53254e-17 0)
(3 -6.16841e-17 0)
(3 -5.72616e-16 0)
(3 -7.15004e-16 0)
(3 -1.34128e-16 0)
(3 -3.69986e-16 0)
(3 -5.23986e-16 0)
(3 -3.49764e-16 0)
(3 -2.45578e-16 0)
(3 -1.29379e-16 0)
(3 2.17142e-15 0)
(3 2.83817e-15 0)
(3 2.35801e-15 0)
(3 1.85122e-15 0)
(3 1.26134e-15 0)
(3 5.49875e-16 0)
(3 5.27156e-16 0)
(3 7.1552e-16 0)
(3 1.04743e-15 0)
(3 1.1626e-15 0)
(3 1.81481e-15 0)
(3 1.3212e-15 0)
(3 4.96397e-16 0)
(3 1.9112e-16 0)
(3 4.59883e-16 0)
(3 -3.98725e-17 0)
(3 -5.09249e-16 0)
(3 -8.97012e-16 0)
(3 -6.59445e-16 0)
(3 -7.74031e-16 0)
(3 -1.19833e-15 0)
(3 -3.29542e-16 0)
(3 7.60334e-17 0)
(3 2.67813e-16 0)
(3 1.5157e-15 0)
(3 2.05834e-15 0)
(3 1.27532e-15 0)
(3 7.78438e-16 0)
(3 1.56259e-16 0)
(3 -4.59098e-16 0)
(3 -4.95852e-16 0)
(3 -6.29903e-16 0)
(3 -6.5133e-16 0)
(3 -2.66147e-16 0)
(3 8.67998e-16 0)
(3 1.16107e-15 0)
(3 1.29839e-15 0)
(3 7.66904e-17 0)
(3 3.96866e-16 0)
(3 1.44167e-17 0)
(3 -3.2441e-16 0)
(3 -8.28878e-16 0)
(3 -1.06685e-15 0)
(3 -7.61637e-16 0)
(3 -7.56284e-16 0)
(3 -6.47722e-16 0)
(3 -6.47677e-16 0)
(3 -6.0752e-16 0)
(3 -6.18516e-16 0)
(3 -4.35139e-16 0)
(3 7.04148e-16 0)
(3 1.85515e-15 0)
(3 2.09238e-15 0)
(3 1.97322e-15 0)
(3 5.82163e-16 0)
(3 -1.60671e-15 0)
(3 -2.58398e-15 0)
(3 -2.02214e-15 0)
(3 -9.57391e-16 0)
(3 -2.61791e-16 0)
(3 1.0663e-17 0)
(3 -7.08971e-17 0)
(3 -3.25222e-17 0)
(3 -1.43232e-16 0)
(3 1.84054e-17 0)
(3 2.98304e-17 0)
(3 -4.39609e-16 0)
(3 -1.0566e-15 0)
(3 -5.01337e-16 0)
(3 -9.19571e-16 0)
(3 -1.49371e-15 0)
(3 -9.17813e-16 0)
(3 -6.88699e-16 0)
(3 -1.94223e-16 0)
(3 -4.346e-16 0)
(3 -1.65796e-16 0)
(3 1.96922e-15 0)
(3 2.33576e-15 0)
(3 1.95117e-15 0)
(3 -4.68164e-16 0)
(3 -1.58797e-15 0)
(3 -1.97023e-15 0)
(3 -1.45165e-15 0)
(3 -1.74665e-15 0)
(3 -1.98001e-15 0)
(3 -1.164e-16 0)
(3 -4.12529e-16 0)
(3 -7.93481e-17 0)
(3 8.41632e-16 0)
(3 1.01392e-15 0)
(3 1.0372e-16 0)
(3 1.10675e-16 0)
(3 2.80128e-16 0)
(3 -1.43735e-16 0)
(3 -1.98264e-16 0)
(3 -2.7136e-16 0)
(3 -3.41819e-16 0)
(3 -6.06089e-16 0)
(3 -8.09689e-16 0)
(3 -1.08467e-15 0)
(3 2.42353e-16 0)
(3 1.19327e-15 0)
(3 1.37318e-15 0)
(3 6.55438e-16 0)
(3 2.77143e-16 0)
(3 7.19608e-17 0)
(3 -9.0818e-17 0)
(3 -7.3902e-16 0)
(3 -1.38298e-15 0)
(3 4.92787e-17 0)
(3 2.01707e-16 0)
(3 5.56726e-16 0)
(3 7.74433e-16 0)
(3 3.93191e-16 0)
(3 -7.23769e-16 0)
(3 -7.07674e-16 0)
(3 -8.39506e-16 0)
(3 4.35851e-17 0)
(3 3.28413e-16 0)
(3 2.96388e-16 0)
(3 5.26001e-16 0)
(3 1.71093e-16 0)
(3 2.80737e-16 0)
(3 -7.08418e-16 0)
(3 -1.13898e-15 0)
(3 -1.34727e-15 0)
(3 -9.5248e-16 0)
(3 1.07238e-15 0)
(3 1.26865e-15 0)
(3 1.01721e-15 0)
(3 2.27628e-16 0)
(3 3.77699e-17 0)
(3 9.41149e-17 0)
(3 -9.64694e-17 0)
(3 6.40238e-17 0)
(3 1.90464e-16 0)
(3 -6.59027e-16 0)
(3 -1.16007e-15 0)
(3 -8.9868e-16 0)
(3 -6.80037e-16 0)
(3 -7.05496e-16 0)
(3 -6.69306e-16 0)
(3 -2.53117e-16 0)
(3 5.94597e-16 0)
(3 1.78056e-15 0)
(3 2.51456e-15 0)
(3 7.00049e-16 0)
(3 3.94967e-16 0)
(3 -3.81059e-16 0)
(3 -4.23418e-16 0)
(3 -1.60436e-16 0)
(3 3.14689e-16 0)
(3 8.17379e-16 0)
(3 2.3825e-17 0)
(3 -3.59821e-16 0)
(3 5.23113e-16 0)
(3 1.52805e-15 0)
(3 -1.17472e-17 0)
(3 -3.99613e-16 0)
(3 -5.51831e-16 0)
(3 -1.20929e-15 0)
(3 -8.15563e-17 0)
(3 5.28086e-16 0)
(3 2.06219e-16 0)
(3 -6.39814e-16 0)
(3 -1.36858e-15 0)
(3 -1.3841e-15 0)
(3 -6.38657e-17 0)
(3 8.57952e-16 0)
(3 1.11116e-15 0)
(3 1.62021e-16 0)
(3 1.96961e-16 0)
(3 9.10776e-16 0)
(3 1.61944e-15 0)
(3 5.19049e-16 0)
(3 1.46344e-16 0)
(3 -5.48926e-16 0)
(3 -7.89034e-16 0)
(3 4.96191e-16 0)
(3 1.27943e-15 0)
(3 1.40794e-15 0)
(3 1.82301e-17 0)
(3 -3.37347e-17 0)
(3 -3.00656e-16 0)
(3 -2.14548e-16 0)
(3 7.45768e-16 0)
(3 1.50801e-15 0)
(3 1.73276e-15 0)
(3 1.94056e-15 0)
(3 3.90595e-16 0)
(3 -1.54283e-15 0)
(3 -1.24707e-15 0)
(3 -1.21273e-15 0)
(3 -8.65489e-16 0)
(3 -5.60569e-16 0)
(3 -7.18246e-16 0)
(3 -9.62046e-17 0)
(3 9.7607e-16 0)
(3 1.681e-15 0)
(3 1.21269e-15 0)
(3 4.50965e-16 0)
(3 -2.73472e-16 0)
(3 -3.99531e-16 0)
(3 9.00495e-17 0)
(3 2.20811e-16 0)
(3 -8.29982e-17 0)
(3 1.12745e-17 0)
(3 5.26646e-17 0)
(3 -4.57122e-16 0)
(3 -6.21169e-16 0)
(3 4.39727e-17 0)
(3 2.23995e-15 0)
(3 2.88009e-15 0)
(3 1.91929e-15 0)
(3 2.15724e-16 0)
(3 -1.3903e-15 0)
(3 -2.46182e-15 0)
(3 -2.52627e-15 0)
(3 -1.42525e-15 0)
(3 -4.40317e-16 0)
(3 -5.37344e-16 0)
(3 4.10453e-16 0)
(3 4.5e-16 0)
(3 9.64347e-16 0)
(3 1.78312e-15 0)
(3 8.43879e-16 0)
(3 1.34074e-16 0)
(3 5.17806e-16 0)
(3 1.00991e-15 0)
(3 -7.27238e-17 0)
(3 -3.19987e-16 0)
(3 -2.81298e-16 0)
(3 -4.91861e-16 0)
(3 -5.86485e-16 0)
(3 9.73825e-18 0)
(3 4.31304e-16 0)
(3 7.175e-16 0)
(3 8.46696e-16 0)
(3 6.1129e-16 0)
(3 -3.38814e-16 0)
(3 -1.5221e-15 0)
(3 -1.29847e-15 0)
(3 -7.68931e-16 0)
(3 1.38044e-16 0)
(3 4.04342e-16 0)
(3 1.62836e-16 0)
(3 -2.98979e-16 0)
(3 5.57904e-17 0)
(3 2.47012e-16 0)
(3 2.90147e-16 0)
(3 7.59617e-16 0)
(3 5.75522e-16 0)
(3 7.05449e-16 0)
(1.73157 1.39121 0)
(2.12334 1.73792 0)
(2.40198 0.977831 0)
(2.71514 0.502604 0)
(2.742 0.168546 0)
(2.82128 0.0233537 0)
(2.82093 -0.0862695 0)
(2.81033 -0.131737 0)
(2.87694 -0.126472 0)
(2.92578 -0.0902257 0)
(2.909 -0.070656 0)
(2.88571 -0.0699352 0)
(2.88005 -0.0752101 0)
(2.88871 -0.0822825 0)
(2.90371 -0.0778155 0)
(2.91091 -0.0586342 0)
(2.90627 -0.0397822 0)
(2.89922 -0.0280206 0)
(2.90883 -0.019529 0)
(2.93981 -0.0175776 0)
(2.96539 -0.0240086 0)
(2.97999 -0.0249956 0)
(2.99437 -0.0194386 0)
(3.00749 -0.0140344 0)
(3.02388 -0.00680761 0)
(3.03346 -0.00117502 0)
(3.03404 -6.18569e-05 0)
(3.03254 0.00061779 0)
(3.02634 0.00105322 0)
(3.01276 0.000624215 0)
(3.00184 8.87424e-05 0)
(3.00003 1.14905e-06 0)
(3 -1.48059e-07 0)
(3 -1.29627e-07 0)
(3 -9.95891e-08 0)
(3 -4.99823e-08 0)
(3 -7.90326e-09 0)
(3 -1.32262e-10 0)
(3 8.23319e-12 0)
(3 6.77908e-12 0)
(3 2.90904e-12 0)
(3 2.99007e-13 0)
(3 -1.06533e-15 0)
(3 -3.24845e-15 0)
(3 -2.03541e-15 0)
(3 1.73767e-16 0)
(3 -1.24906e-16 0)
(3 5.56831e-17 0)
(3 2.98766e-16 0)
(3 1.74139e-16 0)
(3 -2.93199e-18 0)
(3 -3.06511e-16 0)
(3 -1.1158e-15 0)
(3 -9.63623e-16 0)
(3 -3.46612e-16 0)
(3 -7.38107e-17 0)
(3 -1.70859e-16 0)
(3 -4.04135e-16 0)
(3 -3.67633e-16 0)
(3 -8.52806e-17 0)
(3 -2.84297e-16 0)
(3 -3.36877e-16 0)
(3 -1.9932e-16 0)
(3 -1.1591e-16 0)
(3 -2.32639e-16 0)
(3 -9.65745e-16 0)
(3 -1.6017e-15 0)
(3 -6.32608e-16 0)
(3 1.00235e-16 0)
(3 1.84117e-17 0)
(3 2.22081e-16 0)
(3 -3.13327e-16 0)
(3 -5.17814e-16 0)
(3 -4.0965e-16 0)
(3 2.7082e-17 0)
(3 -5.73601e-16 0)
(3 -7.426e-16 0)
(3 -9.64238e-16 0)
(3 -1.55754e-15 0)
(3 -1.34346e-15 0)
(3 -9.48953e-17 0)
(3 6.32585e-16 0)
(3 2.64054e-16 0)
(3 5.37029e-17 0)
(3 1.39705e-16 0)
(3 3.08043e-16 0)
(3 2.2998e-16 0)
(3 -7.25482e-16 0)
(3 -5.28924e-16 0)
(3 -2.67582e-17 0)
(3 2.46299e-16 0)
(3 6.88942e-16 0)
(3 4.91937e-16 0)
(3 -3.98702e-17 0)
(3 3.60448e-16 0)
(3 8.29395e-16 0)
(1.96808 1.09427 0)
(2.36484 0.897496 0)
(2.576 0.349426 0)
(2.73041 -0.0958177 0)
(2.83956 -0.207839 0)
(2.93429 -0.286586 0)
(2.88655 -0.386886 0)
(2.95831 -0.343391 0)
(2.96356 -0.214545 0)
(2.98135 -0.0856332 0)
(2.96437 -0.0136167 0)
(2.93703 -0.0104069 0)
(2.92445 -0.0299138 0)
(2.92256 -0.0659243 0)
(2.92295 -0.0888505 0)
(2.91349 -0.0738501 0)
(2.89039 -0.0407578 0)
(2.86786 -0.0108399 0)
(2.86527 0.00849189 0)
(2.88945 0.00762402 0)
(2.92624 -0.0143867 0)
(2.9617 -0.0356154 0)
(2.99295 -0.0397783 0)
(3.02141 -0.0277485 0)
(3.03852 -0.0127303 0)
(3.04235 -0.00621909 0)
(3.04182 -0.00369358 0)
(3.03725 0.00147216 0)
(3.02587 0.00426474 0)
(3.00938 0.00226485 0)
(3.00083 0.00021574 0)
(3.00001 1.47008e-06 0)
(3 -2.90253e-07 0)
(3 -2.71102e-07 0)
(3 -2.24697e-07 0)
(3 -1.03881e-07 0)
(3 -1.11433e-08 0)
(3 -7.58574e-11 0)
(3 2.4367e-11 0)
(3 1.93669e-11 0)
(3 7.63881e-12 0)
(3 6.06293e-13 0)
(3 -9.5457e-16 0)
(3 -3.33139e-15 0)
(3 -1.55215e-15 0)
(3 1.23277e-15 0)
(3 4.07878e-16 0)
(3 -9.6671e-16 0)
(3 -5.81088e-16 0)
(3 -1.86715e-16 0)
(3 2.37322e-16 0)
(3 1.76307e-16 0)
(3 -2.84237e-16 0)
(3 3.9359e-17 0)
(3 5.20513e-16 0)
(3 5.72846e-16 0)
(3 4.74214e-16 0)
(3 7.48979e-16 0)
(3 4.60131e-16 0)
(3 4.83224e-16 0)
(3 7.78262e-16 0)
(3 7.24662e-16 0)
(3 7.56696e-16 0)
(3 4.25598e-16 0)
(3 -4.36679e-16 0)
(3 -1.32283e-15 0)
(3 -1.77612e-15 0)
(3 -7.75231e-16 0)
(3 4.36298e-16 0)
(3 -5.10493e-16 0)
(3 -1.38175e-15 0)
(3 -1.12213e-15 0)
(3 -1.30598e-15 0)
(3 -1.3801e-15 0)
(3 -1.14588e-15 0)
(3 -7.77797e-16 0)
(3 -1.05838e-15 0)
(3 -1.08805e-15 0)
(3 -2.78242e-15 0)
(3 -2.54019e-15 0)
(3 -1.8196e-16 0)
(3 1.07202e-15 0)
(3 5.99914e-16 0)
(3 2.42003e-16 0)
(3 6.77134e-16 0)
(3 1.29817e-15 0)
(3 9.88834e-16 0)
(3 3.44457e-16 0)
(3 -1.23877e-16 0)
(3 -6.29423e-16 0)
(3 -1.58319e-16 0)
(3 1.93713e-16 0)
(3 -2.58165e-16 0)
(3 -7.44576e-16 0)
(3 7.28963e-16 0)
(3 1.54624e-15 0)
(1.91743 1.0782 0)
(2.21627 0.949154 0)
(2.45846 0.681147 0)
(2.6652 0.30904 0)
(2.79784 0.161076 0)
(2.86217 0.194366 0)
(2.91069 0.0269818 0)
(2.93921 -0.103195 0)
(2.96955 -0.121591 0)
(2.9809 -0.111309 0)
(2.97974 -0.11586 0)
(2.98956 -0.146075 0)
(3.01417 -0.191655 0)
(3.03719 -0.239869 0)
(3.0432 -0.243923 0)
(3.02868 -0.214409 0)
(3.00644 -0.176309 0)
(2.98961 -0.145675 0)
(2.98673 -0.124093 0)
(2.98906 -0.102306 0)
(2.98763 -0.0772404 0)
(2.99705 -0.0556506 0)
(3.02191 -0.035655 0)
(3.05107 -0.0163334 0)
(3.05852 -0.0049282 0)
(3.05583 -0.00128402 0)
(3.05045 0.00416548 0)
(3.03798 0.00896592 0)
(3.01988 0.00732509 0)
(3.00391 0.00154214 0)
(3.00012 4.1797e-05 0)
(3 -4.95314e-07 0)
(3 -5.03329e-07 0)
(3 -4.45883e-07 0)
(3 -2.90096e-07 0)
(3 -7.49207e-08 0)
(3 -2.99046e-09 0)
(3 2.6274e-11 0)
(3 2.8542e-11 0)
(3 1.93626e-11 0)
(3 4.77157e-12 0)
(3 1.6639e-13 0)
(3 -1.86469e-15 0)
(3 -1.6407e-15 0)
(3 -3.68637e-16 0)
(3 1.07389e-15 0)
(3 9.53174e-16 0)
(3 -2.02665e-15 0)
(3 -2.19638e-15 0)
(3 -1.10924e-15 0)
(3 1.91449e-16 0)
(3 1.10885e-15 0)
(3 1.40765e-15 0)
(3 1.41923e-15 0)
(3 3.95656e-16 0)
(3 7.52131e-16 0)
(3 1.45839e-15 0)
(3 2.76363e-15 0)
(3 2.55574e-15 0)
(3 2.27149e-15 0)
(3 1.96032e-15 0)
(3 2.78849e-16 0)
(3 -3.68035e-16 0)
(3 -7.65574e-16 0)
(3 -1.16826e-15 0)
(3 -4.87762e-16 0)
(3 -1.42192e-15 0)
(3 -2.26514e-15 0)
(3 -2.6864e-15 0)
(3 -1.19972e-15 0)
(3 -1.02887e-15 0)
(3 -1.21281e-15 0)
(3 -9.61496e-16 0)
(3 -1.01691e-15 0)
(3 -1.83864e-15 0)
(3 -1.7754e-15 0)
(3 -9.1245e-16 0)
(3 -8.37508e-16 0)
(3 -1.11773e-15 0)
(3 -8.99894e-16 0)
(3 3.56328e-17 0)
(3 -4.13739e-16 0)
(3 -1.83615e-15 0)
(3 -1.65662e-15 0)
(3 -6.00342e-16 0)
(3 -6.00867e-16 0)
(3 7.24113e-16 0)
(3 1.64395e-15 0)
(3 1.98631e-15 0)
(3 1.37533e-15 0)
(3 9.81231e-16 0)
(3 3.60666e-17 0)
(3 5.67781e-17 0)
(3 1.07091e-15 0)
(3 1.81039e-15 0)
(3 2.23846e-15 0)
(1.8721 1.11655 0)
(2.17215 0.947301 0)
(2.40523 0.788584 0)
(2.60335 0.52523 0)
(2.70412 0.433622 0)
(2.78068 0.402641 0)
(2.93059 0.153275 0)
(2.94615 -0.113754 0)
(2.96025 -0.156474 0)
(2.99091 -0.176538 0)
(3.02335 -0.240363 0)
(3.03359 -0.302136 0)
(3.06739 -0.336211 0)
(3.09447 -0.335395 0)
(3.09654 -0.320304 0)
(3.08136 -0.291418 0)
(3.06726 -0.269111 0)
(3.06269 -0.256594 0)
(3.06056 -0.237677 0)
(3.05349 -0.20445 0)
(3.0495 -0.157572 0)
(3.06043 -0.100217 0)
(3.08223 -0.0427105 0)
(3.08693 -0.00664582 0)
(3.07945 0.00458589 0)
(3.07089 0.0126544 0)
(3.05596 0.0189032 0)
(3.03338 0.0166834 0)
(3.00959 0.00514944 0)
(3.00055 0.000261459 0)
(3 2.17274e-07 0)
(3 -6.66056e-07 0)
(3 -6.1114e-07 0)
(3 -4.44056e-07 0)
(3 -1.79616e-07 0)
(3 -1.84743e-08 0)
(3 -1.38418e-10 0)
(3 3.21311e-11 0)
(3 2.65343e-11 0)
(3 1.10508e-11 0)
(3 1.051e-12 0)
(3 6.53682e-15 0)
(3 -2.97024e-16 0)
(3 8.7758e-16 0)
(3 8.54784e-16 0)
(3 -1.80315e-16 0)
(3 -7.7709e-16 0)
(3 -8.84629e-16 0)
(3 -3.04443e-16 0)
(3 -1.25636e-16 0)
(3 5.32265e-17 0)
(3 2.8605e-16 0)
(3 9.23787e-16 0)
(3 1.06358e-15 0)
(3 5.77262e-16 0)
(3 4.5433e-16 0)
(3 8.73035e-16 0)
(3 1.22903e-15 0)
(3 1.73187e-15 0)
(3 1.6134e-15 0)
(3 5.75222e-16 0)
(3 -1.10017e-15 0)
(3 -1.25678e-15 0)
(3 -7.26687e-16 0)
(3 -5.9975e-16 0)
(3 5.68377e-16 0)
(3 5.41035e-16 0)
(3 -6.83078e-16 0)
(3 -1.07713e-15 0)
(3 -5.77606e-16 0)
(3 1.00938e-16 0)
(3 5.39618e-16 0)
(3 8.42662e-16 0)
(3 3.6917e-16 0)
(3 4.73971e-16 0)
(3 2.27173e-17 0)
(3 -1.0031e-16 0)
(3 -5.25878e-16 0)
(3 4.22483e-16 0)
(3 1.04347e-15 0)
(3 8.94727e-17 0)
(3 -1.95276e-16 0)
(3 3.15513e-16 0)
(3 2.49464e-16 0)
(3 2.01874e-16 0)
(3 -1.70636e-16 0)
(3 -3.93546e-16 0)
(3 1.53117e-15 0)
(3 2.11808e-15 0)
(3 2.50518e-15 0)
(3 1.86967e-15 0)
(3 5.94591e-16 0)
(3 1.04726e-15 0)
(3 1.201e-15 0)
(3 1.15775e-15 0)
(3 1.73271e-15 0)
(1.79008 1.24292 0)
(2.07326 1.08714 0)
(2.29709 0.937866 0)
(2.49949 0.728444 0)
(2.64082 0.5372 0)
(2.7261 0.509646 0)
(2.79721 0.413053 0)
(2.86684 0.185655 0)
(2.9011 0.100449 0)
(2.94025 0.106777 0)
(2.99838 0.0357917 0)
(3.02419 -0.0426788 0)
(3.04047 -0.0665449 0)
(3.04519 -0.0671221 0)
(3.04714 -0.0637726 0)
(3.04659 -0.0604952 0)
(3.05684 -0.0577121 0)
(3.07269 -0.0595783 0)
(3.07983 -0.0602962 0)
(3.07804 -0.0497249 0)
(3.08671 -0.0325729 0)
(3.11006 -0.00595529 0)
(3.11785 0.0228319 0)
(3.10453 0.0328209 0)
(3.094 0.0387819 0)
(3.08265 0.0411739 0)
(3.05299 0.0327996 0)
(3.01611 0.0112516 0)
(3.00112 0.000742258 0)
(3.00001 3.53862e-06 0)
(3 -5.79118e-07 0)
(3 -5.55672e-07 0)
(3 -4.26159e-07 0)
(3 -1.95602e-07 0)
(3 -2.8588e-08 0)
(3 -5.05778e-10 0)
(3 2.32257e-11 0)
(3 2.15606e-11 0)
(3 1.12118e-11 0)
(3 1.66967e-12 0)
(3 2.75732e-14 0)
(3 1.04143e-15 0)
(3 1.75109e-15 0)
(3 1.76831e-15 0)
(3 1.17339e-15 0)
(3 6.05614e-16 0)
(3 -8.31035e-16 0)
(3 -6.25883e-16 0)
(3 2.31035e-16 0)
(3 5.41184e-16 0)
(3 -1.79433e-17 0)
(3 -6.86086e-16 0)
(3 9.65149e-17 0)
(3 6.33225e-17 0)
(3 -4.38439e-16 0)
(3 -7.1669e-16 0)
(3 -2.92167e-16 0)
(3 -2.86098e-16 0)
(3 -6.1947e-16 0)
(3 -1.15229e-15 0)
(3 -7.29153e-16 0)
(3 -4.90484e-16 0)
(3 2.53339e-16 0)
(3 1.75985e-15 0)
(3 1.5179e-15 0)
(3 1.58411e-15 0)
(3 2.02742e-15 0)
(3 1.63135e-15 0)
(3 9.98022e-16 0)
(3 -3.12871e-16 0)
(3 -7.41564e-16 0)
(3 -2.34768e-17 0)
(3 4.0452e-16 0)
(3 6.02041e-16 0)
(3 8.19622e-16 0)
(3 9.76521e-16 0)
(3 6.63145e-16 0)
(3 -4.98257e-17 0)
(3 2.10299e-17 0)
(3 -1.32104e-16 0)
(3 -5.28498e-16 0)
(3 5.00298e-17 0)
(3 6.42505e-16 0)
(3 3.81362e-16 0)
(3 5.42847e-19 0)
(3 -3.16774e-16 0)
(3 -3.44326e-16 0)
(3 1.36001e-15 0)
(3 1.78174e-15 0)
(3 1.69165e-15 0)
(3 6.48162e-16 0)
(3 2.53688e-16 0)
(3 1.26025e-15 0)
(3 2.22897e-15 0)
(3 2.16564e-15 0)
(3 1.75528e-15 0)
(1.86305 1.24527 0)
(2.01689 1.22354 0)
(2.21657 1.10866 0)
(2.39867 0.933305 0)
(2.53582 0.76353 0)
(2.62859 0.680728 0)
(2.73299 0.542927 0)
(2.84369 0.320878 0)
(2.88276 0.242487 0)
(2.92487 0.217742 0)
(3.01312 0.114435 0)
(3.03265 0.0183315 0)
(3.06269 -0.0504089 0)
(3.07951 -0.0938857 0)
(3.09436 -0.108346 0)
(3.11367 -0.104915 0)
(3.14301 -0.0914313 0)
(3.16415 -0.0668371 0)
(3.16371 -0.0350804 0)
(3.15275 0.00467617 0)
(3.14513 0.0466037 0)
(3.14181 0.0770667 0)
(3.13366 0.0840017 0)
(3.12597 0.08234 0)
(3.10195 0.0726903 0)
(3.06275 0.0506813 0)
(3.02145 0.0180128 0)
(3.0019 0.00142279 0)
(3.00002 9.5288e-06 0)
(3 -4.35725e-07 0)
(3 -4.42194e-07 0)
(3 -3.38094e-07 0)
(3 -1.4824e-07 0)
(3 -2.17754e-08 0)
(3 -4.35816e-10 0)
(3 1.3216e-11 0)
(3 1.3763e-11 0)
(3 7.76525e-12 0)
(3 1.31119e-12 0)
(3 2.61126e-14 0)
(3 -5.77571e-16 0)
(3 7.34876e-16 0)
(3 1.33553e-15 0)
(3 5.74903e-16 0)
(3 3.63863e-16 0)
(3 1.21784e-15 0)
(3 1.42582e-15 0)
(3 1.52707e-15 0)
(3 1.79182e-16 0)
(3 -4.75491e-16 0)
(3 -1.0469e-15 0)
(3 -1.18834e-15 0)
(3 -1.11161e-15 0)
(3 -1.50639e-15 0)
(3 -1.51787e-15 0)
(3 -5.85919e-16 0)
(3 -5.72478e-16 0)
(3 -9.8473e-16 0)
(3 -2.13254e-15 0)
(3 -3.58358e-15 0)
(3 -2.69279e-15 0)
(3 -5.13245e-17 0)
(3 1.03048e-15 0)
(3 1.96684e-15 0)
(3 2.53147e-15 0)
(3 1.72645e-15 0)
(3 8.9528e-16 0)
(3 2.77268e-16 0)
(3 2.78497e-16 0)
(3 -3.56665e-16 0)
(3 -1.94825e-16 0)
(3 4.12535e-17 0)
(3 3.02104e-17 0)
(3 1.63357e-16 0)
(3 1.70448e-16 0)
(3 3.0223e-17 0)
(3 -1.21215e-16 0)
(3 -3.94859e-16 0)
(3 -8.13169e-16 0)
(3 -1.20328e-15 0)
(3 -9.60402e-16 0)
(3 -9.49737e-16 0)
(3 -1.45905e-15 0)
(3 -1.24452e-15 0)
(3 -1.24872e-15 0)
(3 -1.15123e-15 0)
(3 -2.83602e-16 0)
(3 6.2624e-16 0)
(3 1.85616e-15 0)
(3 1.77925e-15 0)
(3 8.12979e-16 0)
(3 8.0001e-16 0)
(3 1.53457e-15 0)
(3 2.16164e-15 0)
(3 2.07996e-15 0)
(3 1.12419e-15 0)
(2.01666 1.14519 0)
(2.15767 1.20212 0)
(2.25728 1.1817 0)
(2.35708 1.10017 0)
(2.46529 0.987742 0)
(2.57333 0.885942 0)
(2.68357 0.771883 0)
(2.78837 0.608859 0)
(2.85121 0.484019 0)
(2.89166 0.445425 0)
(2.97384 0.371405 0)
(3.00809 0.28124 0)
(3.03623 0.234934 0)
(3.06173 0.221523 0)
(3.09234 0.21744 0)
(3.13269 0.217249 0)
(3.17243 0.212403 0)
(3.18535 0.197141 0)
(3.1779 0.182588 0)
(3.16829 0.172232 0)
(3.16133 0.164546 0)
(3.14732 0.146603 0)
(3.12918 0.124345 0)
(3.10431 0.101077 0)
(3.06808 0.0672234 0)
(3.02439 0.0230479 0)
(3.00227 0.00191336 0)
(3.00002 1.58572e-05 0)
(3 -2.13765e-07 0)
(3 -2.37144e-07 0)
(3 -1.7224e-07 0)
(3 -6.68872e-08 0)
(3 -8.48718e-09 0)
(3 -1.48789e-10 0)
(3 6.38577e-12 0)
(3 6.88233e-12 0)
(3 3.85175e-12 0)
(3 6.17956e-13 0)
(3 1.02021e-14 0)
(3 -5.50302e-16 0)
(3 3.35555e-16 0)
(3 1.76305e-15 0)
(3 1.50084e-15 0)
(3 1.0959e-15 0)
(3 5.31219e-16 0)
(3 8.43784e-16 0)
(3 1.22642e-15 0)
(3 1.15915e-15 0)
(3 8.96712e-16 0)
(3 1.81726e-16 0)
(3 -5.44733e-16 0)
(3 -5.10591e-16 0)
(3 -1.46957e-15 0)
(3 -9.90829e-16 0)
(3 1.2945e-16 0)
(3 1.48571e-16 0)
(3 -2.71957e-16 0)
(3 -1.45683e-15 0)
(3 -1.82646e-15 0)
(3 -2.11466e-15 0)
(3 -2.56197e-15 0)
(3 -1.37731e-15 0)
(3 -7.03141e-16 0)
(3 3.16016e-16 0)
(3 1.85558e-15 0)
(3 9.15095e-16 0)
(3 5.54528e-16 0)
(3 9.47306e-16 0)
(3 1.31864e-15 0)
(3 1.18177e-15 0)
(3 1.10773e-15 0)
(3 7.51596e-16 0)
(3 8.60566e-16 0)
(3 9.5155e-16 0)
(3 -5.38182e-16 0)
(3 -1.75712e-15 0)
(3 -1.64185e-15 0)
(3 -9.02014e-16 0)
(3 3.71599e-17 0)
(3 -1.01995e-15 0)
(3 -2.29957e-15 0)
(3 -2.30547e-15 0)
(3 -1.55594e-15 0)
(3 -1.1012e-15 0)
(3 -8.17101e-16 0)
(3 -7.33023e-16 0)
(3 -3.52746e-16 0)
(3 3.13969e-16 0)
(3 9.42088e-16 0)
(3 8.70664e-16 0)
(3 5.397e-16 0)
(3 1.17836e-15 0)
(3 1.73202e-15 0)
(3 1.70853e-15 0)
(3 8.07094e-16 0)
(3 7.94657e-16 0)
(2.56956 0.615672 0)
(2.37592 0.972395 0)
(2.38948 1.065 0)
(2.44312 1.0499 0)
(2.5217 1.03822 0)
(2.59969 1.02078 0)
(2.68545 0.964629 0)
(2.77531 0.84095 0)
(2.82781 0.747502 0)
(2.87403 0.702116 0)
(2.94946 0.638893 0)
(2.99161 0.556006 0)
(3.03129 0.487533 0)
(3.06481 0.463272 0)
(3.10808 0.446869 0)
(3.146 0.417274 0)
(3.16373 0.381739 0)
(3.17536 0.332546 0)
(3.17298 0.278082 0)
(3.15916 0.228096 0)
(3.1419 0.187264 0)
(3.12243 0.154878 0)
(3.09674 0.121349 0)
(3.06132 0.0748136 0)
(3.02146 0.0239671 0)
(3.00196 0.0019224 0)
(3.00002 1.58831e-05 0)
(3 -7.62338e-08 0)
(3 -9.76894e-08 0)
(3 -6.37847e-08 0)
(3 -1.89615e-08 0)
(3 -1.6792e-09 0)
(3 -1.97768e-11 0)
(3 2.7117e-12 0)
(3 2.9384e-12 0)
(3 1.54733e-12 0)
(3 2.15229e-13 0)
(3 4.28316e-15 0)
(3 1.10094e-15 0)
(3 1.56931e-15 0)
(3 1.9414e-15 0)
(3 1.80578e-15 0)
(3 1.43659e-15 0)
(3 1.67894e-15 0)
(3 1.49287e-15 0)
(3 -4.61914e-16 0)
(3 -1.01745e-15 0)
(3 -5.25526e-16 0)
(3 2.22178e-16 0)
(3 8.09327e-16 0)
(3 3.25107e-16 0)
(3 -1.30438e-16 0)
(3 -1.44994e-15 0)
(3 -9.36774e-16 0)
(3 2.73206e-16 0)
(3 -3.68855e-16 0)
(3 -6.47483e-16 0)
(3 -7.91087e-16 0)
(3 -5.16085e-16 0)
(3 -7.99119e-16 0)
(3 -2.57948e-15 0)
(3 -3.45476e-15 0)
(3 -2.64849e-15 0)
(3 -2.12846e-16 0)
(3 5.60549e-16 0)
(3 -3.78453e-16 0)
(3 -4.46772e-16 0)
(3 9.78612e-17 0)
(3 1.00425e-15 0)
(3 1.69202e-15 0)
(3 9.28584e-16 0)
(3 8.54879e-16 0)
(3 1.18943e-15 0)
(3 1.56698e-16 0)
(3 -1.12483e-15 0)
(3 -2.73946e-15 0)
(3 -2.83339e-15 0)
(3 -1.73781e-15 0)
(3 -1.2302e-15 0)
(3 -1.50213e-15 0)
(3 -2.42073e-15 0)
(3 -2.7325e-15 0)
(3 -1.32408e-15 0)
(3 -4.84252e-16 0)
(3 -8.43533e-16 0)
(3 -3.68203e-16 0)
(3 -9.91555e-16 0)
(3 -8.57147e-16 0)
(3 -4.35946e-16 0)
(3 -2.44787e-16 0)
(3 4.37564e-16 0)
(3 1.06245e-15 0)
(3 6.66591e-16 0)
(3 7.30029e-16 0)
(3 7.98835e-16 0)
(3 -6.23268e-17 0)
(2.96852 0.0744007 0)
(2.81235 0.359621 0)
(2.64613 0.663566 0)
(2.584 0.817363 0)
(2.63293 0.910707 0)
(2.67189 0.911748 0)
(2.73576 0.883337 0)
(2.80191 0.822046 0)
(2.84163 0.786473 0)
(2.8859 0.763936 0)
(2.94998 0.71522 0)
(2.99437 0.64609 0)
(3.01955 0.586799 0)
(3.051 0.540664 0)
(3.08533 0.498683 0)
(3.11542 0.449594 0)
(3.13759 0.393239 0)
(3.14831 0.335171 0)
(3.14486 0.280023 0)
(3.12591 0.228467 0)
(3.10143 0.17886 0)
(3.07486 0.126071 0)
(3.04374 0.0665132 0)
(3.01289 0.0172284 0)
(3.00094 0.00113145 0)
(3.00001 8.43724e-06 0)
(3 -1.93155e-08 0)
(3 -3.11445e-08 0)
(3 -1.86131e-08 0)
(3 -4.03204e-09 0)
(3 -2.01223e-10 0)
(3 -6.59028e-13 0)
(3 1.01827e-12 0)
(3 1.08464e-12 0)
(3 4.99313e-13 0)
(3 5.31068e-14 0)
(3 1.43549e-15 0)
(3 2.27983e-15 0)
(3 2.98489e-15 0)
(3 2.28365e-15 0)
(3 1.90518e-15 0)
(3 1.17184e-15 0)
(3 9.72036e-16 0)
(3 5.8601e-16 0)
(3 3.01153e-16 0)
(3 -7.09931e-16 0)
(3 -1.39062e-15 0)
(3 -6.26077e-16 0)
(3 -4.73402e-16 0)
(3 -3.7456e-16 0)
(3 3.8187e-17 0)
(3 4.86214e-16 0)
(3 6.6903e-16 0)
(3 -2.98182e-16 0)
(3 -5.69583e-16 0)
(3 -2.98284e-16 0)
(3 2.09973e-16 0)
(3 6.33411e-16 0)
(3 -1.79356e-16 0)
(3 -7.42766e-16 0)
(3 -1.67227e-15 0)
(3 -1.77287e-15 0)
(3 -1.33409e-15 0)
(3 -8.2876e-16 0)
(3 -1.16601e-15 0)
(3 -1.90982e-15 0)
(3 -2.10396e-15 0)
(3 -2.1003e-15 0)
(3 -9.78697e-16 0)
(3 7.84764e-16 0)
(3 9.76389e-16 0)
(3 4.49505e-16 0)
(3 -4.39359e-16 0)
(3 -1.83824e-15 0)
(3 -1.81322e-15 0)
(3 -1.94501e-15 0)
(3 -1.8464e-15 0)
(3 -2.45779e-15 0)
(3 -2.2537e-15 0)
(3 -1.86933e-15 0)
(3 -1.17799e-15 0)
(3 -4.4476e-16 0)
(3 -9.62559e-17 0)
(3 4.54606e-16 0)
(3 3.14339e-16 0)
(3 -2.23505e-17 0)
(3 -1.23679e-15 0)
(3 -1.45123e-15 0)
(3 -7.52143e-16 0)
(3 -5.72507e-17 0)
(3 1.57e-16 0)
(3 -1.71899e-16 0)
(3 -7.13272e-16 0)
(3 -2.78057e-17 0)
(3 4.23078e-16 0)
(3 -1.08934e-15 0)
(2.99987 0.000806106 0)
(2.99419 0.0179749 0)
(2.95519 0.105274 0)
(2.85668 0.307417 0)
(2.77703 0.556743 0)
(2.78292 0.661046 0)
(2.81219 0.677809 0)
(2.83165 0.687626 0)
(2.87908 0.675712 0)
(2.90748 0.660422 0)
(2.95255 0.62591 0)
(2.99084 0.573332 0)
(3.01404 0.528003 0)
(3.03947 0.491194 0)
(3.06762 0.454011 0)
(3.08983 0.411272 0)
(3.10253 0.360703 0)
(3.10147 0.301095 0)
(3.08658 0.232837 0)
(3.0668 0.162494 0)
(3.04442 0.0956693 0)
(3.02087 0.0388272 0)
(3.00444 0.0072837 0)
(3.00023 0.000346347 0)
(3 1.93768e-06 0)
(3 -4.74642e-09 0)
(3 -8.52739e-09 0)
(3 -4.97594e-09 0)
(3 -8.73878e-10 0)
(3 -2.46988e-11 0)
(3 1.45146e-13 0)
(3 3.44277e-13 0)
(3 3.38759e-13 0)
(3 1.23e-13 0)
(3 1.0104e-14 0)
(3 -3.21989e-16 0)
(3 -2.36608e-17 0)
(3 5.78037e-16 0)
(3 7.55577e-16 0)
(3 -4.08406e-18 0)
(3 -1.56537e-15 0)
(3 -9.44352e-16 0)
(3 -2.30975e-16 0)
(3 -1.92664e-17 0)
(3 4.62667e-17 0)
(3 -3.03447e-16 0)
(3 -1.40459e-15 0)
(3 -1.36892e-15 0)
(3 -1.76909e-15 0)
(3 -1.55594e-15 0)
(3 -1.27352e-15 0)
(3 -8.49783e-16 0)
(3 -3.43025e-16 0)
(3 -6.61184e-16 0)
(3 -1.69587e-15 0)
(3 -1.68539e-15 0)
(3 -1.66908e-16 0)
(3 1.23248e-16 0)
(3 -1.55089e-16 0)
(3 1.6174e-17 0)
(3 9.92277e-16 0)
(3 1.66484e-15 0)
(3 5.53831e-16 0)
(3 -1.3406e-15 0)
(3 -3.34802e-15 0)
(3 -2.33839e-15 0)
(3 -2.59684e-15 0)
(3 -2.13316e-15 0)
(3 5.02694e-16 0)
(3 8.18031e-16 0)
(3 1.2494e-15 0)
(3 -2.07328e-16 0)
(3 -9.92172e-16 0)
(3 -1.26373e-15 0)
(3 -1.31339e-15 0)
(3 -1.55708e-16 0)
(3 3.6221e-17 0)
(3 -6.91252e-16 0)
(3 -2.05368e-15 0)
(3 -1.9682e-15 0)
(3 -1.18899e-15 0)
(3 3.68272e-16 0)
(3 1.14081e-15 0)
(3 1.41587e-15 0)
(3 1.32368e-15 0)
(3 2.55489e-16 0)
(3 -5.16684e-17 0)
(3 3.67556e-16 0)
(3 3.02689e-16 0)
(3 6.46219e-16 0)
(3 -1.47471e-16 0)
(3 -1.01435e-15 0)
(3 -1.13154e-15 0)
(3 -1.94386e-16 0)
(3 -2.05051e-16 0)
(3 -2.95668e-16 0)
(3 5.6716e-07 0)
(2.99999 6.53005e-05 0)
(2.99956 0.00162764 0)
(2.99357 0.0179573 0)
(2.96988 0.0862618 0)
(2.94569 0.181286 0)
(2.92476 0.270231 0)
(2.90684 0.354471 0)
(2.91658 0.417275 0)
(2.93004 0.45981 0)
(2.9631 0.438906 0)
(2.98392 0.422095 0)
(2.99856 0.397736 0)
(3.01416 0.368043 0)
(3.02985 0.329058 0)
(3.04195 0.278719 0)
(3.04462 0.217435 0)
(3.03754 0.149845 0)
(3.0259 0.0871949 0)
(3.01425 0.0397513 0)
(3.00501 0.0116309 0)
(3.00073 0.00148769 0)
(3.00002 4.71401e-05 0)
(3 1.79251e-07 0)
(3 -1.06782e-09 0)
(3 -2.00402e-09 0)
(3 -1.18694e-09 0)
(3 -1.93308e-10 0)
(3 -4.23171e-12 0)
(3 5.40014e-14 0)
(3 1.01114e-13 0)
(3 8.4083e-14 0)
(3 2.21882e-14 0)
(3 8.12525e-16 0)
(3 -2.0541e-16 0)
(3 1.35762e-16 0)
(3 3.68843e-17 0)
(3 1.7254e-16 0)
(3 1.14039e-15 0)
(3 2.06658e-16 0)
(3 -9.78123e-16 0)
(3 -9.48369e-16 0)
(3 -1.16137e-15 0)
(3 -2.62585e-16 0)
(3 5.03163e-16 0)
(3 6.00457e-16 0)
(3 3.36028e-17 0)
(3 -5.28643e-16 0)
(3 -1.69169e-17 0)
(3 -1.27639e-17 0)
(3 -1.1097e-15 0)
(3 -2.33735e-15 0)
(3 -2.42224e-15 0)
(3 -2.3521e-15 0)
(3 -2.1591e-15 0)
(3 -2.60879e-15 0)
(3 -2.58766e-15 0)
(3 -1.62213e-15 0)
(3 -1.86432e-17 0)
(3 1.25924e-15 0)
(3 2.61607e-15 0)
(3 3.45345e-15 0)
(3 3.12192e-15 0)
(3 1.44004e-15 0)
(3 6.4503e-16 0)
(3 1.24827e-15 0)
(3 1.55996e-15 0)
(3 1.23646e-15 0)
(3 1.30799e-15 0)
(3 7.93106e-16 0)
(3 6.65227e-16 0)
(3 1.59147e-15 0)
(3 1.71376e-15 0)
(3 1.06447e-15 0)
(3 3.42754e-16 0)
(3 1.05269e-15 0)
(3 1.35212e-15 0)
(3 9.4912e-16 0)
(3 -1.24066e-15 0)
(3 -1.26705e-15 0)
(3 -1.23451e-15 0)
(3 -7.26583e-16 0)
(3 -1.35669e-16 0)
(3 -2.49908e-16 0)
(3 7.89923e-16 0)
(3 1.11405e-15 0)
(3 1.38636e-15 0)
(3 1.45202e-15 0)
(3 -9.0407e-17 0)
(3 -1.20147e-15 0)
(3 -2.43487e-16 0)
(3 2.97423e-16 0)
(3 4.0626e-16 0)
(3 -5.65661e-17 0)
(3 -2.10984e-17 0)
(3 4.19855e-16 0)
(3 1.95808e-11 0)
(3 1.39588e-08 0)
(3 1.96857e-06 0)
(2.99998 9.38506e-05 0)
(2.99971 0.00116283 0)
(2.99868 0.00533984 0)
(2.99564 0.0166322 0)
(2.99015 0.0394154 0)
(2.98511 0.0718555 0)
(2.98244 0.103564 0)
(2.98703 0.120734 0)
(2.99311 0.124887 0)
(2.99598 0.121206 0)
(3.00095 0.109904 0)
(3.00576 0.0892108 0)
(3.00752 0.0624637 0)
(3.00607 0.0362469 0)
(3.00354 0.0167498 0)
(3.00153 0.00577726 0)
(3.00041 0.00123172 0)
(3.00004 0.000110643 0)
(3 2.37212e-06 0)
(3 6.00572e-09 0)
(3 -1.96617e-10 0)
(3 -3.9666e-10 0)
(3 -2.32631e-10 0)
(3 -3.50562e-11 0)
(3 -6.64569e-13 0)
(3 1.31292e-14 0)
(3 2.4291e-14 0)
(3 1.61984e-14 0)
(3 2.39342e-15 0)
(3 -2.48742e-15 0)
(3 -3.00206e-15 0)
(3 -2.32848e-15 0)
(3 -5.5947e-16 0)
(3 1.06112e-17 0)
(3 -1.45864e-16 0)
(3 -6.82368e-16 0)
(3 -2.36288e-16 0)
(3 3.31565e-16 0)
(3 7.63084e-16 0)
(3 1.31575e-16 0)
(3 -4.03059e-16 0)
(3 -2.88441e-16 0)
(3 -2.56602e-16 0)
(3 1.2988e-15 0)
(3 7.94804e-16 0)
(3 7.86653e-16 0)
(3 2.54826e-16 0)
(3 -1.24765e-15 0)
(3 -1.92622e-15 0)
(3 -1.56735e-15 0)
(3 -1.41167e-15 0)
(3 -2.17846e-15 0)
(3 -2.43488e-15 0)
(3 -1.6852e-15 0)
(3 5.84574e-16 0)
(3 7.86773e-16 0)
(3 1.58588e-15 0)
(3 2.39053e-15 0)
(3 2.68854e-15 0)
(3 2.73001e-15 0)
(3 2.6916e-15 0)
(3 3.17887e-15 0)
(3 3.63436e-15 0)
(3 3.25608e-15 0)
(3 2.4763e-15 0)
(3 -2.19149e-16 0)
(3 -1.43887e-15 0)
(3 -8.50898e-16 0)
(3 -4.52661e-16 0)
(3 -2.59922e-16 0)
(3 2.64174e-16 0)
(3 1.1687e-15 0)
(3 5.0404e-16 0)
(3 -5.44398e-16 0)
(3 -1.28219e-15 0)
(3 -1.86442e-15 0)
(3 -1.53522e-15 0)
(3 -4.05715e-16 0)
(3 2.10322e-16 0)
(3 3.50868e-16 0)
(3 -1.68772e-17 0)
(3 3.05848e-16 0)
(3 -2.11869e-16 0)
(3 -3.53907e-16 0)
(3 -1.23057e-15 0)
(3 -1.78592e-15 0)
(3 -1.12278e-15 0)
(3 -3.04429e-16 0)
(3 9.9931e-17 0)
(3 -3.87546e-16 0)
(3 -9.68439e-16 0)
(3 -3.83017e-16 0)
(3 -3.79825e-17 0)
(3 -9.89786e-16 0)
(3 3.96055e-13 0)
(3 1.58082e-10 0)
(3 2.97891e-08 0)
(3 9.18981e-07 0)
(3 1.05462e-05 0)
(2.99998 8.16342e-05 0)
(2.99992 0.000393897 0)
(2.99977 0.00122026 0)
(2.99956 0.00264651 0)
(2.99948 0.0043008 0)
(2.9997 0.00529499 0)
(2.99978 0.00529737 0)
(3 0.00468935 0)
(3.00019 0.00328988 0)
(3.00019 0.00172729 0)
(3.0001 0.000660133 0)
(3.00003 0.000178025 0)
(3.00001 2.92427e-05 0)
(3 2.018e-06 0)
(3 3.26679e-08 0)
(3 6.96091e-11 0)
(3 -2.52572e-11 0)
(3 -5.96982e-11 0)
(3 -3.45037e-11 0)
(3 -4.80985e-12 0)
(3 -7.7434e-14 0)
(3 4.20631e-15 0)
(3 4.41693e-15 0)
(3 2.10324e-15 0)
(3 -5.79961e-16 0)
(3 -1.46438e-15 0)
(3 -3.09229e-15 0)
(3 -3.70533e-15 0)
(3 -2.94127e-15 0)
(3 -1.16992e-15 0)
(3 -1.17312e-15 0)
(3 -2.04412e-15 0)
(3 -1.92499e-15 0)
(3 -5.6824e-16 0)
(3 1.68663e-15 0)
(3 1.36461e-15 0)
(3 6.60773e-16 0)
(3 1.0532e-16 0)
(3 -5.80856e-16 0)
(3 -8.41141e-18 0)
(3 5.87582e-16 0)
(3 4.71717e-16 0)
(3 -9.76308e-17 0)
(3 -5.32844e-16 0)
(3 -1.13723e-15 0)
(3 -1.63721e-16 0)
(3 -7.69113e-16 0)
(3 -1.17395e-15 0)
(3 -1.39216e-15 0)
(3 -1.59822e-15 0)
(3 -1.09571e-15 0)
(3 -4.51769e-16 0)
(3 -1.15096e-15 0)
(3 -3.84925e-16 0)
(3 1.07655e-15 0)
(3 1.62332e-15 0)
(3 1.65592e-15 0)
(3 1.02988e-15 0)
(3 1.72858e-15 0)
(3 2.99861e-15 0)
(3 2.91409e-15 0)
(3 4.43802e-16 0)
(3 -2.77788e-15 0)
(3 -2.95724e-15 0)
(3 -1.58682e-15 0)
(3 -2.0531e-15 0)
(3 -8.72528e-16 0)
(3 7.64131e-16 0)
(3 2.10945e-15 0)
(3 1.18857e-15 0)
(3 -7.18578e-16 0)
(3 -1.17283e-15 0)
(3 -1.94012e-15 0)
(3 -1.36503e-15 0)
(3 -4.29953e-16 0)
(3 6.1257e-16 0)
(3 1.01877e-15 0)
(3 2.76792e-16 0)
(3 -3.5159e-17 0)
(3 -1.29768e-15 0)
(3 -1.37134e-15 0)
(3 -1.48857e-15 0)
(3 -1.60775e-15 0)
(3 -1.41375e-15 0)
(3 -8.05274e-16 0)
(3 -8.09625e-16 0)
(3 -9.79358e-16 0)
(3 -2.33459e-16 0)
(3 -5.44152e-17 0)
(3 -1.21119e-15 0)
(3 -6.04339e-16 0)
(3 -7.32855e-16 0)
(3 4.21788e-15 0)
(3 8.0793e-13 0)
(3 3.10656e-11 0)
(3 1.05053e-09 0)
(3 2.28385e-08 0)
(3 2.30727e-07 0)
(3 1.2621e-06 0)
(3 4.52592e-06 0)
(3 1.13698e-05 0)
(3 1.68352e-05 0)
(3 1.70827e-05 0)
(3 1.44167e-05 0)
(3 8.36352e-06 0)
(3 3.05106e-06 0)
(3 6.9176e-07 0)
(3 9.27141e-08 0)
(3 5.46943e-09 0)
(3 8.04933e-11 0)
(3 8.03227e-13 0)
(3 -1.69987e-12 0)
(3 -6.23117e-12 0)
(3 -3.47756e-12 0)
(3 -4.32197e-13 0)
(3 -5.92147e-15 0)
(3 1.70708e-15 0)
(3 1.44278e-15 0)
(3 9.24133e-16 0)
(3 -9.16495e-17 0)
(3 -6.85713e-16 0)
(3 -1.84406e-15 0)
(3 -2.6065e-15 0)
(3 -1.73178e-15 0)
(3 -1.37397e-15 0)
(3 -1.22684e-15 0)
(3 -1.50308e-15 0)
(3 -1.79786e-15 0)
(3 -1.44293e-15 0)
(3 -7.70869e-16 0)
(3 -1.68826e-16 0)
(3 2.89779e-16 0)
(3 -1.23975e-16 0)
(3 -2.50327e-16 0)
(3 -4.87791e-16 0)
(3 -4.56882e-17 0)
(3 2.57647e-17 0)
(3 4.1049e-17 0)
(3 -3.69165e-16 0)
(3 -3.30676e-16 0)
(3 -2.03143e-16 0)
(3 1.72601e-15 0)
(3 5.63743e-16 0)
(3 1.59429e-16 0)
(3 -1.10441e-16 0)
(3 -3.10054e-16 0)
(3 -6.09237e-18 0)
(3 2.21521e-16 0)
(3 -2.88153e-16 0)
(3 4.11288e-16 0)
(3 1.8616e-15 0)
(3 1.91425e-15 0)
(3 1.554e-15 0)
(3 1.15612e-15 0)
(3 9.02417e-16 0)
(3 1.33883e-15 0)
(3 1.30696e-15 0)
(3 1.30741e-16 0)
(3 -1.0176e-15 0)
(3 -1.12358e-15 0)
(3 -8.73824e-16 0)
(3 -4.94681e-16 0)
(3 2.37557e-16 0)
(3 1.34673e-15 0)
(3 1.00405e-15 0)
(3 -1.28538e-15 0)
(3 -9.03023e-16 0)
(3 5.44211e-16 0)
(3 1.99714e-15 0)
(3 2.23331e-15 0)
(3 -2.42477e-16 0)
(3 -1.23052e-15 0)
(3 -1.11439e-15 0)
(3 -1.36215e-15 0)
(3 -2.14702e-15 0)
(3 -2.31656e-15 0)
(3 -2.38631e-15 0)
(3 -2.14278e-15 0)
(3 -1.95333e-15 0)
(3 -2.65215e-15 0)
(3 -2.56901e-15 0)
(3 -1.71323e-15 0)
(3 -1.08951e-15 0)
(3 -6.17023e-16 0)
(3 -6.76123e-16 0)
(3 -4.82792e-16 0)
(3 -1.87587e-16 0)
(3 -2.89404e-16 0)
(3 2.35284e-16 0)
(3 -1.68202e-16 0)
(3 6.05327e-16 0)
(3 2.74083e-14 0)
(3 6.11494e-13 0)
(3 6.23698e-12 0)
(3 5.39204e-11 0)
(3 3.52983e-10 0)
(3 1.42579e-09 0)
(3 2.40016e-09 0)
(3 2.40955e-09 0)
(3 1.85948e-09 0)
(3 8.4075e-10 0)
(3 1.95805e-10 0)
(3 2.41483e-11 0)
(3 1.96516e-12 0)
(3 9.85837e-14 0)
(3 5.48884e-15 0)
(3 -5.86835e-14 0)
(3 -3.87311e-13 0)
(3 -2.288e-13 0)
(3 -2.25033e-14 0)
(3 2.54655e-15 0)
(3 2.71209e-15 0)
(3 1.96499e-15 0)
(3 1.30658e-15 0)
(3 1.50828e-15 0)
(3 1.4507e-15 0)
(3 -5.95883e-17 0)
(3 -7.32762e-16 0)
(3 -5.9376e-16 0)
(3 -1.36533e-15 0)
(3 -1.1964e-15 0)
(3 -1.57665e-15 0)
(3 -1.6677e-15 0)
(3 -8.03548e-16 0)
(3 -6.14755e-16 0)
(3 -9.55065e-16 0)
(3 -6.633e-16 0)
(3 7.64508e-16 0)
(3 3.37573e-16 0)
(3 -1.42753e-16 0)
(3 1.65766e-16 0)
(3 -1.56719e-16 0)
(3 -6.89159e-16 0)
(3 -7.92013e-16 0)
(3 -4.43792e-16 0)
(3 -4.80937e-16 0)
(3 -1.91495e-16 0)
(3 7.46934e-16 0)
(3 9.74748e-16 0)
(3 1.28613e-15 0)
(3 1.35929e-15 0)
(3 1.45096e-15 0)
(3 9.23946e-16 0)
(3 8.29779e-18 0)
(3 1.64193e-16 0)
(3 6.75517e-16 0)
(3 9.04886e-16 0)
(3 5.44727e-16 0)
(3 8.43767e-16 0)
(3 1.4589e-15 0)
(3 1.78963e-15 0)
(3 1.37984e-15 0)
(3 9.98237e-16 0)
(3 1.23561e-15 0)
(3 1.40959e-15 0)
(3 2.03695e-16 0)
(3 -7.1635e-16 0)
(3 -6.88726e-16 0)
(3 -4.64918e-16 0)
(3 -1.23582e-15 0)
(3 -2.15987e-15 0)
(3 -1.37574e-15 0)
(3 -1.23162e-15 0)
(3 1.60712e-15 0)
(3 3.66401e-15 0)
(3 3.33489e-15 0)
(3 2.04111e-15 0)
(3 2.17169e-16 0)
(3 -9.21468e-16 0)
(3 -1.30933e-15 0)
(3 -3.51822e-15 0)
(3 -2.35798e-15 0)
(3 -1.4452e-15 0)
(3 -1.27022e-15 0)
(3 -1.21322e-15 0)
(3 -1.314e-15 0)
(3 -2.27327e-15 0)
(3 -2.5197e-15 0)
(3 -2.00353e-15 0)
(3 -2.13499e-15 0)
(3 -1.8841e-15 0)
(3 1.36409e-15 0)
(3 -8.25403e-16 0)
(3 1.72839e-16 0)
(3 1.17769e-15 0)
(3 6.44686e-16 0)
(3 -5.00372e-17 0)
(3 1.18445e-15 0)
(3 2.88561e-15 0)
(3 3.50775e-15 0)
(3 2.71619e-15 0)
(3 8.17101e-15 0)
(3 3.09685e-14 0)
(3 4.88981e-14 0)
(3 4.79292e-14 0)
(3 3.4205e-14 0)
(3 1.21376e-14 0)
(3 1.37527e-15 0)
(3 4.98495e-16 0)
(3 7.88392e-16 0)
(3 3.33513e-16 0)
(3 -1.84024e-15 0)
(3 -1.40961e-14 0)
(3 -1.04442e-14 0)
(3 -2.57092e-15 0)
(3 8.32848e-17 0)
(3 9.26193e-16 0)
(3 2.11173e-15 0)
(3 2.26791e-15 0)
(3 2.08873e-15 0)
(3 7.56943e-16 0)
(3 3.55928e-16 0)
(3 5.61141e-17 0)
(3 -8.00561e-17 0)
(3 8.24808e-16 0)
(3 -6.32692e-17 0)
(3 -8.7999e-16 0)
(3 -9.80422e-16 0)
(3 -1.402e-15 0)
(3 7.97896e-17 0)
(3 1.99698e-16 0)
(3 -1.06921e-15 0)
(3 -1.17197e-15 0)
(3 -7.00038e-16 0)
(3 9.88322e-16 0)
(3 1.77712e-15 0)
(3 2.04553e-15 0)
(3 1.43308e-15 0)
(3 1.02646e-16 0)
(3 3.67016e-17 0)
(3 4.97951e-16 0)
(3 9.74534e-16 0)
(3 1.40109e-15 0)
(3 7.35808e-16 0)
(3 1.35829e-15 0)
(3 1.92819e-15 0)
(3 3.4347e-15 0)
(3 3.14396e-15 0)
(3 1.25493e-15 0)
(3 -8.63424e-16 0)
(3 -1.05376e-15 0)
(3 -4.47966e-16 0)
(3 -4.72418e-16 0)
(3 -1.39421e-15 0)
(3 -9.31641e-16 0)
(3 9.28535e-16 0)
(3 1.15627e-15 0)
(3 1.07383e-15 0)
(3 2.06588e-15 0)
(3 1.67725e-15 0)
(3 2.19787e-16 0)
(3 -1.21806e-16 0)
(3 -2.83136e-16 0)
(3 -6.49854e-16 0)
(3 5.2759e-17 0)
(3 4.28024e-18 0)
(3 -3.18555e-16 0)
(3 1.15224e-15 0)
(3 1.81847e-15 0)
(3 3.0992e-15 0)
(3 3.31661e-15 0)
(3 1.86824e-15 0)
(3 1.36091e-15 0)
(3 1.11262e-15 0)
(3 -1.09351e-16 0)
(3 -7.09394e-16 0)
(3 -1.01977e-15 0)
(3 -1.17052e-15 0)
(3 -5.19656e-16 0)
(3 3.54645e-16 0)
(3 4.31083e-16 0)
(3 -7.19879e-17 0)
(3 -2.90636e-16 0)
(3 -5.1851e-16 0)
(3 -1.48619e-15 0)
(3 -1.39732e-15 0)
(3 -9.08842e-16 0)
(3 -2.48296e-16 0)
(3 -7.21202e-16 0)
(3 -2.96526e-16 0)
(3 3.08508e-16 0)
(3 6.97216e-16 0)
(3 -4.88518e-16 0)
(3 -4.74627e-16 0)
(3 9.1478e-16 0)
(3 2.3624e-15 0)
(3 1.38832e-15 0)
(3 2.11984e-17 0)
(3 -4.83004e-17 0)
(3 -1.13804e-15 0)
(3 -1.68412e-15 0)
(3 -2.4301e-15 0)
(3 -1.77635e-15 0)
(3 -1.15649e-15 0)
(3 -4.03424e-16 0)
(3 8.5142e-16 0)
(3 -1.10961e-15 0)
(3 -1.69006e-15 0)
(3 -1.56256e-15 0)
(3 -1.05137e-15 0)
(3 -1.05072e-15 0)
(3 -1.08321e-15 0)
(3 2.95279e-16 0)
(3 3.28039e-16 0)
(3 -2.86505e-16 0)
(3 -1.03128e-15 0)
(3 -1.69432e-15 0)
(3 -1.40335e-15 0)
(3 -1.12448e-15 0)
(3 -2.74575e-16 0)
(3 1.52329e-16 0)
(3 1.6379e-16 0)
(3 -3.48249e-16 0)
(3 5.0668e-16 0)
(3 3.46654e-16 0)
(3 4.12304e-16 0)
(3 5.25026e-16 0)
(3 4.73058e-16 0)
(3 -3.61425e-16 0)
(3 -1.23189e-15 0)
(3 -6.31725e-16 0)
(3 2.28492e-15 0)
(3 3.24478e-15 0)
(3 2.7459e-15 0)
(3 1.89447e-15 0)
(3 1.1073e-15 0)
(3 1.1239e-15 0)
(3 2.03769e-15 0)
(3 2.91201e-15 0)
(3 1.76336e-15 0)
(3 3.55765e-16 0)
(3 1.15239e-15 0)
(3 1.9427e-15 0)
(3 2.5379e-15 0)
(3 1.77462e-15 0)
(3 1.03239e-15 0)
(3 7.55731e-16 0)
(3 -2.67761e-17 0)
(3 -5.23286e-16 0)
(3 -2.16654e-15 0)
(3 -2.44174e-15 0)
(3 -1.01582e-15 0)
(3 -8.45711e-16 0)
(3 -5.7671e-16 0)
(3 -2.5475e-16 0)
(3 1.04642e-15 0)
(3 7.52514e-16 0)
(3 1.20937e-15 0)
(3 2.61288e-15 0)
(3 3.91923e-16 0)
(3 9.77481e-17 0)
(3 -1.2243e-16 0)
(3 9.35521e-16 0)
(3 2.01858e-15 0)
(3 2.20251e-15 0)
(3 2.34255e-15 0)
(3 2.133e-15 0)
(3 9.68057e-16 0)
(3 2.00499e-16 0)
(3 -1.47133e-16 0)
(3 -7.62322e-16 0)
(3 -4.05475e-16 0)
(3 5.49365e-16 0)
(3 8.21226e-16 0)
(3 6.45244e-16 0)
(3 7.15705e-16 0)
(3 9.36105e-16 0)
(3 2.87246e-16 0)
(3 4.92138e-16 0)
(3 9.39307e-16 0)
(3 -2.83347e-16 0)
(3 -7.85555e-16 0)
(3 -8.67923e-16 0)
(3 -7.22463e-16 0)
(3 1.36549e-16 0)
(3 -6.0099e-16 0)
(3 -1.21339e-15 0)
(3 -7.4079e-16 0)
(3 -7.38521e-16 0)
(3 -4.79807e-16 0)
(3 5.7304e-16 0)
(3 5.38066e-16 0)
(3 2.10934e-16 0)
(3 6.31828e-16 0)
(3 1.99311e-15 0)
(3 1.9416e-15 0)
(3 -7.61448e-16 0)
(3 -2.75524e-15 0)
(3 -9.04367e-16 0)
(3 -1.86626e-16 0)
(3 -5.11147e-16 0)
(3 1.99456e-16 0)
(3 4.53127e-16 0)
(3 3.23235e-16 0)
(3 1.4086e-16 0)
(3 2.50036e-16 0)
(3 4.68053e-16 0)
(3 -6.28221e-16 0)
(3 -4.06779e-16 0)
(3 -3.40426e-16 0)
(3 1.76564e-16 0)
(3 -1.77719e-16 0)
(3 -9.69929e-16 0)
(3 -1.02655e-15 0)
(3 -4.35554e-16 0)
(3 5.9044e-16 0)
(3 3.18386e-16 0)
(3 5.6978e-17 0)
(3 3.57282e-16 0)
(3 1.37735e-15 0)
(3 1.65746e-15 0)
(3 1.67586e-15 0)
(3 1.06384e-15 0)
(3 1.08535e-15 0)
(3 4.55058e-16 0)
(3 -6.38937e-16 0)
(3 7.27277e-17 0)
(3 8.91459e-16 0)
(3 1.18227e-15 0)
(3 1.97112e-15 0)
(3 2.65369e-15 0)
(3 2.79308e-15 0)
(3 2.5116e-15 0)
(3 1.77329e-15 0)
(3 1.12501e-15 0)
(3 -7.58389e-17 0)
(3 -3.12941e-16 0)
(3 1.01187e-15 0)
(3 1.27399e-15 0)
(3 2.13036e-15 0)
(3 3.38136e-15 0)
(3 3.73441e-15 0)
(3 2.37991e-15 0)
(3 1.26906e-16 0)
(3 1.11204e-16 0)
(3 -1.35751e-16 0)
(3 -9.64349e-16 0)
(3 -1.92788e-15 0)
(3 -9.56499e-16 0)
(3 -8.43677e-16 0)
(3 -2.06396e-15 0)
(3 -9.16281e-16 0)
(3 3.87988e-16 0)
(3 9.03686e-16 0)
(3 1.40135e-15 0)
(3 -3.22913e-16 0)
(3 -1.42376e-15 0)
(3 -1.41115e-15 0)
(3 -2.83797e-16 0)
(3 4.0001e-16 0)
(3 -5.17266e-17 0)
(3 -5.63165e-16 0)
(3 -7.37589e-16 0)
(3 1.3991e-15 0)
(3 2.36885e-15 0)
(3 1.35198e-15 0)
(3 5.08822e-16 0)
(3 -2.41671e-16 0)
(3 3.405e-16 0)
(3 2.11437e-15 0)
(3 1.84358e-15 0)
(3 1.27764e-15 0)
(3 1.68535e-15 0)
(3 1.61008e-15 0)
(3 1.86516e-15 0)
(3 1.70987e-15 0)
(3 2.22306e-15 0)
(3 9.66888e-16 0)
(3 -1.1755e-15 0)
(3 -1.37049e-15 0)
(3 -1.19418e-16 0)
(3 -6.10962e-16 0)
(3 -1.15841e-15 0)
(3 -5.58369e-16 0)
(3 2.57724e-16 0)
(3 1.5721e-15 0)
(3 1.32692e-15 0)
(3 7.36129e-17 0)
(3 -1.0345e-15 0)
(3 -3.0349e-16 0)
(3 1.12373e-15 0)
(3 2.55817e-15 0)
(3 1.73368e-15 0)
(3 1.34952e-15 0)
(3 -5.66012e-16 0)
(3 -1.84726e-15 0)
(3 -1.40464e-15 0)
(3 -4.16661e-16 0)
(3 4.24703e-16 0)
(3 -4.70609e-16 0)
(3 -1.89664e-15 0)
(3 -1.82784e-15 0)
(3 -3.79475e-16 0)
(3 -1.23364e-16 0)
(3 -2.08411e-16 0)
(3 -1.48532e-16 0)
(3 1.3391e-16 0)
(3 5.14059e-16 0)
(3 2.41641e-17 0)
(3 -9.55627e-16 0)
(3 -5.07297e-16 0)
(3 -3.89245e-16 0)
(3 -4.90665e-16 0)
(3 4.50042e-16 0)
(3 1.29751e-15 0)
(3 1.2398e-15 0)
(3 2.06297e-15 0)
(3 1.95433e-15 0)
(3 1.85655e-15 0)
(3 1.53939e-15 0)
(3 -2.24119e-18 0)
(3 1.0397e-16 0)
(3 -2.91869e-16 0)
(3 -9.04808e-16 0)
(3 -7.76991e-16 0)
(3 -4.5845e-16 0)
(3 1.01452e-16 0)
(3 1.12006e-15 0)
(3 1.37867e-15 0)
(3 7.96368e-16 0)
(3 3.37646e-16 0)
(3 7.98538e-16 0)
(3 1.75826e-15 0)
(3 1.78359e-15 0)
(3 1.52895e-15 0)
(3 1.68462e-15 0)
(3 1.10901e-15 0)
(3 9.52737e-16 0)
(3 6.80743e-16 0)
(3 1.75109e-16 0)
(3 -2.22209e-16 0)
(3 -5.81537e-17 0)
(3 3.37872e-16 0)
(3 -3.33861e-16 0)
(3 -7.36235e-16 0)
(3 -9.26108e-16 0)
(3 -1.79383e-15 0)
(3 -2.66473e-15 0)
(3 -2.78403e-15 0)
(3 -2.21442e-15 0)
(3 -2.50502e-15 0)
(3 -1.17848e-15 0)
(3 -3.74121e-16 0)
(3 -1.61377e-16 0)
(3 -4.17381e-16 0)
(3 4.09702e-17 0)
(3 6.00566e-16 0)
(3 1.21498e-16 0)
(3 3.082e-16 0)
(3 1.35814e-15 0)
(3 2.22956e-15 0)
(3 2.80121e-15 0)
(3 1.3913e-15 0)
(3 6.49131e-16 0)
(3 8.02254e-16 0)
(3 1.9893e-15 0)
(3 2.3465e-15 0)
(3 2.44041e-15 0)
(3 1.76263e-15 0)
(3 1.79688e-15 0)
(3 2.44929e-15 0)
(3 3.11058e-15 0)
(3 1.7818e-15 0)
(3 9.94461e-16 0)
(3 -8.53215e-16 0)
(3 -2.20908e-15 0)
(3 -3.12722e-16 0)
(3 -3.34841e-16 0)
(3 1.41156e-16 0)
(3 5.4695e-16 0)
(3 1.06966e-15 0)
(3 1.55128e-15 0)
(3 9.78095e-16 0)
(3 -5.46842e-17 0)
(3 2.47506e-16 0)
(3 -1.00776e-16 0)
(3 -2.13629e-16 0)
(3 9.67021e-17 0)
(3 7.2162e-16 0)
(3 1.01956e-15 0)
(3 -2.58668e-16 0)
(3 -4.51564e-16 0)
(3 -4.80876e-16 0)
(3 -8.60946e-16 0)
(3 -1.0972e-15 0)
(3 -1.54402e-15 0)
(3 -1.57321e-15 0)
(3 -9.63332e-16 0)
(3 2.90874e-16 0)
(3 1.52232e-15 0)
(3 1.06432e-15 0)
(3 -1.18131e-15 0)
(3 -1.84201e-15 0)
(3 -2.04795e-15 0)
(3 -1.49469e-15 0)
(3 -9.87059e-16 0)
(3 -1.39084e-15 0)
(3 -1.23697e-15 0)
(3 -9.31566e-16 0)
(3 1.38331e-15 0)
(3 1.91218e-15 0)
(3 1.99178e-15 0)
(3 1.90546e-15 0)
(3 1.10734e-15 0)
(3 1.42952e-15 0)
(3 1.24223e-15 0)
(3 2.91801e-16 0)
(3 1.04217e-16 0)
(3 -3.49154e-16 0)
(3 -9.34223e-16 0)
(3 -1.02196e-15 0)
(3 -1.66731e-15 0)
(3 -1.66295e-15 0)
(3 -1.21817e-15 0)
(3 -5.90986e-16 0)
(3 -3.88553e-16 0)
(3 7.13928e-16 0)
(3 2.22691e-15 0)
(3 2.4137e-15 0)
(3 1.76388e-15 0)
(3 8.10858e-16 0)
(3 1.08694e-16 0)
(3 -1.19506e-15 0)
(3 -1.30193e-15 0)
(3 -1.17323e-15 0)
(3 -1.30939e-15 0)
(3 -1.77103e-15 0)
(3 -1.63196e-15 0)
(3 -1.24034e-15 0)
(3 -1.45171e-15 0)
(3 -2.16611e-15 0)
(3 -2.60246e-15 0)
(3 -1.90983e-15 0)
(3 -1.81814e-15 0)
(3 -1.62841e-15 0)
(3 -9.65327e-16 0)
(3 -1.07797e-15 0)
(3 -6.3975e-16 0)
(3 7.0751e-16 0)
(3 2.6549e-16 0)
(3 -1.53985e-15 0)
(3 -1.2917e-15 0)
(3 -9.32872e-16 0)
(3 -5.83629e-16 0)
(3 1.36838e-17 0)
(3 6.6289e-16 0)
(3 1.33962e-15 0)
(3 1.81311e-15 0)
(3 9.34006e-16 0)
(3 -4.30826e-17 0)
(3 6.25769e-16 0)
(3 4.1137e-16 0)
(3 5.47318e-16 0)
(3 5.15727e-16 0)
(3 -4.46042e-16 0)
(3 -4.7106e-16 0)
(3 -2.07321e-16 0)
(3 2.02348e-16 0)
(3 -1.15481e-15 0)
(3 -1.37702e-15 0)
(3 -8.81893e-16 0)
(3 -1.9031e-15 0)
(3 4.97648e-16 0)
(3 1.46396e-15 0)
(3 1.87483e-15 0)
(3 1.36958e-15 0)
(3 1.09089e-15 0)
(3 -2.30798e-16 0)
(3 -1.45036e-17 0)
(3 6.47037e-16 0)
(3 8.57922e-16 0)
(3 1.08137e-15 0)
(3 2.62946e-16 0)
(3 -7.28878e-16 0)
(3 3.42058e-18 0)
(3 -1.87871e-16 0)
(3 -3.9614e-16 0)
(3 -1.95215e-16 0)
(3 -8.31472e-16 0)
(3 -1.58534e-15 0)
(3 -1.75616e-15 0)
(3 -5.99835e-16 0)
(3 2.19128e-16 0)
(3 5.01932e-16 0)
(3 1.63718e-15 0)
(3 1.1267e-15 0)
(3 8.4726e-16 0)
(3 -6.79399e-16 0)
(3 -1.81963e-15 0)
(3 -1.66221e-15 0)
(3 -2.61005e-15 0)
(3 -2.85171e-15 0)
(3 -1.74568e-15 0)
(3 -8.55306e-17 0)
(3 1.52855e-15 0)
(3 1.75442e-15 0)
(3 1.63504e-15 0)
(3 1.17334e-15 0)
(3 2.19872e-16 0)
(3 1.43045e-16 0)
(3 -6.50839e-18 0)
(3 -2.86092e-16 0)
(3 4.29719e-17 0)
(3 8.07134e-17 0)
(3 -6.29721e-16 0)
(3 -5.35426e-16 0)
(3 -5.76591e-16 0)
(3 2.93359e-16 0)
(3 1.2011e-15 0)
(3 1.17464e-15 0)
(3 1.23302e-15 0)
(3 1.33662e-15 0)
(3 2.0766e-15 0)
(3 2.13808e-15 0)
(3 8.65421e-16 0)
(3 -1.52211e-16 0)
(3 -8.93265e-16 0)
(3 -1.60251e-15 0)
(3 -3.14381e-16 0)
(3 5.37835e-16 0)
(3 8.54774e-16 0)
(3 3.07665e-16 0)
(3 -7.12416e-16 0)
(3 -1.73621e-15 0)
(3 -2.30069e-15 0)
(3 -2.44049e-15 0)
(3 -2.59619e-15 0)
(3 -2.91025e-15 0)
(3 -1.632e-15 0)
(3 -7.0061e-16 0)
(3 1.68917e-16 0)
(3 4.71688e-16 0)
(3 5.10853e-16 0)
(3 -3.66478e-16 0)
(3 -8.52113e-16 0)
(3 -1.12562e-16 0)
(3 -9.83307e-16 0)
(3 -1.45493e-15 0)
(3 -1.32023e-15 0)
(3 -1.18544e-15 0)
(3 -1.0042e-15 0)
(3 -8.90569e-16 0)
(3 -8.69247e-16 0)
(3 -1.85666e-16 0)
(3 4.05683e-16 0)
(3 4.85986e-16 0)
(3 4.04231e-16 0)
(3 2.27423e-16 0)
(3 2.02761e-16 0)
(3 -9.04053e-16 0)
(3 -1.10767e-15 0)
(3 -1.99068e-15 0)
(3 -2.68766e-15 0)
(3 -3.18362e-15 0)
(3 -1.06481e-15 0)
(3 -9.93705e-16 0)
(3 -1.7702e-16 0)
(3 3.62608e-16 0)
(3 7.34135e-16 0)
(3 9.01408e-16 0)
(3 4.37667e-16 0)
(3 4.84779e-18 0)
(3 7.92509e-18 0)
(3 1.20687e-16 0)
(3 6.68542e-16 0)
(3 9.0624e-16 0)
(3 9.99401e-16 0)
(3 1.0609e-15 0)
(3 3.53444e-16 0)
(3 -3.93407e-16 0)
(3 -7.72911e-16 0)
(3 -1.18104e-15 0)
(3 -9.67966e-16 0)
(3 -1.43721e-15 0)
(3 -1.61236e-15 0)
(3 -2.19047e-15 0)
(3 -1.03001e-15 0)
(3 -1.40804e-16 0)
(3 2.02856e-17 0)
(3 2.33232e-16 0)
(3 2.33072e-16 0)
(3 4.59257e-16 0)
(3 3.17824e-16 0)
(3 1.84145e-16 0)
(3 -1.02912e-15 0)
(3 -1.99344e-15 0)
(3 -3.03305e-15 0)
(3 -3.39979e-15 0)
(3 -1.69892e-15 0)
(3 -5.88e-16 0)
(3 6.43256e-17 0)
(3 1.95418e-16 0)
(3 -4.83893e-17 0)
(3 -8.3448e-16 0)
(3 -1.58546e-15 0)
(3 -1.16152e-15 0)
(3 -9.44179e-16 0)
(3 -8.9358e-17 0)
(3 1.69913e-15 0)
(3 1.71475e-15 0)
(3 3.70621e-16 0)
(3 -5.63233e-16 0)
(3 -8.93348e-16 0)
(3 7.43828e-17 0)
(3 1.70547e-15 0)
(3 2.53088e-15 0)
(3 2.77137e-15 0)
(3 3.02661e-15 0)
(3 2.66617e-15 0)
(3 1.62189e-15 0)
(3 5.24942e-17 0)
(3 -6.58912e-16 0)
(3 -7.69653e-16 0)
(3 6.83003e-17 0)
(3 7.75821e-16 0)
(3 8.22052e-16 0)
(3 1.09095e-15 0)
(3 8.3061e-16 0)
(3 4.97008e-16 0)
(3 -5.00059e-16 0)
(3 -2.47902e-16 0)
(3 -2.82132e-16 0)
(3 -1.29419e-15 0)
(3 -6.19255e-16 0)
(3 1.23632e-16 0)
(3 4.98908e-16 0)
(3 2.64362e-16 0)
(3 -9.33736e-17 0)
(3 8.8576e-17 0)
(3 3.96407e-16 0)
(3 5.14324e-16 0)
(3 1.01235e-15 0)
(3 1.69036e-16 0)
(3 -7.36309e-16 0)
(3 -1.44277e-15 0)
(3 -2.69567e-15 0)
(3 -1.90464e-15 0)
(3 -2.3321e-15 0)
(3 -3.10989e-15 0)
(3 -3.0834e-15 0)
(3 -7.41467e-16 0)
(3 1.61179e-16 0)
(3 1.55547e-16 0)
(3 -5.60624e-16 0)
(3 -1.30847e-17 0)
(3 -8.0467e-17 0)
(3 8.12487e-16 0)
(3 -2.39641e-16 0)
(3 -1.36494e-15 0)
(3 -2.14868e-15 0)
(3 -2.09481e-15 0)
(3 -1.52089e-15 0)
(3 -1.45271e-18 0)
(3 2.08143e-15 0)
(3 2.04226e-16 0)
(3 -1.29799e-15 0)
(3 -2.47205e-15 0)
(3 -1.18821e-15 0)
(3 7.73392e-17 0)
(3 5.06694e-16 0)
(3 1.07669e-16 0)
(3 -7.70072e-16 0)
(3 -1.996e-16 0)
(3 -7.17901e-16 0)
(3 -5.51024e-16 0)
(3 -7.77562e-16 0)
(3 -1.19877e-15 0)
(3 -1.48751e-15 0)
(3 -2.39913e-15 0)
(3 -3.38432e-15 0)
(3 -3.76848e-15 0)
(3 -2.16612e-15 0)
(3 -1.01105e-15 0)
(3 -4.43407e-16 0)
(3 -1.93849e-16 0)
(3 -2.7414e-16 0)
(3 -9.9164e-16 0)
(3 -1.13979e-15 0)
(3 -1.27145e-15 0)
(3 -1.06932e-15 0)
(3 -1.45813e-15 0)
(3 -2.16645e-15 0)
(3 -1.59518e-15 0)
(3 -1.42989e-15 0)
(3 -1.85211e-15 0)
(3 -1.72135e-15 0)
(3 -2.38758e-15 0)
(3 -2.13807e-15 0)
(3 -1.11264e-15 0)
(3 -1.30626e-15 0)
(3 -1.52238e-15 0)
(3 -9.65592e-16 0)
(3 -8.07016e-16 0)
(3 -3.46467e-16 0)
(3 -1.54261e-16 0)
(3 6.58874e-16 0)
(3 1.22026e-15 0)
(3 4.83189e-16 0)
(3 5.11683e-17 0)
(3 2.98427e-16 0)
(3 1.39759e-15 0)
(3 2.15104e-15 0)
(3 1.934e-15 0)
(3 1.23324e-15 0)
(3 7.83156e-17 0)
(3 -8.31242e-17 0)
(3 -5.10684e-16 0)
(3 -2.84032e-16 0)
(3 5.39019e-16 0)
(3 1.37152e-15 0)
(3 1.1404e-15 0)
(3 7.47472e-16 0)
(3 5.88536e-16 0)
(3 3.51955e-16 0)
(3 5.73253e-16 0)
(3 5.5687e-16 0)
(3 6.67714e-16 0)
(3 2.68283e-16 0)
(3 -3.30393e-16 0)
(3 -1.14357e-17 0)
(3 5.79345e-16 0)
(3 8.05856e-16 0)
(3 3.5792e-16 0)
(3 -4.60932e-16 0)
(3 -4.97945e-16 0)
(3 9.62743e-16 0)
(3 1.8114e-15 0)
(3 1.39865e-15 0)
(3 -8.4916e-17 0)
(3 -6.09418e-16 0)
(3 -6.5831e-17 0)
(3 6.54196e-16 0)
(3 6.19018e-16 0)
(3 1.35621e-16 0)
(3 -2.0536e-15 0)
(3 -2.25146e-15 0)
(3 -2.52592e-15 0)
(3 -1.08501e-15 0)
(3 -6.97219e-16 0)
(3 -1.01114e-15 0)
(3 -6.12368e-16 0)
(3 1.44541e-16 0)
(3 1.0554e-15 0)
(3 1.18598e-15 0)
(3 1.42068e-16 0)
(3 -1.21984e-15 0)
(3 -1.67212e-15 0)
(3 -5.57126e-16 0)
(3 6.49221e-17 0)
(3 1.71689e-15 0)
(3 2.35265e-16 0)
(3 -4.31036e-16 0)
(3 -8.42085e-16 0)
(3 -6.96046e-16 0)
(3 -3.49234e-16 0)
(3 -2.61432e-16 0)
(3 -9.68565e-16 0)
(3 -1.12854e-15 0)
(3 -1.66739e-15 0)
(3 -2.45642e-15 0)
(3 -2.86666e-15 0)
(3 -1.97468e-15 0)
(3 -1.31374e-15 0)
(3 -1.16438e-15 0)
(3 -1.10889e-15 0)
(3 -1.5103e-15 0)
(3 -1.26429e-15 0)
(3 -1.22175e-15 0)
(3 -1.58915e-15 0)
(3 -1.0176e-15 0)
(3 -7.90554e-16 0)
(3 -1.61465e-15 0)
(3 -1.53961e-15 0)
(3 -3.27845e-15 0)
(3 -3.70203e-15 0)
(3 -3.40536e-15 0)
(3 -1.71465e-15 0)
(3 -1.43152e-15 0)
(3 -1.21949e-17 0)
(3 -1.0715e-16 0)
(3 -2.5706e-15 0)
(3 -2.22985e-15 0)
(3 -2.03579e-15 0)
(3 -9.43005e-16 0)
(3 -7.56167e-16 0)
(3 -7.95848e-16 0)
(3 1.96754e-16 0)
(3 8.25995e-17 0)
(3 -7.20401e-16 0)
(3 -1.31613e-15 0)
(3 -1.55951e-15 0)
(3 -6.27072e-16 0)
(3 6.05451e-16 0)
(3 4.58918e-17 0)
(3 6.79616e-16 0)
(3 1.58875e-15 0)
(3 1.83519e-15 0)
(3 1.98387e-15 0)
(3 1.29736e-15 0)
(3 4.06842e-16 0)
(3 -5.13177e-16 0)
(3 -9.80307e-16 0)
(3 -5.56248e-16 0)
(3 2.94657e-16 0)
(3 1.45052e-15 0)
(3 7.65133e-16 0)
(3 6.05042e-16 0)
(3 1.51209e-15 0)
(3 1.27259e-15 0)
(3 1.24493e-15 0)
(3 1.66118e-15 0)
(3 2.13836e-15 0)
(3 2.04346e-15 0)
(3 1.09901e-15 0)
(3 1.02479e-15 0)
(3 1.84672e-15 0)
(3 1.78134e-15 0)
(3 1.42541e-15 0)
(3 1.10487e-15 0)
(3 1.48214e-15 0)
(3 1.1688e-15 0)
(3 1.16149e-15 0)
(3 1.10381e-15 0)
(3 3.53523e-16 0)
(3 3.46613e-17 0)
(3 4.18133e-16 0)
(3 2.34964e-15 0)
(3 2.5633e-15 0)
(3 9.447e-16 0)
(3 -1.61395e-16 0)
(3 -9.94927e-17 0)
(3 -9.63163e-16 0)
(3 -1.60611e-15 0)
(3 -1.4944e-15 0)
(3 -7.36268e-16 0)
(3 9.13543e-16 0)
(3 1.32539e-15 0)
(3 1.1217e-15 0)
(3 1.19224e-15 0)
(3 8.88417e-16 0)
(3 4.93455e-16 0)
(3 7.8361e-16 0)
(3 8.5255e-16 0)
(3 -4.2836e-17 0)
(3 -1.34055e-16 0)
(3 7.45481e-16 0)
(3 5.18027e-16 0)
(3 2.43474e-15 0)
(3 1.72283e-15 0)
(3 1.09167e-15 0)
(3 4.84298e-16 0)
(3 2.16931e-17 0)
(3 -3.41479e-17 0)
(3 1.15908e-17 0)
(3 -9.80799e-16 0)
(3 -2.15522e-15 0)
(3 -2.90365e-15 0)
(3 -1.85408e-15 0)
(3 -1.81206e-15 0)
(3 -1.31184e-15 0)
(3 2.92218e-17 0)
(3 4.27417e-17 0)
(3 -3.8351e-16 0)
(3 -1.29225e-15 0)
(3 -1.59556e-15 0)
(3 -2.6658e-15 0)
(3 -1.82758e-15 0)
(3 -1.38905e-15 0)
(3 -1.56899e-15 0)
(3 -2.28076e-15 0)
(3 -2.49785e-15 0)
(3 -2.40359e-15 0)
(3 -1.02594e-15 0)
(3 7.94433e-17 0)
(3 -2.21128e-16 0)
(3 -5.28196e-16 0)
(3 -1.50276e-15 0)
(3 -2.31367e-15 0)
(3 -1.61122e-15 0)
(3 -2.58041e-16 0)
(3 -1.48119e-16 0)
(3 6.40206e-16 0)
(3 1.02954e-15 0)
(3 2.23018e-16 0)
(3 -2.40084e-16 0)
(3 -2.54383e-16 0)
(3 -2.80249e-16 0)
(3 -6.76504e-16 0)
(3 -8.96009e-16 0)
(3 -5.59083e-16 0)
(3 -6.58506e-16 0)
(3 -8.6788e-16 0)
(3 -9.80113e-16 0)
(3 -9.189e-16 0)
(3 -1.08702e-15 0)
(3 8.89955e-17 0)
(3 5.46066e-16 0)
(3 6.73322e-16 0)
(3 1.02267e-15 0)
(3 9.34221e-16 0)
(3 7.12367e-16 0)
(3 1.15351e-16 0)
(3 1.19624e-16 0)
(3 8.21691e-16 0)
(3 1.42157e-15 0)
(3 1.90549e-15 0)
(3 2.29989e-15 0)
(3 2.0822e-15 0)
(3 1.84774e-15 0)
(3 1.73437e-15 0)
(3 2.74825e-15 0)
(3 2.71093e-15 0)
(3 1.30994e-15 0)
(3 2.76324e-16 0)
(3 9.87184e-16 0)
(3 1.69723e-15 0)
(3 2.11686e-15 0)
(3 9.92539e-16 0)
(3 2.44733e-16 0)
(3 -1.40616e-16 0)
(3 6.36483e-16 0)
(3 9.40332e-16 0)
(3 9.13545e-18 0)
(3 1.79626e-16 0)
(3 1.39621e-15 0)
(3 1.43419e-15 0)
(3 1.60601e-15 0)
(3 -1.98909e-16 0)
(3 8.66407e-16 0)
(3 1.38641e-15 0)
(3 1.85992e-15 0)
(3 2.26435e-15 0)
(3 1.71829e-15 0)
(3 1.07098e-15 0)
(3 7.36133e-16 0)
(3 2.10414e-16 0)
(3 1.89351e-15 0)
(3 2.52183e-15 0)
(3 1.76841e-15 0)
(3 7.81513e-16 0)
(3 5.32074e-16 0)
(3 1.70847e-15 0)
(3 1.17605e-15 0)
(3 2.44073e-15 0)
(3 2.75947e-15 0)
(3 7.21561e-16 0)
(3 -2.73412e-16 0)
(3 -5.43281e-16 0)
(3 6.5124e-16 0)
(3 8.74678e-16 0)
(3 -1.14191e-16 0)
(3 -5.02296e-16 0)
(3 -6.86089e-16 0)
(3 -1.09163e-15 0)
(3 -9.449e-16 0)
(3 -7.95641e-16 0)
(3 -5.12414e-16 0)
(3 1.88727e-16 0)
(3 -4.6154e-16 0)
(3 -1.22145e-15 0)
(3 -1.64398e-15 0)
(3 -2.30068e-15 0)
(3 -2.25219e-15 0)
(3 -1.26611e-15 0)
(3 -6.28802e-16 0)
(3 -4.2746e-17 0)
(3 -6.04154e-16 0)
(3 8.33419e-17 0)
(3 4.6696e-16 0)
(3 9.14464e-16 0)
(3 6.90927e-16 0)
(3 4.42558e-16 0)
(3 1.3365e-16 0)
(3 -6.25205e-16 0)
(3 -6.65704e-17 0)
(3 -1.31451e-16 0)
(3 -4.68568e-17 0)
(3 6.04312e-16 0)
(3 6.252e-16 0)
(3 5.032e-16 0)
(3 5.59839e-16 0)
(3 5.26846e-16 0)
(3 6.75822e-16 0)
(3 3.0226e-16 0)
(3 1.23866e-16 0)
(3 4.52636e-17 0)
(3 -5.90776e-16 0)
(3 -1.28397e-15 0)
(3 -1.73843e-15 0)
(3 -2.51148e-15 0)
(3 -1.61741e-15 0)
(3 -2.37634e-16 0)
(3 1.65942e-15 0)
(3 2.59024e-15 0)
(3 2.19655e-15 0)
(3 1.82839e-15 0)
(3 1.29886e-15 0)
(3 6.37551e-16 0)
(3 3.42141e-16 0)
(3 1.56435e-16 0)
(3 6.58309e-16 0)
(3 1.21193e-15 0)
(3 1.56528e-15 0)
(3 1.79538e-15 0)
(3 2.07892e-15 0)
(3 3.142e-15 0)
(3 2.99697e-15 0)
(3 9.35264e-16 0)
(3 -9.5712e-16 0)
(3 -8.45287e-16 0)
(3 5.88427e-16 0)
(3 9.64817e-16 0)
(3 1.06193e-15 0)
(3 -5.18282e-16 0)
(3 -7.04248e-16 0)
(3 -3.76624e-16 0)
(3 1.14182e-15 0)
(3 1.22272e-15 0)
(3 2.46657e-16 0)
(3 -1.53388e-16 0)
(3 8.75648e-16 0)
(3 2.18938e-15 0)
(3 2.1651e-15 0)
(3 1.07201e-15 0)
(3 1.26503e-15 0)
(3 1.62073e-15 0)
(3 1.80729e-15 0)
(3 1.50647e-15 0)
(3 8.89483e-16 0)
(3 1.33615e-15 0)
(3 2.05107e-15 0)
(3 3.46354e-15 0)
(3 4.24722e-15 0)
(3 3.73592e-15 0)
(3 2.46861e-15 0)
(3 1.69269e-15 0)
(3 1.74544e-15 0)
(3 2.0506e-15 0)
(3 7.71671e-16 0)
(3 8.70708e-16 0)
(3 1.2268e-15 0)
(3 1.60462e-16 0)
(3 -1.27548e-15 0)
(3 -7.68349e-16 0)
(3 6.93726e-17 0)
(3 1.693e-16 0)
(3 -1.29068e-17 0)
(3 2.38826e-16 0)
(3 4.30747e-16 0)
(3 1.50978e-16 0)
(3 2.11747e-16 0)
(3 -7.57734e-17 0)
(3 -4.34376e-16 0)
(3 5.94157e-16 0)
(3 5.89568e-16 0)
(3 1.50076e-17 0)
(3 -8.32438e-16 0)
(3 3.94169e-16 0)
(3 1.81157e-16 0)
(3 -2.18601e-16 0)
(3 -6.65595e-16 0)
(3 -2.41529e-16 0)
(3 1.20064e-15 0)
(3 1.27771e-15 0)
(3 1.49376e-15 0)
(3 6.0431e-16 0)
(3 4.83858e-16 0)
(3 5.88573e-16 0)
(3 4.30994e-16 0)
(3 9.72828e-16 0)
(3 1.51392e-15 0)
(3 1.49685e-15 0)
(3 7.37189e-16 0)
(3 3.5597e-17 0)
(3 -3.9427e-16 0)
(3 -5.4129e-16 0)
(3 8.55916e-17 0)
(3 8.48965e-17 0)
(3 -2.14425e-16 0)
(3 -5.10139e-16 0)
(3 -1.09279e-15 0)
(3 -1.3152e-15 0)
(3 -1.27268e-15 0)
(3 -1.21442e-15 0)
(3 -1.23281e-15 0)
(3 -1.52283e-15 0)
(3 -1.71455e-16 0)
(3 8.74297e-16 0)
(3 1.93847e-15 0)
(3 2.02488e-15 0)
(3 1.76199e-15 0)
(3 9.20032e-16 0)
(3 6.78488e-16 0)
(3 6.63019e-16 0)
(3 2.21358e-16 0)
(3 -2.42267e-16 0)
(3 -7.22151e-16 0)
(3 -1.29075e-16 0)
(3 1.48866e-16 0)
(3 1.39088e-15 0)
(3 2.11698e-15 0)
(3 2.02278e-15 0)
(3 1.90486e-15 0)
(3 -1.16919e-16 0)
(3 -8.48634e-16 0)
(3 -3.43249e-16 0)
(3 -2.27733e-16 0)
(3 6.69156e-18 0)
(3 3.62716e-17 0)
(3 -1.02882e-15 0)
(3 -1.83955e-15 0)
(3 -1.93855e-15 0)
(3 -4.84238e-16 0)
(3 9.30273e-16 0)
(3 6.29286e-16 0)
(3 -8.32209e-16 0)
(3 -1.60481e-15 0)
(3 1.14626e-15 0)
(3 2.17354e-15 0)
(3 1.71681e-15 0)
(3 1.40253e-15 0)
(3 9.96357e-16 0)
(3 1.17151e-15 0)
(3 8.68461e-16 0)
(3 4.49726e-16 0)
(3 3.72823e-16 0)
(3 5.99038e-16 0)
(3 1.7291e-15 0)
(3 1.47664e-15 0)
(3 1.59383e-15 0)
(3 1.86197e-15 0)
(3 2.08548e-15 0)
(3 1.82523e-15 0)
(3 4.73603e-16 0)
(3 1.02826e-15 0)
(3 8.49959e-16 0)
(3 -9.86051e-16 0)
(3 -1.46392e-15 0)
(3 -7.29481e-16 0)
(3 -2.64643e-16 0)
(3 -1.29078e-16 0)
(3 -6.7939e-16 0)
(3 -1.58184e-16 0)
(3 2.16894e-16 0)
(3 7.32967e-16 0)
(3 1.59293e-15 0)
(3 1.23227e-15 0)
(3 6.45004e-16 0)
(3 1.2767e-15 0)
(3 1.70542e-15 0)
(3 1.81365e-15 0)
(3 1.14991e-15 0)
(3 2.98225e-16 0)
(3 6.3069e-16 0)
(3 9.78722e-16 0)
(3 1.04631e-15 0)
(3 -1.69935e-16 0)
(3 -4.41095e-16 0)
(3 1.98273e-16 0)
(3 1.08622e-15 0)
(3 1.21065e-15 0)
(3 1.0347e-15 0)
(3 6.15054e-16 0)
(3 -4.02635e-17 0)
(3 7.68483e-16 0)
(3 1.74057e-15 0)
(3 1.58466e-15 0)
(3 1.80173e-15 0)
(3 2.47431e-16 0)
(3 -1.28128e-15 0)
(3 -2.0185e-15 0)
(3 -2.06269e-15 0)
(3 -2.01463e-15 0)
(3 -1.28739e-15 0)
(3 -7.08181e-16 0)
(3 -1.70768e-15 0)
(3 -3.41242e-15 0)
(3 -3.31133e-15 0)
(3 -2.02262e-15 0)
(3 -4.91935e-16 0)
(3 1.48776e-16 0)
(3 -3.94446e-17 0)
(3 -4.20624e-16 0)
(3 -3.4256e-16 0)
(3 8.29509e-17 0)
(3 1.04688e-15 0)
(3 8.34775e-16 0)
(3 -8.13089e-17 0)
(3 -1.3683e-17 0)
(3 3.79639e-16 0)
(3 3.52852e-16 0)
(3 4.66201e-16 0)
(3 -1.08152e-16 0)
(3 -3.08547e-16 0)
(3 2.49889e-16 0)
(3 1.1607e-15 0)
(3 1.17566e-15 0)
(3 2.89543e-16 0)
(3 -4.85867e-16 0)
(3 -9.39997e-16 0)
(3 2.65743e-17 0)
(3 5.48622e-16 0)
(3 -5.9857e-16 0)
(3 -1.84852e-15 0)
(3 -2.30108e-15 0)
(3 -2.64117e-15 0)
(3 -3.13808e-15 0)
(3 -3.39894e-15 0)
(3 -1.84234e-15 0)
(3 -1.31912e-15 0)
(3 -8.83418e-16 0)
(3 -1.28446e-15 0)
(3 -1.49848e-15 0)
(3 1.84458e-16 0)
(3 1.1146e-15 0)
(3 2.13476e-15 0)
(3 2.31905e-15 0)
(3 2.36419e-15 0)
(3 1.35243e-15 0)
(3 9.48918e-16 0)
(3 8.09765e-16 0)
(3 7.49805e-17 0)
(3 -1.36977e-16 0)
(3 2.81168e-17 0)
(3 4.61701e-16 0)
(3 4.72794e-16 0)
(3 1.1397e-15 0)
(3 1.12662e-15 0)
(3 1.14166e-15 0)
(3 -1.30562e-16 0)
(3 1.74636e-15 0)
(3 1.00834e-15 0)
(3 -7.62892e-16 0)
(3 -1.04326e-15 0)
(3 4.05359e-16 0)
(3 1.61659e-16 0)
(3 -5.35053e-17 0)
(3 -9.12129e-16 0)
(3 -8.62176e-16 0)
(3 -6.27274e-16 0)
(3 -1.61858e-16 0)
(3 7.97415e-16 0)
(3 7.98805e-16 0)
(3 1.27588e-15 0)
(3 1.16862e-15 0)
(3 2.31083e-16 0)
(3 2.17918e-16 0)
(3 9.58814e-16 0)
(3 1.26888e-15 0)
(3 1.20671e-15 0)
(3 1.02194e-15 0)
(3 1.09655e-15 0)
(3 7.45109e-16 0)
(3 -3.45948e-16 0)
(3 -1.60665e-15 0)
(3 -1.47082e-15 0)
(3 -1.65499e-15 0)
(3 -9.87826e-16 0)
(3 -3.10004e-16 0)
(3 -6.04219e-16 0)
(3 1.04972e-15 0)
(3 1.33842e-15 0)
(3 -2.75418e-17 0)
(3 -9.43011e-16 0)
(3 -1.64541e-15 0)
(3 -2.42583e-15 0)
(3 -2.1149e-15 0)
(3 -9.97321e-16 0)
(3 1.07491e-16 0)
(3 -1.99793e-16 0)
(3 -6.25802e-16 0)
(3 -1.36817e-15 0)
(3 -1.69427e-15 0)
(3 -9.61559e-16 0)
(3 -3.16712e-16 0)
(3 2.30788e-16 0)
(3 7.81701e-16 0)
(3 1.16786e-15 0)
(3 8.42696e-16 0)
(3 -1.3698e-16 0)
(3 -4.35778e-16 0)
(3 6.14055e-16 0)
(3 9.76905e-16 0)
(3 1.61332e-15 0)
(3 1.2253e-15 0)
(3 -1.28514e-16 0)
(3 -6.23677e-16 0)
(3 -2.52928e-16 0)
(3 3.39219e-16 0)
(3 5.35587e-16 0)
(3 1.21427e-15 0)
(3 1.72598e-15 0)
(3 1.23394e-15 0)
(3 9.31978e-16 0)
(3 6.35197e-16 0)
(3 5.77712e-16 0)
(3 1.33681e-15 0)
(3 1.08722e-15 0)
(3 4.09884e-16 0)
(3 -1.10033e-15 0)
(3 -1.4829e-15 0)
(3 -1.31704e-15 0)
(3 -1.30732e-15 0)
(3 -1.4709e-15 0)
(3 -2.40478e-15 0)
(3 -2.57354e-15 0)
(3 -1.53758e-15 0)
(3 -1.09393e-15 0)
(3 -5.3329e-16 0)
(3 -2.7665e-16 0)
(3 -3.76166e-17 0)
(3 1.37212e-15 0)
(3 2.33195e-15 0)
(3 2.24585e-15 0)
(3 3.169e-16 0)
(3 -1.93348e-16 0)
(3 5.62249e-17 0)
(3 1.01009e-15 0)
(3 1.39654e-15 0)
(3 9.43423e-16 0)
(3 1.11544e-15 0)
(3 1.22529e-15 0)
(3 1.30382e-15 0)
(3 5.69875e-16 0)
(3 -3.0987e-16 0)
(3 -4.00713e-16 0)
(3 -2.52365e-16 0)
(3 -8.87384e-16 0)
(3 3.08934e-17 0)
(3 5.80428e-16 0)
(3 4.23137e-16 0)
(3 -3.16448e-16 0)
(3 -5.68802e-16 0)
(3 -8.37098e-18 0)
(3 -5.25237e-16 0)
(3 -5.62739e-16 0)
(3 -3.49662e-16 0)
(3 -9.90676e-16 0)
(3 -2.09997e-16 0)
(3 1.74158e-15 0)
(3 1.37767e-15 0)
(3 1.07551e-15 0)
(3 1.50553e-15 0)
(3 2.78233e-15 0)
(3 4.43368e-15 0)
(3 3.58473e-15 0)
(3 2.19694e-15 0)
(3 3.11711e-16 0)
(3 -4.03034e-18 0)
(3 -7.23202e-16 0)
(3 -8.01933e-16 0)
(3 -1.88371e-15 0)
(3 -2.05199e-15 0)
(3 -1.89101e-15 0)
(3 -8.55028e-16 0)
(3 2.43742e-16 0)
(3 1.60312e-15 0)
(3 2.06145e-15 0)
(3 7.45942e-16 0)
(3 -9.9527e-16 0)
(3 -2.66759e-15 0)
(3 -3.0583e-15 0)
(3 -1.87842e-15 0)
(3 -1.08141e-15 0)
(3 -7.12436e-16 0)
(3 -5.37269e-16 0)
(3 -1.08601e-15 0)
(3 -1.35727e-15 0)
(3 -5.28496e-16 0)
(3 8.42511e-16 0)
(3 1.02289e-15 0)
(3 4.93549e-16 0)
(3 9.17286e-16 0)
(3 1.67199e-15 0)
(3 1.53119e-15 0)
(3 1.17299e-15 0)
(3 7.3868e-16 0)
(3 7.46478e-16 0)
(3 1.8262e-15 0)
(3 2.3201e-15 0)
(3 1.58013e-15 0)
(3 6.74296e-16 0)
(3 6.89753e-16 0)
(3 7.93672e-16 0)
(3 4.84586e-16 0)
(3 4.05799e-16 0)
(3 4.79964e-16 0)
(3 -2.07384e-16 0)
(3 -4.80516e-16 0)
(3 -1.46042e-16 0)
(3 6.17677e-16 0)
(3 1.73464e-15 0)
(3 2.2106e-15 0)
(3 2.0138e-15 0)
(3 1.52585e-15 0)
(3 -1.87833e-16 0)
(3 -2.79882e-16 0)
(3 -2.9762e-16 0)
(3 -4.04079e-16 0)
(3 -9.97308e-16 0)
(3 -1.35763e-15 0)
(3 -7.98437e-16 0)
(3 -6.50088e-16 0)
(3 7.23465e-16 0)
(3 1.25162e-15 0)
(3 1.39159e-15 0)
(3 1.07494e-15 0)
(3 2.00224e-15 0)
(3 1.71539e-15 0)
(3 1.09684e-15 0)
(3 3.81275e-16 0)
(3 -5.76132e-16 0)
(3 -7.36412e-16 0)
(3 -5.92947e-16 0)
(3 -6.54294e-16 0)
(3 -1.24984e-16 0)
(3 2.94164e-16 0)
(3 5.19082e-16 0)
(3 1.27521e-16 0)
(3 6.84577e-17 0)
(3 -4.9589e-17 0)
(3 2.7924e-16 0)
(3 4.55749e-16 0)
(3 9.16809e-16 0)
(3 1.12155e-15 0)
(3 9.97078e-17 0)
(3 -6.50178e-16 0)
(3 2.78195e-16 0)
(3 3.31652e-16 0)
(3 7.51398e-16 0)
(3 6.71655e-16 0)
(3 7.81376e-16 0)
(3 3.49337e-16 0)
(3 -5.36204e-16 0)
(3 -6.78832e-16 0)
(3 -7.69632e-17 0)
(3 7.27579e-16 0)
(3 2.04683e-15 0)
(3 2.73605e-15 0)
(3 3.21457e-15 0)
(3 3.72893e-15 0)
(3 3.20877e-15 0)
(3 4.52779e-16 0)
(3 -2.4519e-15 0)
(3 -2.46584e-15 0)
(3 -1.90946e-15 0)
(3 -1.82441e-15 0)
(3 -1.2984e-15 0)
(3 8.68171e-17 0)
(3 7.94165e-16 0)
(3 1.65444e-15 0)
(3 1.84656e-15 0)
(3 9.14603e-16 0)
(3 1.13781e-15 0)
(3 1.49282e-15 0)
(3 -5.46447e-16 0)
(3 -1.69307e-15 0)
(3 -1.73751e-15 0)
(3 -7.60928e-16 0)
(3 -2.29988e-15 0)
(3 -2.14675e-15 0)
(3 -2.06742e-15 0)
(3 -1.33044e-15 0)
(3 -2.22898e-16 0)
(3 9.20601e-16 0)
(3 1.50999e-15 0)
(3 1.60919e-15 0)
(3 8.23893e-16 0)
(3 8.06009e-16 0)
(3 8.99305e-16 0)
(3 1.08171e-15 0)
(3 9.94607e-16 0)
(3 1.23482e-15 0)
(3 1.87902e-15 0)
(3 2.56972e-15 0)
(3 2.77474e-15 0)
(3 1.11498e-15 0)
(3 9.93886e-16 0)
(3 1.76239e-15 0)
(3 1.90932e-15 0)
(3 1.76673e-15 0)
(3 1.0557e-15 0)
(3 4.37572e-16 0)
(3 -3.81526e-16 0)
(3 -1.20349e-15 0)
(3 -1.20406e-15 0)
(3 3.0026e-16 0)
(3 1.21854e-15 0)
(3 1.90416e-15 0)
(3 2.95211e-15 0)
(3 2.32542e-15 0)
(3 1.2266e-15 0)
(3 3.65981e-16 0)
(3 -2.79314e-17 0)
(3 -9.39472e-16 0)
(3 -1.52228e-15 0)
(3 -6.59183e-16 0)
(3 -1.31238e-16 0)
(3 2.07758e-16 0)
(3 4.91025e-16 0)
(3 1.30742e-15 0)
(3 1.87603e-15 0)
(3 1.06559e-15 0)
(3 2.63744e-15 0)
(3 2.94808e-15 0)
(3 2.26424e-15 0)
(3 1.41042e-15 0)
(3 8.87088e-16 0)
(3 3.36202e-16 0)
(3 -9.64767e-16 0)
(3 -1.41207e-15 0)
(3 5.31288e-16 0)
(3 9.97004e-16 0)
(3 -2.31383e-18 0)
(3 -9.32605e-17 0)
(3 -1.64954e-16 0)
(3 -7.46119e-17 0)
(3 3.36345e-16 0)
(3 3.85761e-16 0)
(3 3.3691e-16 0)
(3 1.39745e-16 0)
(3 -8.13356e-16 0)
(3 -8.67066e-16 0)
(3 6.2883e-16 0)
(3 1.01488e-15 0)
(3 5.71903e-16 0)
(3 2.97556e-16 0)
(3 3.88645e-16 0)
(3 2.58537e-16 0)
(3 -6.23283e-17 0)
(3 -3.2965e-16 0)
(3 -6.59766e-16 0)
(3 -3.3603e-16 0)
(3 1.35524e-16 0)
(3 3.24535e-16 0)
(3 7.77561e-16 0)
(3 1.00835e-15 0)
(3 1.09738e-15 0)
(3 -5.70922e-16 0)
(3 -1.66532e-15 0)
(3 -2.07995e-15 0)
(3 -1.94934e-15 0)
(3 -1.61527e-15 0)
(3 -1.08405e-15 0)
(3 -9.23116e-17 0)
(3 1.1291e-15 0)
(3 1.15458e-15 0)
(3 6.78177e-16 0)
(3 -8.41177e-17 0)
(3 -1.7003e-16 0)
(3 -1.79376e-18 0)
(3 -6.82506e-16 0)
(3 -1.22741e-15 0)
(3 -1.15239e-15 0)
(3 -4.97793e-17 0)
(3 -5.74855e-16 0)
(3 -8.67324e-16 0)
(3 -1.21881e-15 0)
(3 -9.05114e-16 0)
(3 1.65257e-16 0)
(3 6.94054e-16 0)
(3 6.77844e-16 0)
(3 4.58772e-16 0)
(3 -7.43796e-17 0)
(3 2.5936e-16 0)
(3 1.70554e-16 0)
(3 7.24885e-16 0)
(3 1.07138e-15 0)
(3 1.6314e-15 0)
(3 1.78379e-15 0)
(3 2.2822e-15 0)
(3 1.47069e-15 0)
(3 8.08235e-16 0)
(3 5.67179e-17 0)
(3 5.11207e-16 0)
(3 1.26584e-15 0)
(3 1.46698e-15 0)
(3 1.26513e-15 0)
(3 5.02862e-16 0)
(3 1.92817e-16 0)
(3 -2.91041e-16 0)
(3 -6.14698e-16 0)
(3 2.32095e-16 0)
(3 4.96837e-16 0)
(3 7.25872e-16 0)
(3 1.03189e-15 0)
(3 8.28802e-16 0)
(3 7.72631e-16 0)
(3 3.23133e-16 0)
(3 -4.78166e-16 0)
(3 -1.45272e-15 0)
(3 -1.63347e-15 0)
(3 -1.4472e-15 0)
(3 -1.21743e-15 0)
(3 -6.43027e-16 0)
(3 -9.06179e-16 0)
(3 7.83824e-16 0)
(3 7.76164e-16 0)
(3 2.35826e-16 0)
(3 5.84912e-16 0)
(3 1.80244e-15 0)
(3 2.27702e-15 0)
(3 2.32884e-15 0)
(3 1.12249e-15 0)
(3 2.97076e-16 0)
(3 -2.8212e-16 0)
(3 -3.09589e-17 0)
(3 1.14666e-15 0)
(3 1.01118e-15 0)
(3 4.30096e-16 0)
(3 6.51345e-16 0)
(3 4.71484e-16 0)
(3 -1.6106e-17 0)
(3 -5.66569e-17 0)
)
;

boundaryField
{
    inlet
    {
        type            fixedValue;
        value           uniform (3 0 0);
    }
    outlet
    {
        type            inletOutlet;
        inletValue      uniform (3 0 0);
        value           nonuniform List<vector> 
32
(
(3 8.29395e-16 0)
(3 1.54624e-15 0)
(3 2.23846e-15 0)
(3 1.73271e-15 0)
(3 1.75528e-15 0)
(3 1.12419e-15 0)
(3 7.94657e-16 0)
(3 -6.23268e-17 0)
(3 -1.08934e-15 0)
(3 -2.95668e-16 0)
(3 4.19855e-16 0)
(3 -3.79825e-17 0)
(3 -1.21119e-15 0)
(3 -4.82792e-16 0)
(3 1.36409e-15 0)
(3 -2.48296e-16 0)
(3 -7.22463e-16 0)
(3 -1.37049e-15 0)
(3 -2.20908e-15 0)
(3 -1.9031e-15 0)
(3 3.62608e-16 0)
(3 2.08143e-15 0)
(3 1.71689e-15 0)
(3 7.45481e-16 0)
(3 1.70847e-15 0)
(3 2.0506e-15 0)
(3 4.73603e-16 0)
(3 -1.30562e-16 0)
(3 -4.00713e-16 0)
(3 2.7924e-16 0)
(3 3.36345e-16 0)
(3 -5.66569e-17 0)
)
;
    }
    bottom
    {
        type            symmetryPlane;
    }
    top
    {
        type            symmetryPlane;
    }
    obstacle
    {
        type            slip;
    }
    defaultFaces
    {
        type            empty;
    }
}


// ************************************************************************* //
