2 	-3.93236 	-1.24028e-18 	1.19596 	-0.00130675 	0
2 	-3.79943 	-3.9291e-18 	1.19661 	-0.00384483 	0
2 	-3.67115 	-4.53626e-18 	1.19785 	-0.00630691 	0
2 	-3.54734 	-6.87813e-18 	1.19962 	-0.00866641 	0
2 	-3.42786 	-8.61286e-18 	1.20186 	-0.0109323 	0
2 	-3.31256 	-9.9139e-18 	1.20452 	-0.0131038 	0
2 	-3.20128 	-1.19088e-17 	1.20754 	-0.01518 	0
2 	-3.09388 	-1.32966e-17 	1.21089 	-0.0171611 	0
2 	-2.99024 	-1.52915e-17 	1.21452 	-0.019047 	0
2 	-2.89021 	-1.72865e-17 	1.21839 	-0.0208374 	0
2 	-2.79368 	-1.79804e-17 	1.22246 	-0.0225322 	0
2 	-2.70052 	-1.79804e-17 	1.22671 	-0.0241312 	0
2 	-2.61061 	-2.12763e-17 	1.23108 	-0.0256345 	0
2 	-2.52385 	-2.39652e-17 	1.23557 	-0.0270423 	0
2 	-2.44011 	-2.70877e-17 	1.24013 	-0.0283551 	0
2 	-2.35929 	-3.15112e-17 	1.24474 	-0.0295739 	0
2 	-2.2813 	-3.22051e-17 	1.24939 	-0.0307001 	0
2 	-2.20604 	-3.22051e-17 	1.25406 	-0.0317356 	0
2 	-2.1334 	-3.42e-17 	1.25873 	-0.0326827 	0
2 	-2.06329 	-3.6195e-17 	1.26341 	-0.033544 	0
2 	-1.99564 	-3.6195e-17 	1.26809 	-0.0343216 	0
2 	-1.93035 	-3.6195e-17 	1.27277 	-0.0350171 	0
2 	-1.86734 	-3.6195e-17 	1.27741 	-0.0356312 	0
2 	-1.80652 	-3.55878e-17 	1.28199 	-0.0361643 	0
2 	-1.74784 	-3.49807e-17 	1.28647 	-0.0366174 	0
2 	-1.6912 	-3.56745e-17 	1.2908 	-0.0369917 	0
2 	-1.63654 	-3.70623e-17 	1.29494 	-0.037289 	0
2 	-1.58379 	-3.84501e-17 	1.29884 	-0.0375097 	0
2 	-1.53288 	-3.9144e-17 	1.30244 	-0.0376504 	0
2 	-1.48375 	-3.9144e-17 	1.30563 	-0.037702 	0
2 	-1.43633 	-3.98379e-17 	1.30823 	-0.0376462 	0
2 	-1.39057 	-4.05318e-17 	1.30997 	-0.0374539 	0
2 	-1.34641 	-4.25267e-17 	1.31043 	-0.0370851 	0
2 	-1.30379 	-4.52155e-17 	1.30906 	-0.0364927 	0
2 	-1.26266 	-4.59094e-17 	1.30519 	-0.0356288 	0
2 	-1.22296 	-4.48686e-17 	1.29808 	-0.0344536 	0
2 	-1.18466 	-4.38277e-17 	1.28706 	-0.0329578 	0
2 	-1.14768 	-4.38277e-17 	1.27158 	-0.0312051 	0
2 	-1.112 	-4.38277e-17 	1.25133 	-0.0292875 	0
2 	-1.07757 	-4.38277e-17 	1.22621 	-0.0269086 	0
2 	-1.03863 	-4.20514e-17 	1.1881 	-0.0221308 	1.1675e-20
2 	-1.01586 	-3.9958e-17 	1.12487 	-0.0155682 	-1.04766e-19
2 	-0.993217 	-4.09841e-17 	1.1335 	-0.0219083 	-6.05815e-20
2 	-0.948059 	-4.40032e-17 	1.05731 	-0.0159323 	-5.11264e-20
2 	-0.900995 	-4.85292e-17 	0.967545 	-0.0100183 	3.61794e-20
2 	-0.876272 	-5.07208e-17 	0.866094 	-0.00482031 	1.14831e-20
2 	-0.851886 	-4.48071e-17 	0.874133 	-0.00949635 	5.16858e-20
2 	-0.803473 	-3.76615e-17 	0.762748 	-0.00478342 	-1.10528e-20
2 	-0.753096 	-3.74524e-17 	0.647238 	-0.00142492 	-1.29256e-20
2 	-0.71814 	-3.83767e-17 	0.532278 	0.000502351 	-5.2802e-20
2 	-0.692197 	-3.7545e-17 	0.535121 	-0.00250685 	9.34429e-20
2 	-0.649352 	-3.747e-17 	0.422733 	-0.00140697 	-1.93414e-20
2 	-0.596093 	-3.59978e-17 	0.317872 	-0.0013188 	-4.92002e-20
2 	-0.541991 	-3.50827e-17 	0.222061 	-0.00186632 	6.90441e-20
2 	-0.502352 	-3.52256e-17 	0.135907 	-0.00270342 	-3.37365e-20
2 	-0.474727 	-3.50998e-17 	0.135067 	-0.00470143 	5.65e-20
2 	-0.431525 	-3.67761e-17 	0.0587128 	-0.0053796 	3.40815e-20
2 	-0.375304 	-3.95517e-17 	-0.00789166 	-0.00582602 	2.92689e-20
2 	-0.318526 	-3.87104e-17 	-0.0650498 	-0.00590168 	3.06207e-21
2 	-0.261272 	-3.63218e-17 	-0.112919 	-0.00554385 	2.16694e-20
2 	-0.203624 	-3.69048e-17 	-0.151499 	-0.00475199 	-2.28398e-22
2 	-0.145668 	-3.87722e-17 	-0.180667 	-0.00357422 	-3.38469e-20
2 	-0.0874897 	-3.70676e-17 	-0.200249 	-0.00209762 	-2.65626e-21
2 	-0.0291781 	-3.87305e-17 	-0.210083 	-0.000427382 	-2.8009e-21
2 	0.0291781 	-4.8098e-17 	-0.21007 	0.00130304 	2.92571e-21
2 	0.0874897 	-4.85168e-17 	-0.200217 	0.00295792 	2.21898e-21
2 	0.145668 	-4.38029e-17 	-0.180622 	0.00441791 	3.44423e-20
2 	0.203624 	-4.08946e-17 	-0.151451 	0.00556856 	1.0342e-21
2 	0.261272 	-4.15259e-17 	-0.112886 	0.00632522 	-2.59544e-20
2 	0.318526 	-4.21799e-17 	-0.0650513 	0.00664038 	-2.33302e-21
2 	0.375304 	-3.7817e-17 	-0.00795132 	0.0065155 	-2.69886e-20
2 	0.431525 	-3.46945e-17 	0.0585741 	0.00601546 	-3.04084e-20
2 	0.474727 	-3.39422e-17 	0.13483 	0.00528381 	-5.74174e-20
2 	0.502352 	-3.37209e-17 	0.135711 	0.00342392 	3.05806e-20
2 	0.541991 	-3.71644e-17 	0.221765 	0.00253377 	-6.97363e-20
2 	0.596093 	-4.32836e-17 	0.317473 	0.00192958 	4.7318e-20
2 	0.649352 	-4.85723e-17 	0.422255 	0.00196235 	1.68465e-20
2 	0.692197 	-5.188e-17 	0.534566 	0.00300818 	2.94916e-20
2 	0.71814 	-5.30587e-17 	0.531749 	9.06867e-05 	6.02144e-20
2 	0.753096 	-5.38455e-17 	0.646697 	0.00200554 	4.58452e-21
2 	0.803473 	-5.30138e-17 	0.762204 	0.00530845 	1.46289e-20
2 	0.851886 	-5.30313e-17 	0.87363 	0.00998926 	-5.56538e-20
2 	0.876272 	-5.3047e-17 	0.865622 	0.00538807 	-1.27847e-20
2 	0.900995 	-5.11313e-17 	0.967135 	0.0105468 	-3.68194e-20
2 	0.948059 	-5.04217e-17 	1.05697 	0.0164213 	4.86567e-20
2 	0.993217 	-5.19971e-17 	1.13325 	0.0223653 	-5.82521e-20
2 	1.01586 	-5.37466e-17 	1.12467 	0.016065 	1.04099e-19
2 	1.03863 	-5.34138e-17 	1.18798 	0.0225953 	-1.03801e-20
2 	1.07757 	-5.19809e-17 	1.22616 	0.0273217 	0
2 	1.112 	-5.19809e-17 	1.25133 	0.0296816 	0
2 	1.14768 	-5.19809e-17 	1.27163 	0.0315807 	0
2 	1.18466 	-5.19809e-17 	1.28715 	0.0333117 	0
2 	1.22296 	-5.19809e-17 	1.2982 	0.0347846 	0
2 	1.26266 	-5.06799e-17 	1.30533 	0.0359365 	0
2 	1.30379 	-4.87717e-17 	1.30922 	0.0367771 	0
2 	1.34641 	-4.88584e-17 	1.3106 	0.0373462 	0
2 	1.39057 	-4.95523e-17 	1.31014 	0.0376919 	0
2 	1.43633 	-5.02462e-17 	1.3084 	0.0378616 	0
2 	1.48375 	-5.09401e-17 	1.3058 	0.0378956 	0
2 	1.53288 	-5.22412e-17 	1.30261 	0.037823 	0
2 	1.58379 	-5.2935e-17 	1.29901 	0.0376622 	0
2 	1.63654 	-5.30218e-17 	1.29511 	0.0374226 	0
2 	1.6912 	-5.57106e-17 	1.29097 	0.0371073 	0
2 	1.74784 	-5.77055e-17 	1.28663 	0.0367161 	0
2 	1.80652 	-5.83994e-17 	1.28214 	0.0362473 	0
2 	1.86734 	-5.77923e-17 	1.27756 	0.0356996 	0
2 	1.93035 	-5.64912e-17 	1.2729 	0.0350721 	0
2 	1.99564 	-5.64912e-17 	1.26822 	0.0343644 	0
2 	2.06329 	-5.47565e-17 	1.26353 	0.0335757 	0
2 	2.1334 	-5.30218e-17 	1.25884 	0.0327045 	0
2 	2.20604 	-5.17207e-17 	1.25416 	0.0317486 	0
2 	2.2813 	-5.04197e-17 	1.24948 	0.0307054 	0
2 	2.35929 	-5.04197e-17 	1.24483 	0.0295726 	0
2 	2.44011 	-5.04197e-17 	1.24021 	0.0283483 	0
2 	2.52385 	-5.17207e-17 	1.23564 	0.0270309 	0
2 	2.61061 	-5.17207e-17 	1.23115 	0.0256195 	0
2 	2.70052 	-5.04197e-17 	1.22676 	0.0241136 	0
2 	2.79368 	-5.04197e-17 	1.22251 	0.0225128 	0
2 	2.89021 	-5.11136e-17 	1.21843 	0.0208171 	0
2 	2.99024 	-5.12003e-17 	1.21455 	0.0190265 	0
2 	3.09388 	-5.05932e-17 	1.21092 	0.0171411 	0
2 	3.20128 	-5.05932e-17 	1.20756 	0.0151611 	0
2 	3.31256 	-5.05932e-17 	1.20453 	0.0130866 	0
2 	3.42786 	-5.05932e-17 	1.20187 	0.0109174 	0
2 	3.54734 	-5.12871e-17 	1.19963 	0.00865422 	0
2 	3.67115 	-5.26748e-17 	1.19786 	0.00629783 	0
2 	3.79943 	-5.33687e-17 	1.19661 	0.0038392 	0
2 	3.93236 	-5.3603e-17 	1.19596 	0.00130484 	0
