2 	-3.93236 	-1.24028e-18 	-0.0177407
2 	-3.79943 	-3.9291e-18 	-0.0178778
2 	-3.67115 	-4.53626e-18 	-0.0181351
2 	-3.54734 	-6.87813e-18 	-0.0184976
2 	-3.42786 	-8.61286e-18 	-0.0189487
2 	-3.31256 	-9.9139e-18 	-0.0194727
2 	-3.20128 	-1.19088e-17 	-0.0200539
2 	-3.09388 	-1.32966e-17 	-0.0206772
2 	-2.99024 	-1.52915e-17 	-0.0213274
2 	-2.89021 	-1.72865e-17 	-0.0219899
2 	-2.79368 	-1.79804e-17 	-0.0226497
2 	-2.70052 	-1.79804e-17 	-0.023293
2 	-2.61061 	-2.12763e-17 	-0.0239071
2 	-2.52385 	-2.39652e-17 	-0.0244806
2 	-2.44011 	-2.70877e-17 	-0.0250022
2 	-2.35929 	-3.15112e-17 	-0.0254608
2 	-2.2813 	-3.22051e-17 	-0.0258477
2 	-2.20604 	-3.22051e-17 	-0.0261557
2 	-2.1334 	-3.42e-17 	-0.0263794
2 	-2.06329 	-3.6195e-17 	-0.0265141
2 	-1.99564 	-3.6195e-17 	-0.026557
2 	-1.93035 	-3.6195e-17 	-0.0265073
2 	-1.86734 	-3.6195e-17 	-0.0263655
2 	-1.80652 	-3.55878e-17 	-0.0261342
2 	-1.74784 	-3.49807e-17 	-0.0258176
2 	-1.6912 	-3.56745e-17 	-0.0254217
2 	-1.63654 	-3.70623e-17 	-0.0249545
2 	-1.58379 	-3.84501e-17 	-0.0244252
2 	-1.53288 	-3.9144e-17 	-0.0238448
2 	-1.48375 	-3.9144e-17 	-0.0232257
2 	-1.43633 	-3.98379e-17 	-0.022581
2 	-1.39057 	-4.05318e-17 	-0.0219252
2 	-1.34641 	-4.25267e-17 	-0.0212733
2 	-1.30379 	-4.52155e-17 	-0.0206416
2 	-1.26266 	-4.59094e-17 	-0.0200473
2 	-1.22296 	-4.48686e-17 	-0.0195084
2 	-1.18466 	-4.38277e-17 	-0.0190503
2 	-1.14768 	-4.38277e-17 	-0.0187197
2 	-1.112 	-4.38277e-17 	-0.0185212
2 	-1.07757 	-4.38277e-17 	-0.0181886
2 	-1.03863 	-4.20514e-17 	-0.017842
2 	-1.01586 	-3.9958e-17 	-0.00827148
2 	-0.993217 	-4.09841e-17 	-0.038597
2 	-0.948059 	-4.40032e-17 	-0.0289304
2 	-0.900995 	-4.85292e-17 	-0.0204542
2 	-0.876272 	-5.07208e-17 	-0.0128206
2 	-0.851886 	-4.48071e-17 	-0.0459773
2 	-0.803473 	-3.76615e-17 	-0.0397012
2 	-0.753096 	-3.74524e-17 	-0.0352429
2 	-0.71814 	-3.83767e-17 	-0.0334021
2 	-0.692197 	-3.7545e-17 	-0.0690023
2 	-0.649352 	-3.747e-17 	-0.0696538
2 	-0.596093 	-3.59978e-17 	-0.0739851
2 	-0.541991 	-3.50827e-17 	-0.082633
2 	-0.502352 	-3.52256e-17 	-0.0959251
2 	-0.474727 	-3.50998e-17 	-0.129868
2 	-0.431525 	-3.67761e-17 	-0.144507
2 	-0.375304 	-3.95517e-17 	-0.162437
2 	-0.318526 	-3.87104e-17 	-0.182765
2 	-0.261272 	-3.63218e-17 	-0.205088
2 	-0.203624 	-3.69048e-17 	-0.227406
2 	-0.145668 	-3.87722e-17 	-0.249461
2 	-0.0874897 	-3.70676e-17 	-0.270634
2 	-0.0291781 	-3.87305e-17 	-0.290315
2 	0.0291781 	-4.8098e-17 	-0.307703
2 	0.0874897 	-4.85168e-17 	-0.322147
2 	0.145668 	-4.38029e-17 	-0.333287
2 	0.203624 	-4.08946e-17 	-0.340768
2 	0.261272 	-4.15259e-17 	-0.344457
2 	0.318526 	-4.21799e-17 	-0.344507
2 	0.375304 	-3.7817e-17 	-0.341277
2 	0.431525 	-3.46945e-17 	-0.335277
2 	0.474727 	-3.39422e-17 	-0.327093
2 	0.502352 	-3.37209e-17 	-0.351227
2 	0.541991 	-3.71644e-17 	-0.34074
2 	0.596093 	-4.32836e-17 	-0.32858
2 	0.649352 	-4.85723e-17 	-0.31595
2 	0.692197 	-5.188e-17 	-0.302423
2 	0.71814 	-5.30587e-17 	-0.318122
2 	0.753096 	-5.38455e-17 	-0.301617
2 	0.803473 	-5.30138e-17 	-0.284317
2 	0.851886 	-5.30313e-17 	-0.266571
2 	0.876272 	-5.3047e-17 	-0.273659
2 	0.900995 	-5.11313e-17 	-0.255292
2 	0.948059 	-5.04217e-17 	-0.237985
2 	0.993217 	-5.19971e-17 	-0.221524
2 	1.01586 	-5.37466e-17 	-0.223209
2 	1.03863 	-5.34138e-17 	-0.207143
2 	1.07757 	-5.19809e-17 	-0.198661
2 	1.112 	-5.19809e-17 	-0.189757
2 	1.14768 	-5.19809e-17 	-0.180372
2 	1.18466 	-5.19809e-17 	-0.171278
2 	1.22296 	-5.19809e-17 	-0.162492
2 	1.26266 	-5.06799e-17 	-0.153967
2 	1.30379 	-4.87717e-17 	-0.145702
2 	1.34641 	-4.88584e-17 	-0.137705
2 	1.39057 	-4.95523e-17 	-0.129972
2 	1.43633 	-5.02462e-17 	-0.122501
2 	1.48375 	-5.09401e-17 	-0.115285
2 	1.53288 	-5.22412e-17 	-0.108319
2 	1.58379 	-5.2935e-17 	-0.101598
2 	1.63654 	-5.30218e-17 	-0.0951173
2 	1.6912 	-5.57106e-17 	-0.0888708
2 	1.74784 	-5.77055e-17 	-0.0828541
2 	1.80652 	-5.83994e-17 	-0.0770625
2 	1.86734 	-5.77923e-17 	-0.0714916
2 	1.93035 	-5.64912e-17 	-0.0661377
2 	1.99564 	-5.64912e-17 	-0.0609976
2 	2.06329 	-5.47565e-17 	-0.0560689
2 	2.1334 	-5.30218e-17 	-0.05135
2 	2.20604 	-5.17207e-17 	-0.0468397
2 	2.2813 	-5.04197e-17 	-0.0425378
2 	2.35929 	-5.04197e-17 	-0.0384443
2 	2.44011 	-5.04197e-17 	-0.03456
2 	2.52385 	-5.17207e-17 	-0.0308861
2 	2.61061 	-5.17207e-17 	-0.0274245
2 	2.70052 	-5.04197e-17 	-0.0241775
2 	2.79368 	-5.04197e-17 	-0.0211483
2 	2.89021 	-5.11136e-17 	-0.018341
2 	2.99024 	-5.12003e-17 	-0.0157604
2 	3.09388 	-5.05932e-17 	-0.0134126
2 	3.20128 	-5.05932e-17 	-0.0113053
2 	3.31256 	-5.05932e-17 	-0.00944751
2 	3.42786 	-5.05932e-17 	-0.0078508
2 	3.54734 	-5.12871e-17 	-0.00652918
2 	3.67115 	-5.26748e-17 	-0.00549992
2 	3.79943 	-5.33687e-17 	-0.00478507
2 	3.93236 	-5.3603e-17 	-0.00441036
