/*--------------------------------*- C++ -*----------------------------------*\
  =========                 |
  \\      /  F ield         | OpenFOAM: The Open Source CFD Toolbox
   \\    /   O peration     | Website:  https://openfoam.org
    \\  /    A nd           | Version:  7
     \\/     M anipulation  |
\*---------------------------------------------------------------------------*/
FoamFile
{
    version     2.0;
    format      ascii;
    class       volScalarField;
    location    "20";
    object      p;
}
// * * * * * * * * * * * * * * * * * * * * * * * * * * * * * * * * * * * * * //

dimensions      [0 2 -2 0 0 0 0];

internalField   nonuniform List<scalar> 
5600
(
-0.254899
-0.262735
-0.258951
-0.253238
-0.243989
-0.232468
-0.219253
-0.204196
-0.190117
-0.172268
-0.25575
-0.263312
-0.25945
-0.253644
-0.244341
-0.232772
-0.21952
-0.204374
-0.190353
-0.171993
-0.257443
-0.26446
-0.260443
-0.25445
-0.245038
-0.233372
-0.220055
-0.204737
-0.190809
-0.171443
-0.259962
-0.266167
-0.261917
-0.255643
-0.246067
-0.234257
-0.220848
-0.20527
-0.191477
-0.170626
-0.263281
-0.268416
-0.263855
-0.257206
-0.24741
-0.235406
-0.221842
-0.205977
-0.192355
-0.169556
-0.267369
-0.271185
-0.266235
-0.259118
-0.249045
-0.236798
-0.223054
-0.206806
-0.193423
-0.168254
-0.27219
-0.274448
-0.269031
-0.261353
-0.250945
-0.238406
-0.224454
-0.207742
-0.194654
-0.166743
-0.277701
-0.278178
-0.272216
-0.263883
-0.253083
-0.240201
-0.22601
-0.208766
-0.196019
-0.16506
-0.283858
-0.282345
-0.27576
-0.266682
-0.25543
-0.242156
-0.227692
-0.209859
-0.197482
-0.163247
-0.290619
-0.286914
-0.279635
-0.269723
-0.25796
-0.244244
-0.229471
-0.211003
-0.199
-0.16136
-0.297941
-0.291853
-0.283811
-0.272979
-0.260647
-0.24644
-0.23132
-0.212188
-0.200521
-0.15946
-0.305757
-0.297147
-0.288263
-0.276429
-0.263469
-0.248725
-0.233212
-0.213405
-0.201986
-0.157622
-0.314039
-0.302756
-0.292966
-0.280053
-0.26641
-0.251083
-0.235124
-0.214651
-0.203332
-0.155922
-0.322746
-0.308652
-0.2979
-0.283836
-0.269455
-0.253501
-0.237033
-0.215929
-0.204483
-0.154439
-0.331835
-0.314814
-0.303047
-0.287767
-0.272595
-0.255971
-0.238923
-0.217242
-0.205368
-0.15327
-0.341267
-0.321217
-0.308391
-0.291837
-0.275823
-0.258487
-0.240777
-0.218596
-0.205907
-0.152505
-0.351007
-0.327841
-0.313919
-0.29604
-0.279137
-0.261042
-0.242582
-0.219994
-0.20598
-0.152083
-0.361017
-0.334665
-0.319619
-0.300371
-0.282532
-0.263631
-0.244333
-0.22145
-0.20541
-0.151774
-0.371261
-0.341668
-0.32548
-0.304824
-0.286001
-0.266239
-0.246033
-0.222974
-0.204164
-0.152671
-0.3817
-0.348827
-0.331485
-0.30939
-0.289534
-0.268846
-0.247671
-0.224503
-0.202835
-0.160093
-0.39229
-0.356117
-0.337619
-0.314055
-0.293112
-0.271419
-0.249202
-0.225807
-0.202118
-0.178411
-0.402983
-0.363508
-0.343859
-0.318799
-0.296708
-0.273913
-0.250562
-0.226694
-0.201006
-0.182931
-0.413726
-0.370967
-0.350175
-0.323593
-0.300283
-0.276274
-0.251683
-0.227025
-0.199582
-0.182853
-0.424454
-0.37845
-0.356529
-0.328396
-0.303788
-0.278439
-0.252494
-0.226767
-0.197866
-0.180974
-0.435095
-0.385908
-0.362874
-0.333157
-0.307158
-0.280335
-0.252918
-0.225894
-0.19572
-0.177705
-0.445566
-0.393283
-0.369151
-0.337812
-0.31032
-0.281882
-0.252872
-0.224376
-0.193036
-0.17337
-0.455772
-0.400505
-0.375287
-0.342284
-0.313184
-0.282989
-0.252272
-0.22218
-0.18975
-0.168244
-0.465607
-0.407494
-0.381201
-0.346482
-0.315651
-0.283562
-0.251035
-0.219272
-0.185818
-0.162489
-0.474952
-0.414159
-0.386793
-0.350301
-0.317613
-0.2835
-0.249082
-0.215619
-0.181208
-0.156189
-0.483678
-0.420397
-0.391956
-0.353628
-0.318953
-0.282702
-0.246338
-0.211191
-0.175898
-0.14938
-0.491643
-0.426094
-0.396567
-0.356336
-0.31955
-0.281071
-0.242736
-0.205959
-0.169874
-0.142071
-0.498697
-0.431127
-0.400494
-0.358293
-0.319281
-0.278509
-0.238216
-0.199897
-0.163126
-0.134254
-0.50468
-0.43536
-0.403595
-0.359359
-0.318023
-0.274926
-0.232723
-0.192986
-0.155649
-0.125917
-0.509428
-0.438652
-0.40572
-0.359392
-0.315656
-0.270241
-0.226215
-0.185209
-0.147439
-0.117045
-0.512768
-0.440854
-0.406716
-0.35825
-0.312067
-0.264381
-0.218655
-0.176555
-0.138498
-0.107626
-0.514527
-0.441811
-0.406425
-0.355794
-0.307151
-0.257283
-0.210016
-0.167017
-0.128828
-0.0976511
-0.514532
-0.441367
-0.404691
-0.351889
-0.300813
-0.248895
-0.20028
-0.156592
-0.118433
-0.0871149
-0.512612
-0.439363
-0.401361
-0.34641
-0.292971
-0.239179
-0.189435
-0.145284
-0.107321
-0.0760169
-0.508602
-0.435647
-0.396287
-0.339243
-0.283557
-0.228105
-0.177478
-0.133097
-0.0955006
-0.0643608
-0.502343
-0.430067
-0.389332
-0.330289
-0.272516
-0.215658
-0.164414
-0.120044
-0.0829843
-0.0521542
-0.493688
-0.422482
-0.380371
-0.319461
-0.259811
-0.201831
-0.150253
-0.106138
-0.0697867
-0.0394092
-0.482506
-0.412762
-0.369294
-0.306694
-0.245417
-0.186632
-0.135013
-0.0913984
-0.0559253
-0.0261422
-0.468679
-0.400789
-0.356008
-0.291938
-0.229328
-0.170076
-0.118719
-0.0758486
-0.0414204
-0.0123701
-0.45211
-0.386463
-0.340443
-0.275164
-0.211553
-0.15219
-0.101402
-0.0595166
-0.0262948
0.00189948
-0.432722
-0.369703
-0.322546
-0.256363
-0.192114
-0.133012
-0.0830994
-0.0424346
-0.0105776
0.0166659
-0.410463
-0.350447
-0.302291
-0.235547
-0.17105
-0.112587
-0.063853
-0.0246357
0.00569278
0.0318745
-0.385304
-0.328658
-0.279675
-0.212747
-0.148414
-0.090972
-0.0437113
-0.0061575
0.0224941
0.0474179
-0.357246
-0.304324
-0.254718
-0.188014
-0.124272
-0.0682298
-0.0227311
0.012925
0.0398063
0.0633174
-0.326313
-0.277459
-0.227468
-0.161419
-0.0987027
-0.0444333
-0.000980193
0.0325879
0.0575631
0.0795436
-0.292562
-0.248102
-0.197994
-0.133052
-0.0717978
-0.0196655
0.0214809
0.0527727
0.0757187
0.0960528
-0.256077
-0.216322
-0.166393
-0.103018
-0.0436589
0.00598721
0.0445775
0.0734187
0.0942254
0.112797
-0.216969
-0.182213
-0.132796
-0.0714283
-0.0143983
0.0324295
0.0682309
0.0944619
0.113031
0.129724
-0.175382
-0.145902
-0.0973485
-0.0384101
0.0158603
0.0595592
0.0923576
0.115834
0.13208
0.146774
-0.131486
-0.10754
-0.0601191
-0.00418914
0.0469845
0.0872684
0.116869
0.137463
0.151314
0.163878
-0.0854624
-0.0673038
-0.0213757
0.0311344
0.0788359
0.115444
0.141672
0.159273
0.170669
0.180961
-0.0375157
-0.0253861
0.018671
0.0673816
0.111268
0.143967
0.16667
0.181186
0.190087
0.197944
0.0120257
0.0180369
0.059835
0.104364
0.144129
0.172717
0.191763
0.203125
0.209517
0.214701
0.0629459
0.0626929
0.101891
0.141888
0.177262
0.201567
0.216848
0.225019
0.228903
0.230983
0.114969
0.108321
0.144601
0.179755
0.210507
0.230388
0.241822
0.246801
0.248125
0.246486
0.167785
0.154653
0.187719
0.217761
0.243701
0.25905
0.266585
0.268379
0.266935
0.261104
0.221077
0.201409
0.230992
0.2557
0.276679
0.287423
0.291038
0.289635
0.285012
0.275613
0.274514
0.248294
0.274162
0.293363
0.309276
0.315376
0.31507
0.310459
0.303033
0.291594
0.32776
0.295011
0.316969
0.330539
0.341325
0.342777
0.338574
0.330744
0.320599
0.307353
0.380472
0.341255
0.359152
0.367021
0.372663
0.369497
0.361442
0.350416
0.337587
0.322585
0.432305
0.38672
0.400451
0.402603
0.403128
0.395409
0.383574
0.369403
0.353956
0.337199
0.482915
0.431104
0.44061
0.437083
0.432563
0.420389
0.404868
0.387632
0.369654
0.351148
0.531961
0.474107
0.479379
0.470264
0.460815
0.444315
0.425231
0.40503
0.384622
0.36439
0.579109
0.515436
0.516514
0.501957
0.487735
0.467073
0.444568
0.421523
0.3988
0.376883
0.624036
0.554807
0.551783
0.53198
0.513182
0.48855
0.462792
0.437045
0.412133
0.388586
0.66643
0.591948
0.584962
0.560158
0.537019
0.508641
0.479818
0.451529
0.424566
0.399461
0.705995
0.626601
0.615842
0.586329
0.559122
0.527245
0.495568
0.464913
0.43605
0.409475
0.742453
0.658525
0.644225
0.61034
0.57937
0.54427
0.509968
0.477138
0.446535
0.418592
0.775548
0.687496
0.669931
0.632052
0.597656
0.55963
0.522948
0.48815
0.455976
0.426783
0.805043
0.713309
0.692797
0.651337
0.61388
0.573247
0.534447
0.4979
0.464333
0.434018
0.830729
0.735785
0.712675
0.668083
0.627954
0.585052
0.54441
0.506342
0.471568
0.440271
0.852422
0.754763
0.729439
0.682192
0.639802
0.594984
0.552789
0.513438
0.477648
0.445519
0.869967
0.770109
0.742981
0.693579
0.649359
0.602992
0.559541
0.519156
0.482547
0.449742
0.883237
0.781715
0.753214
0.70218
0.656574
0.609034
0.564635
0.523468
0.486241
0.452924
0.892138
0.789498
0.760073
0.707941
0.661405
0.61308
0.568045
0.526354
0.488713
0.455052
0.896604
0.793404
0.763513
0.710831
0.663828
0.615108
0.569754
0.5278
0.489952
0.456118
0.896604
0.793404
0.763513
0.710831
0.663828
0.615108
0.569754
0.5278
0.489952
0.456118
0.892138
0.789498
0.760073
0.707941
0.661405
0.61308
0.568045
0.526354
0.488713
0.455052
0.883237
0.781715
0.753214
0.70218
0.656574
0.609034
0.564635
0.523468
0.486241
0.452924
0.869967
0.770109
0.742981
0.693579
0.649359
0.602992
0.559541
0.519156
0.482547
0.449742
0.852422
0.754763
0.729439
0.682192
0.639802
0.594984
0.552789
0.513438
0.477648
0.445519
0.830729
0.735785
0.712675
0.668083
0.627954
0.585052
0.54441
0.506342
0.471568
0.440271
0.805043
0.713309
0.692797
0.651337
0.61388
0.573247
0.534447
0.4979
0.464333
0.434018
0.775548
0.687496
0.669931
0.632052
0.597656
0.55963
0.522948
0.48815
0.455976
0.426783
0.742453
0.658525
0.644225
0.61034
0.57937
0.54427
0.509968
0.477138
0.446535
0.418592
0.705995
0.626601
0.615842
0.586329
0.559122
0.527245
0.495568
0.464913
0.43605
0.409475
0.66643
0.591948
0.584962
0.560158
0.537019
0.508641
0.479818
0.451529
0.424566
0.399461
0.624036
0.554807
0.551783
0.53198
0.513182
0.48855
0.462792
0.437045
0.412133
0.388586
0.579109
0.515436
0.516514
0.501957
0.487735
0.467073
0.444568
0.421523
0.3988
0.376883
0.531961
0.474107
0.479379
0.470264
0.460815
0.444315
0.425231
0.40503
0.384622
0.36439
0.482915
0.431104
0.44061
0.437083
0.432563
0.420389
0.404868
0.387632
0.369654
0.351148
0.432305
0.38672
0.400451
0.402603
0.403128
0.395409
0.383574
0.369403
0.353956
0.337199
0.380472
0.341255
0.359152
0.367021
0.372663
0.369497
0.361442
0.350416
0.337587
0.322585
0.32776
0.295011
0.316969
0.330539
0.341325
0.342777
0.338574
0.330744
0.320599
0.307353
0.274514
0.248294
0.274162
0.293363
0.309276
0.315376
0.31507
0.310459
0.303033
0.291594
0.221077
0.201409
0.230992
0.2557
0.276679
0.287423
0.291038
0.289635
0.285012
0.275613
0.167785
0.154653
0.187719
0.217761
0.243701
0.25905
0.266585
0.268379
0.266935
0.261104
0.114969
0.108321
0.144601
0.179755
0.210507
0.230388
0.241822
0.246801
0.248125
0.246486
0.0629459
0.0626929
0.101891
0.141888
0.177262
0.201567
0.216848
0.225019
0.228903
0.230983
0.0120257
0.0180369
0.059835
0.104364
0.144129
0.172717
0.191763
0.203125
0.209517
0.214701
-0.0375157
-0.0253861
0.018671
0.0673816
0.111268
0.143967
0.16667
0.181186
0.190087
0.197944
-0.0854624
-0.0673038
-0.0213757
0.0311344
0.0788359
0.115444
0.141672
0.159273
0.170669
0.180961
-0.131486
-0.10754
-0.0601191
-0.00418915
0.0469845
0.0872684
0.116869
0.137463
0.151314
0.163878
-0.175382
-0.145902
-0.0973485
-0.0384101
0.0158603
0.0595592
0.0923575
0.115834
0.13208
0.146774
-0.216969
-0.182213
-0.132796
-0.0714283
-0.0143983
0.0324295
0.0682309
0.0944619
0.113031
0.129724
-0.256077
-0.216322
-0.166393
-0.103018
-0.0436589
0.0059872
0.0445775
0.0734187
0.0942253
0.112797
-0.292562
-0.248102
-0.197994
-0.133052
-0.0717978
-0.0196655
0.0214809
0.0527727
0.0757187
0.0960528
-0.326313
-0.277459
-0.227468
-0.161419
-0.0987027
-0.0444333
-0.000980204
0.0325879
0.0575631
0.0795436
-0.357246
-0.304324
-0.254718
-0.188014
-0.124272
-0.0682298
-0.0227311
0.0129249
0.0398062
0.0633174
-0.385304
-0.328658
-0.279675
-0.212747
-0.148414
-0.090972
-0.0437113
-0.00615752
0.0224941
0.0474179
-0.410463
-0.350447
-0.302291
-0.235547
-0.17105
-0.112587
-0.063853
-0.0246357
0.00569277
0.0318745
-0.432722
-0.369703
-0.322546
-0.256363
-0.192114
-0.133012
-0.0830994
-0.0424346
-0.0105777
0.0166659
-0.45211
-0.386463
-0.340443
-0.275164
-0.211553
-0.15219
-0.101402
-0.0595166
-0.0262948
0.00189947
-0.468679
-0.400789
-0.356008
-0.291938
-0.229328
-0.170076
-0.118719
-0.0758486
-0.0414204
-0.0123701
-0.482506
-0.412762
-0.369294
-0.306694
-0.245417
-0.186632
-0.135013
-0.0913984
-0.0559253
-0.0261423
-0.493688
-0.422482
-0.380371
-0.319461
-0.259811
-0.201831
-0.150253
-0.106138
-0.0697867
-0.0394093
-0.502343
-0.430067
-0.389332
-0.330289
-0.272516
-0.215658
-0.164414
-0.120044
-0.0829844
-0.0521542
-0.508602
-0.435647
-0.396287
-0.339243
-0.283557
-0.228105
-0.177478
-0.133097
-0.0955007
-0.0643608
-0.512612
-0.439363
-0.401361
-0.34641
-0.292971
-0.239179
-0.189435
-0.145284
-0.107321
-0.076017
-0.514532
-0.441367
-0.404691
-0.351889
-0.300813
-0.248895
-0.20028
-0.156592
-0.118433
-0.0871149
-0.514527
-0.441811
-0.406425
-0.355794
-0.307151
-0.257283
-0.210016
-0.167017
-0.128828
-0.0976512
-0.512768
-0.440854
-0.406716
-0.35825
-0.312067
-0.264381
-0.218655
-0.176555
-0.138498
-0.107626
-0.509428
-0.438652
-0.40572
-0.359392
-0.315656
-0.270241
-0.226215
-0.185209
-0.147439
-0.117045
-0.50468
-0.43536
-0.403595
-0.359359
-0.318023
-0.274926
-0.232723
-0.192986
-0.155649
-0.125917
-0.498697
-0.431127
-0.400494
-0.358293
-0.319281
-0.278509
-0.238216
-0.199897
-0.163126
-0.134254
-0.491643
-0.426094
-0.396567
-0.356336
-0.31955
-0.281071
-0.242736
-0.205959
-0.169874
-0.142071
-0.483678
-0.420397
-0.391956
-0.353628
-0.318953
-0.282702
-0.246338
-0.211191
-0.175898
-0.14938
-0.474952
-0.414159
-0.386793
-0.350301
-0.317613
-0.2835
-0.249082
-0.215619
-0.181208
-0.156189
-0.465607
-0.407494
-0.381201
-0.346482
-0.315651
-0.283562
-0.251035
-0.219272
-0.185818
-0.162489
-0.455772
-0.400505
-0.375288
-0.342284
-0.313184
-0.282989
-0.252272
-0.22218
-0.18975
-0.168244
-0.445566
-0.393283
-0.369151
-0.337812
-0.31032
-0.281882
-0.252872
-0.224376
-0.193036
-0.17337
-0.435095
-0.385908
-0.362874
-0.333157
-0.307158
-0.280335
-0.252918
-0.225894
-0.19572
-0.177705
-0.424454
-0.37845
-0.356529
-0.328396
-0.303788
-0.278439
-0.252494
-0.226767
-0.197866
-0.180974
-0.413726
-0.370967
-0.350175
-0.323593
-0.300283
-0.276274
-0.251683
-0.227026
-0.199582
-0.182853
-0.402983
-0.363508
-0.343859
-0.318799
-0.296708
-0.273913
-0.250562
-0.226694
-0.201006
-0.182931
-0.39229
-0.356117
-0.337619
-0.314055
-0.293112
-0.271419
-0.249202
-0.225807
-0.202118
-0.178411
-0.3817
-0.348827
-0.331485
-0.30939
-0.289534
-0.268846
-0.247671
-0.224503
-0.202835
-0.160093
-0.371261
-0.341668
-0.32548
-0.304824
-0.286001
-0.266239
-0.246033
-0.222974
-0.204164
-0.152671
-0.361017
-0.334665
-0.319619
-0.300371
-0.282532
-0.263631
-0.244333
-0.22145
-0.20541
-0.151774
-0.351007
-0.327841
-0.313919
-0.29604
-0.279137
-0.261042
-0.242582
-0.219994
-0.20598
-0.152083
-0.341267
-0.321217
-0.308391
-0.291837
-0.275823
-0.258487
-0.240777
-0.218596
-0.205907
-0.152505
-0.331835
-0.314814
-0.303047
-0.287767
-0.272595
-0.255971
-0.238923
-0.217242
-0.205368
-0.15327
-0.322746
-0.308652
-0.2979
-0.283836
-0.269455
-0.253501
-0.237033
-0.215929
-0.204483
-0.154439
-0.314039
-0.302756
-0.292966
-0.280053
-0.26641
-0.251083
-0.235124
-0.214651
-0.203332
-0.155922
-0.305757
-0.297147
-0.288263
-0.276429
-0.263469
-0.248725
-0.233212
-0.213405
-0.201986
-0.157622
-0.297941
-0.291853
-0.283811
-0.272979
-0.260647
-0.24644
-0.23132
-0.212188
-0.200521
-0.15946
-0.290619
-0.286914
-0.279635
-0.269723
-0.25796
-0.244244
-0.229471
-0.211003
-0.199
-0.16136
-0.283858
-0.282345
-0.27576
-0.266682
-0.25543
-0.242156
-0.227692
-0.209859
-0.197482
-0.163247
-0.277701
-0.278178
-0.272216
-0.263883
-0.253083
-0.240201
-0.22601
-0.208766
-0.196019
-0.16506
-0.27219
-0.274448
-0.269031
-0.261353
-0.250945
-0.238406
-0.224454
-0.207742
-0.194654
-0.166743
-0.267369
-0.271185
-0.266235
-0.259118
-0.249045
-0.236798
-0.223054
-0.206806
-0.193423
-0.168254
-0.263281
-0.268416
-0.263855
-0.257206
-0.24741
-0.235406
-0.221842
-0.205977
-0.192355
-0.169556
-0.259962
-0.266167
-0.261917
-0.255643
-0.246067
-0.234257
-0.220848
-0.20527
-0.191477
-0.170626
-0.257443
-0.26446
-0.260443
-0.25445
-0.245038
-0.233372
-0.220055
-0.204737
-0.190809
-0.171443
-0.25575
-0.263312
-0.25945
-0.253644
-0.244341
-0.232772
-0.21952
-0.204374
-0.190353
-0.171993
-0.254899
-0.262735
-0.258951
-0.253238
-0.243989
-0.232468
-0.219253
-0.204196
-0.190117
-0.172268
-0.164953
-0.159722
-0.153758
-0.147418
-0.140645
-0.133404
-0.1257
-0.117539
-0.10893
-0.0998927
-0.0904581
-0.0806717
-0.070608
-0.0602949
-0.0500227
-0.0392563
-0.0299875
-0.0172715
-0.01377
0.00987766
-0.16538
-0.160119
-0.154055
-0.147672
-0.140874
-0.133608
-0.125884
-0.117706
-0.109081
-0.100029
-0.0905797
-0.0807791
-0.0707016
-0.060375
-0.0500899
-0.0393127
-0.0300269
-0.0173206
-0.0137589
0.00976478
-0.166227
-0.160907
-0.154643
-0.148178
-0.141328
-0.134013
-0.126248
-0.118036
-0.10938
-0.100297
-0.0908195
-0.0809908
-0.0708862
-0.060533
-0.0502224
-0.0394243
-0.0301048
-0.017418
-0.0137376
0.00954075
-0.167476
-0.162078
-0.155516
-0.148926
-0.141999
-0.134611
-0.126785
-0.118521
-0.109818
-0.100691
-0.0911707
-0.0813007
-0.0711565
-0.0607645
-0.0504168
-0.0395884
-0.0302194
-0.0175625
-0.0137075
0.00920905
-0.169104
-0.163614
-0.156661
-0.149906
-0.142876
-0.135391
-0.127484
-0.11915
-0.110384
-0.101199
-0.0916235
-0.0817002
-0.0715049
-0.0610632
-0.0506679
-0.0398013
-0.030368
-0.0177517
-0.0136708
0.00877479
-0.171072
-0.165492
-0.15806
-0.151101
-0.143944
-0.136338
-0.128327
-0.119908
-0.111065
-0.101808
-0.0921654
-0.082178
-0.0719219
-0.0614214
-0.0509693
-0.0400585
-0.0305476
-0.017983
-0.0136297
0.0082447
-0.173332
-0.167676
-0.159686
-0.152489
-0.145184
-0.137431
-0.129298
-0.120776
-0.111841
-0.102501
-0.0927813
-0.0827209
-0.072396
-0.0618296
-0.0513136
-0.0403546
-0.0307545
-0.0182531
-0.013587
0.00762702
-0.175827
-0.170117
-0.161506
-0.154043
-0.146569
-0.138649
-0.130373
-0.121732
-0.112693
-0.10326
-0.0934543
-0.0833143
-0.0729149
-0.0622778
-0.0516928
-0.0406835
-0.0309846
-0.0185583
-0.0135453
0.00693136
-0.178483
-0.172754
-0.163477
-0.155727
-0.148068
-0.139961
-0.131526
-0.122752
-0.113598
-0.104063
-0.0941661
-0.0839422
-0.0734652
-0.0627553
-0.0520982
-0.0410392
-0.0312339
-0.0188946
-0.0135072
0.00616857
-0.18121
-0.175505
-0.165544
-0.1575
-0.149646
-0.141334
-0.132726
-0.123808
-0.114531
-0.104888
-0.0948973
-0.0845883
-0.0740334
-0.0632512
-0.0525214
-0.0414153
-0.0314984
-0.0192576
-0.0134749
0.00535056
-0.183909
-0.178274
-0.167641
-0.15931
-0.151256
-0.14273
-0.133938
-0.12487
-0.115465
-0.105713
-0.0956283
-0.0852361
-0.0746059
-0.0637548
-0.052954
-0.0418056
-0.0317742
-0.0196428
-0.0134507
0.00449001
-0.186468
-0.180947
-0.16969
-0.161096
-0.152845
-0.144103
-0.135126
-0.125905
-0.116372
-0.106514
-0.0963398
-0.0858698
-0.0751699
-0.0642559
-0.053388
-0.0422042
-0.0320577
-0.0200457
-0.013436
0.00360014
-0.188771
-0.183396
-0.171602
-0.162787
-0.154352
-0.145401
-0.136247
-0.126879
-0.117225
-0.107269
-0.0970132
-0.0864745
-0.0757133
-0.0647452
-0.0538164
-0.0426055
-0.0323456
-0.0204617
-0.0134324
0.00269438
-0.1907
-0.185483
-0.173276
-0.164305
-0.155708
-0.14657
-0.137257
-0.127758
-0.117996
-0.107955
-0.0976319
-0.0870367
-0.0762256
-0.0652142
-0.0542327
-0.0430044
-0.032635
-0.0208866
-0.0134409
0.00178602
-0.192157
-0.187073
-0.174611
-0.165562
-0.156835
-0.147548
-0.138111
-0.128505
-0.118659
-0.108553
-0.0981786
-0.0875429
-0.0766958
-0.0656542
-0.05463
-0.0433952
-0.0329225
-0.0213155
-0.0134618
0.000887977
-0.193064
-0.188017
-0.175481
-0.166447
-0.157637
-0.148262
-0.138753
-0.129081
-0.119182
-0.109038
-0.0986361
-0.0879794
-0.0771129
-0.0660565
-0.0550013
-0.0437722
-0.0332044
-0.0217435
-0.0134953
1.23827e-05
-0.193242
-0.188077
-0.175724
-0.166851
-0.15804
-0.14867
-0.139161
-0.129476
-0.119565
-0.109413
-0.0990075
-0.0883501
-0.0774807
-0.0664242
-0.0553495
-0.044137
-0.0334827
-0.0221695
-0.0135431
-0.000830546
-0.192667
-0.187246
-0.175422
-0.166854
-0.158113
-0.148839
-0.139401
-0.12975
-0.119862
-0.109729
-0.0993392
-0.0886955
-0.0778344
-0.066787
-0.0556992
-0.0445081
-0.0337723
-0.0226012
-0.0136122
-0.00163357
-0.192815
-0.185973
-0.174624
-0.166261
-0.1576
-0.148533
-0.139272
-0.129743
-0.119946
-0.109884
-0.0995497
-0.088952
-0.0781243
-0.0671068
-0.0560213
-0.0448641
-0.0340577
-0.0230275
-0.0136969
-0.0023866
-0.189788
-0.179832
-0.17061
-0.163115
-0.154989
-0.146532
-0.13775
-0.12858
-0.119062
-0.109223
-0.0990722
-0.0886292
-0.0779296
-0.0670282
-0.0560211
-0.0449724
-0.0341586
-0.0233292
-0.0137266
-0.00306066
-0.161626
-0.165396
-0.165618
-0.160033
-0.152532
-0.144529
-0.136047
-0.127097
-0.117762
-0.108084
-0.098084
-0.0877877
-0.077229
-0.0664804
-0.0555995
-0.0447382
-0.0339807
-0.0234613
-0.0136559
-0.00373257
-0.155678
-0.155754
-0.156162
-0.151727
-0.145404
-0.138489
-0.130953
-0.122802
-0.114146
-0.10506
-0.0955837
-0.0857584
-0.075624
-0.0652675
-0.0547243
-0.0442047
-0.0336545
-0.0235175
-0.0135808
-0.00447651
-0.147633
-0.146231
-0.145981
-0.142362
-0.137077
-0.131137
-0.124533
-0.117247
-0.109378
-0.101007
-0.0921837
-0.0829585
-0.0733745
-0.0635284
-0.0534383
-0.0433564
-0.0331187
-0.023419
-0.0134582
-0.00514402
-0.13844
-0.136783
-0.135784
-0.132717
-0.128342
-0.123281
-0.117547
-0.111112
-0.104053
-0.0964386
-0.0883199
-0.0797511
-0.0707754
-0.0614955
-0.0519151
-0.0423183
-0.0324513
-0.0232102
-0.0133113
-0.00570272
-0.127952
-0.126668
-0.125189
-0.122534
-0.118989
-0.114787
-0.109919
-0.104348
-0.0981333
-0.0913278
-0.0839741
-0.0761244
-0.0678197
-0.0591651
-0.0501529
-0.0410882
-0.0316509
-0.0228838
-0.0131378
-0.00612695
-0.115994
-0.115554
-0.113998
-0.111764
-0.108999
-0.10564
-0.101619
-0.0969391
-0.0915996
-0.0856437
-0.0791079
-0.0720367
-0.0644653
-0.056497
-0.0481151
-0.0396336
-0.0306897
-0.0224144
-0.0129206
-0.00639234
-0.103031
-0.103544
-0.102244
-0.100503
-0.098488
-0.0959554
-0.0927846
-0.0889664
-0.0845177
-0.0794338
-0.07375
-0.0675006
-0.0607127
-0.0534829
-0.0457872
-0.0379366
-0.0295482
-0.0217826
-0.0126415
-0.0064843
-0.0895086
-0.0908879
-0.0900642
-0.0888953
-0.0876043
-0.0858676
-0.0835225
-0.0805544
-0.0769687
-0.0727745
-0.0679605
-0.0625584
-0.0565883
-0.0501364
-0.0431722
-0.0359932
-0.0282157
-0.0209764
-0.0122828
-0.00640256
-0.075844
-0.0779155
-0.0776782
-0.0771232
-0.0765219
-0.0755359
-0.0739804
-0.071834
-0.0690983
-0.0657631
-0.0618171
-0.0572709
-0.0521361
-0.0464864
-0.0402865
-0.0338098
-0.0266899
-0.0199918
-0.0118297
-0.00616196
-0.0624252
-0.0649838
-0.0653466
-0.0654015
-0.0654379
-0.0651412
-0.0643228
-0.0629517
-0.0610232
-0.0585182
-0.0554163
-0.0517165
-0.0474171
-0.0425778
-0.03716
-0.0314052
-0.0249778
-0.0188345
-0.0112726
-0.0057906
-0.0495631
-0.0524172
-0.0533288
-0.0539486
-0.0545534
-0.0548708
-0.0547213
-0.0540645
-0.0528879
-0.0511662
-0.0488705
-0.0459893
-0.0425077
-0.0384706
-0.033837
-0.0288113
-0.0230976
-0.0175211
-0.01061
-0.00532536
-0.0374828
-0.0404795
-0.0418539
-0.0429658
-0.0440587
-0.0449065
-0.0453467
-0.0453316
-0.0448403
-0.0438414
-0.042299
-0.0401901
-0.0374962
-0.0342382
-0.0303753
-0.0260729
-0.0210793
-0.0160792
-0.00985008
-0.00480571
-0.0263371
-0.0293679
-0.0311088
-0.0326281
-0.034125
-0.0354171
-0.0363625
-0.036909
-0.0370277
-0.0366816
-0.0358292
-0.0344392
-0.0324821
-0.0299649
-0.0268445
-0.0232471
-0.0189649
-0.0145462
-0.00901071
-0.00426771
-0.0162282
-0.0192234
-0.0212409
-0.0230834
-0.0249034
-0.0265568
-0.0279232
-0.0289483
-0.0295966
-0.0298264
-0.0295915
-0.028853
-0.0275733
-0.0257466
-0.0233262
-0.0204027
-0.0168078
-0.0129678
-0.00811886
-0.00374013
-0.00723242
-0.0101521
-0.0123699
-0.0144597
-0.0165297
-0.0184683
-0.0201753
-0.0215972
-0.0226933
-0.0234183
-0.0237224
-0.0235609
-0.0228898
-0.0216903
-0.0199138
-0.01762
-0.0146727
-0.0113968
-0.00720894
-0.00324358
0.000581959
-0.00224313
-0.00460073
-0.00687383
-0.00913107
-0.0112876
-0.0132622
-0.0150032
-0.0164669
-0.0176054
-0.0183665
-0.018701
-0.01856
-0.0179136
-0.0167132
-0.0149907
-0.0126356
-0.00989276
-0.00632134
-0.00279248
0.00713299
0.00440696
0.00195654
-0.000446912
-0.00283862
-0.00515525
-0.00733199
-0.00932011
-0.0110743
-0.012545
-0.013679
-0.0144238
-0.0147271
-0.014551
-0.0138437
-0.0126186
-0.0107832
-0.00852193
-0.00550135
-0.00239845
0.0123352
0.00969821
0.00718841
0.00469544
0.00221078
-0.000218585
-0.00254126
-0.00471164
-0.00668378
-0.00840763
-0.00982932
-0.0108947
-0.0115491
-0.0117484
-0.0114394
-0.010621
-0.00921371
-0.0073583
-0.00479878
-0.00207356
0.0160207
0.0134572
0.0109164
0.00837024
0.00582953
0.00333002
0.000913411
-0.00137734
-0.00349626
-0.00539316
-0.00701412
-0.0083041
-0.00920679
-0.00967451
-0.00965278
-0.00913091
-0.00803797
-0.00648521
-0.00426932
-0.00183253
0.0180586
0.015527
0.0129655
0.0103879
0.00781496
0.00527655
0.00280909
0.000453791
-0.00174361
-0.00373312
-0.00546099
-0.0068719
-0.007909
-0.00852262
-0.0086582
-0.00829899
-0.00738112
-0.0059954
-0.00397672
-0.00169459
-0.0343602
-0.0453919
-0.0559413
-0.065991
-0.0755241
-0.0845241
-0.0929756
-0.100865
-0.108182
-0.114921
-0.121086
-0.126696
-0.131787
-0.136433
-0.14075
-0.144933
-0.149267
-0.154152
-0.16125
-0.174812
-0.0248169
-0.035158
-0.0450795
-0.0545685
-0.0636134
-0.0722045
-0.0803357
-0.0880053
-0.0952189
-0.101992
-0.108357
-0.114367
-0.120104
-0.125695
-0.13132
-0.137232
-0.143753
-0.151152
-0.160571
-0.175525
-0.0157166
-0.0254003
-0.0347411
-0.0437317
-0.0523673
-0.0606458
-0.0685691
-0.0761443
-0.083385
-0.0903135
-0.0969634
-0.103381
-0.109631
-0.115794
-0.121973
-0.128294
-0.134893
-0.141797
-0.149743
-0.161961
-0.00701886
-0.0160822
-0.0248656
-0.0333645
-0.0415768
-0.0495024
-0.0571448
-0.0645105
-0.0716107
-0.0784614
-0.0850847
-0.0915091
-0.0977716
-0.103919
-0.11001
-0.116128
-0.122382
-0.128837
-0.136137
-0.146667
0.00124394
-0.0072188
-0.015451
-0.0234493
-0.0312119
-0.0387392
-0.0460337
-0.0531005
-0.0599478
-0.0665874
-0.0730357
-0.079315
-0.0854551
-0.0914957
-0.09749
-0.10351
-0.109644
-0.11594
-0.122803
-0.131616
0.00906982
0.00118572
-0.00650805
-0.0140086
-0.0213144
-0.0284258
-0.0353449
-0.0420757
-0.0486248
-0.055002
-0.0612205
-0.0672982
-0.0732583
-0.0791299
-0.0849491
-0.0907601
-0.0966106
-0.102523
-0.108757
-0.116063
0.0164638
0.00913287
0.00195964
-0.00505315
-0.0119039
-0.0185925
-0.02512
-0.0314891
-0.0377043
-0.0437724
-0.049702
-0.0555048
-0.0611952
-0.0667908
-0.0723132
-0.0777892
-0.0832492
-0.0887161
-0.0943572
-0.100505
0.0234279
0.0166233
0.00995033
0.00341203
-0.00298957
-0.0092534
-0.0153794
-0.0213686
-0.0272233
-0.0329471
-0.038545
-0.0440237
-0.049392
-0.0546606
-0.059843
-0.0649561
-0.0700188
-0.0750486
-0.0801308
-0.0853514
0.0299607
0.0236545
0.0174592
0.0113785
0.00541498
-0.0004295
-0.00615371
-0.0117573
-0.0172406
-0.0226051
-0.0278532
-0.0329883
-0.0380151
-0.0429392
-0.047768
-0.0525102
-0.0571755
-0.0617753
-0.0663379
-0.0708362
0.0360591
0.0302215
0.0244786
0.0188345
0.0132923
0.00785483
0.0025241
-0.00269834
-0.0078116
-0.0128154
-0.0177101
-0.0224967
-0.027177
-0.0317532
-0.0362284
-0.0406064
-0.044892
-0.0490921
-0.0531995
-0.0571514
0.0417192
0.0363181
0.0309992
0.0257668
0.0206245
0.0155757
0.0106231
0.0057691
0.00101564
-0.0036359
-0.00818455
-0.0126298
-0.0169716
-0.0212102
-0.0253463
-0.029381
-0.0333164
-0.0371561
-0.0408741
-0.0444121
0.0469316
0.0419337
0.0370085
0.0321599
0.0273921
0.0227087
0.0181132
0.0136085
0.00919705
0.00488104
0.00066226
-0.00345788
-0.0074783
-0.0113982
-0.0152171
-0.0189345
-0.0225516
-0.0260692
-0.0294561
-0.0326724
0.0516872
0.0470582
0.0424939
0.0379985
0.0335763
0.0292313
0.0249672
0.0207872
0.0166944
0.0126912
0.00877989
0.00496244
0.00124045
-0.00238476
-0.00591208
-0.00934067
-0.0126709
-0.0159024
-0.0190056
-0.02196
0.0559714
0.0516763
0.0474392
0.0432645
0.0391568
0.0351201
0.0311584
0.0272751
0.0234733
0.019756
0.0161255
0.0125841
0.00913369
0.00577579
0.00251176
-0.000657406
-0.00373175
-0.00671021
-0.00956816
-0.0122998
0.0597743
0.0557757
0.0518298
0.0479411
0.0441141
0.040353
0.0366617
0.0330437
0.0295024
0.0260406
0.022661
0.0193658
0.016157
0.0130364
0.0100053
0.00706481
0.00421508
0.00145751
-0.00118906
-0.00372771
0.0630722
0.0593322
0.0556406
0.0520019
0.0484204
0.0449004
0.0414457
0.0380599
0.0347461
0.0315074
0.0283463
0.0252652
0.0222661
0.0193507
0.0165205
0.0137764
0.0111189
0.00854949
0.00608142
0.00370773
0.0658438
0.0623229
0.0588467
0.0554197
0.0520462
0.0487302
0.0454754
0.0422853
0.0391631
0.0361117
0.0331336
0.0302312
0.0274064
0.0246611
0.0219965
0.0194139
0.0169138
0.0144974
0.0121736
0.00993517
0.068034
0.0646925
0.0613929
0.0581396
0.0549365
0.0517874
0.048696
0.0456653
0.0426985
0.0397984
0.0369673
0.0342075
0.031521
0.0289093
0.0263739
0.0239159
0.021536
0.0192352
0.0170186
0.014881
0.0696189
0.066408
0.0632367
0.0601089
0.0570285
0.053999
0.0510237
0.0481059
0.0452485
0.042454
0.0397249
0.0370633
0.0344713
0.0319503
0.0295019
0.0271271
0.0248268
0.0226019
0.0204547
0.0183829
0.0704487
0.0673352
0.0642597
0.0612254
0.0582354
0.0552928
0.0524005
0.0495611
0.0467772
0.0440509
0.0413845
0.0387799
0.0362388
0.0337629
0.0313535
0.0290118
0.026739
0.0245359
0.0224038
0.0203423
0.251111
0.235492
0.219676
0.204729
0.189522
0.174104
0.158698
0.143358
0.128114
0.113012
0.098093
0.0833921
0.0689408
0.0547665
0.0408936
0.0274119
0.0142166
0.00143506
-0.0109264
-0.0228647
0.241803
0.226866
0.211126
0.19696
0.182775
0.168381
0.154044
0.139826
0.125726
0.111771
0.097992
0.0844161
0.0710675
0.0579688
0.0451421
0.0326742
0.0204303
0.00856009
-0.00293949
-0.0140711
0.230233
0.21605
0.201016
0.1878
0.174814
0.16163
0.1485
0.135505
0.122633
0.109894
0.0973131
0.0849117
0.0727094
0.0607266
0.0489901
0.0375721
0.0262474
0.0152801
0.00463709
-0.00569939
0.218773
0.205755
0.191877
0.179694
0.167848
0.155823
0.14382
0.131947
0.120194
0.108561
0.0970676
0.0857305
0.0745647
0.0635842
0.0528002
0.0422292
0.0318953
0.0217827
0.011921
0.00231821
0.20788
0.196059
0.183428
0.172267
0.161482
0.15055
0.139618
0.128799
0.118092
0.10749
0.0970061
0.0866538
0.0764445
0.0663882
0.0564884
0.0467389
0.0372954
0.0279762
0.0188449
0.00993279
0.197756
0.187047
0.175645
0.165478
0.155677
0.145767
0.135843
0.126011
0.116275
0.10663
0.0970807
0.0876404
0.0783184
0.069124
0.0600659
0.05115
0.0424314
0.0338344
0.0253969
0.0171408
0.188439
0.178763
0.168541
0.159335
0.150454
0.141491
0.132506
0.123588
0.11475
0.105985
0.0972964
0.0886946
0.0801883
0.0717853
0.0634935
0.0553197
0.0472907
0.039371
0.0315859
0.023949
0.17995
0.171233
0.162119
0.153822
0.145794
0.137701
0.12958
0.121505
0.11349
0.105531
0.0976301
0.0897957
0.0820358
0.0743574
0.0667672
0.0592721
0.0518894
0.044597
0.0374179
0.0303606
0.172301
0.164472
0.156376
0.148922
0.141677
0.134375
0.127042
0.119735
0.11247
0.105244
0.0980597
0.0909242
0.0838446
0.0768276
0.0698793
0.0630067
0.0562224
0.0495076
0.0428899
0.0363738
0.165488
0.158469
0.151291
0.144606
0.138071
0.131483
0.124861
0.11825
0.111663
0.1051
0.0985641
0.0920617
0.0855996
0.0791841
0.0728214
0.066519
0.0602888
0.0541003
0.0479996
0.0419865
0.159483
0.1532
0.146835
0.14084
0.134943
0.128994
0.123008
0.11702
0.111042
0.105074
0.0991215
0.0931892
0.087284
0.0814121
0.0755796
0.0697939
0.0640642
0.0583723
0.0527492
0.0471977
0.15425
0.148624
0.142972
0.137586
0.132256
0.126873
0.121451
0.116017
0.11058
0.105143
0.0997102
0.0942872
0.08888
0.0834945
0.078136
0.0728083
0.0675136
0.0623057
0.0571284
0.0519985
0.149744
0.144699
0.139659
0.134804
0.129971
0.125085
0.120158
0.11521
0.110251
0.105284
0.100313
0.0953433
0.0903817
0.0854339
0.080506
0.0756038
0.0707326
0.0659094
0.0611208
0.0563766
0.145913
0.141374
0.136854
0.132453
0.12805
0.123594
0.119096
0.114572
0.11003
0.105473
0.100906
0.096335
0.0917656
0.0872036
0.082655
0.0781255
0.0736208
0.0691516
0.0647155
0.0603196
0.142706
0.1386
0.134513
0.130494
0.126456
0.122366
0.118234
0.114073
0.109889
0.105686
0.101469
0.0972432
0.0930149
0.0887895
0.0845727
0.0803703
0.076188
0.0720337
0.0679092
0.0638206
0.140074
0.136328
0.132593
0.128887
0.125151
0.121366
0.11754
0.113683
0.1098
0.105896
0.101975
0.0980438
0.0941066
0.0901693
0.0862374
0.0823165
0.0784123
0.0745314
0.0706773
0.0668556
0.137977
0.13452
0.13106
0.127602
0.124108
0.120568
0.116989
0.113379
0.109742
0.106083
0.102407
0.0987188
0.0950233
0.0913261
0.0876324
0.0839476
0.0802772
0.0766269
0.073001
0.0694049
0.13638
0.133135
0.129876
0.1266
0.123286
0.119931
0.116539
0.113117
0.109669
0.1062
0.102715
0.0992178
0.0957135
0.0922073
0.0887042
0.0852092
0.0817276
0.0782647
0.0748251
0.0714132
0.135288
0.132182
0.129052
0.125897
0.122704
0.119474
0.116212
0.112922
0.109608
0.106275
0.102927
0.0995678
0.0962024
0.0928354
0.0894717
0.0861158
0.0827726
0.0794468
0.0761426
0.0728652
0.134682
0.131615
0.128521
0.125399
0.122245
0.119061
0.115851
0.112618
0.109368
0.106104
0.10283
0.0995494
0.0962675
0.0929881
0.0897153
0.0864534
0.0832063
0.0799787
0.0767745
0.0735965
0.274332
0.277059
0.282105
0.287726
0.293056
0.296354
0.296885
0.292348
0.283962
0.264253
0.272439
0.274792
0.279081
0.283604
0.287458
0.288963
0.287414
0.28076
0.270229
0.251022
0.270358
0.272334
0.275845
0.279273
0.281725
0.281639
0.27842
0.270359
0.258878
0.240703
0.268058
0.269619
0.272293
0.274561
0.27556
0.273874
0.269036
0.259722
0.247341
0.229673
0.265531
0.266648
0.268446
0.269522
0.269064
0.265832
0.259487
0.249094
0.235954
0.218778
0.262769
0.263426
0.264326
0.264207
0.262334
0.257664
0.249995
0.238759
0.225138
0.208571
0.259771
0.259954
0.259944
0.258648
0.255425
0.249455
0.240667
0.228824
0.214982
0.199091
0.256537
0.256238
0.255322
0.252882
0.248399
0.24128
0.231583
0.219345
0.205496
0.190327
0.253078
0.252296
0.25049
0.24696
0.241328
0.233224
0.222827
0.210386
0.196713
0.182301
0.249412
0.248153
0.245491
0.240946
0.234293
0.225377
0.214481
0.202006
0.18866
0.175031
0.245567
0.243848
0.240379
0.23491
0.227379
0.217825
0.206619
0.194256
0.181354
0.168516
0.241588
0.239432
0.235222
0.228935
0.220675
0.210652
0.199302
0.187171
0.174795
0.162741
0.237532
0.234972
0.230099
0.223111
0.214273
0.203936
0.192585
0.180776
0.168974
0.157682
0.233474
0.230552
0.225103
0.217536
0.208265
0.197752
0.186513
0.175087
0.163876
0.153308
0.229512
0.226273
0.220342
0.212317
0.202745
0.192171
0.181125
0.170114
0.159485
0.149586
0.225761
0.222257
0.215939
0.20757
0.19781
0.187263
0.176459
0.165865
0.155782
0.146484
0.222363
0.218646
0.212035
0.203424
0.193566
0.183102
0.172557
0.162355
0.152757
0.143979
0.219488
0.215609
0.208789
0.200022
0.19013
0.179775
0.169471
0.159607
0.150413
0.142054
0.217332
0.213341
0.206387
0.197533
0.187642
0.17739
0.167279
0.157671
0.148775
0.140724
0.216127
0.212073
0.205052
0.196159
0.186279
0.176093
0.166095
0.156631
0.147898
0.140009
0.290261
0.294658
0.303756
0.315731
0.330666
0.347635
0.366663
0.386868
0.408258
0.429691
0.290178
0.294566
0.303645
0.315591
0.330481
0.347384
0.366326
0.386409
0.407654
0.428888
0.290011
0.294382
0.303424
0.315311
0.330112
0.346883
0.365653
0.385491
0.406448
0.427284
0.289761
0.294107
0.303092
0.314893
0.329561
0.346133
0.364647
0.384118
0.404643
0.424886
0.28943
0.293742
0.302654
0.314337
0.328828
0.345138
0.363311
0.382294
0.402246
0.421701
0.289018
0.293289
0.302111
0.313647
0.327918
0.343901
0.361649
0.380025
0.399265
0.41774
0.288527
0.292749
0.301444
0.312824
0.326833
0.342426
0.359667
0.377317
0.39571
0.413016
0.287958
0.292127
0.300623
0.311867
0.325578
0.340719
0.357371
0.374179
0.391591
0.407546
0.287314
0.291427
0.299955
0.310784
0.324155
0.338786
0.354768
0.370621
0.386923
0.401347
0.286596
0.290645
0.298946
0.30958
0.322571
0.336634
0.351867
0.366652
0.38172
0.394438
0.285807
0.289785
0.29789
0.308262
0.320831
0.33427
0.348675
0.362285
0.375999
0.38684
0.284949
0.28885
0.296765
0.306835
0.31894
0.331702
0.345202
0.357532
0.369776
0.378573
0.284026
0.28784
0.295556
0.305301
0.316905
0.328939
0.341457
0.352408
0.36307
0.369658
0.283039
0.286759
0.294265
0.303666
0.314733
0.32599
0.337452
0.346929
0.3559
0.360114
0.281994
0.285661
0.292898
0.301933
0.312428
0.322863
0.333192
0.341109
0.348281
0.349957
0.280891
0.284461
0.291458
0.300105
0.309991
0.319556
0.328673
0.334945
0.340205
0.339181
0.279734
0.283208
0.289955
0.298196
0.307441
0.316092
0.323921
0.328471
0.331687
0.327782
0.27853
0.281922
0.288421
0.296259
0.304862
0.312589
0.31909
0.321878
0.322941
0.315975
0.277282
0.280599
0.286851
0.294291
0.302255
0.309059
0.314203
0.315205
0.314
0.30391
0.275962
0.279122
0.284994
0.291849
0.298935
0.304531
0.308002
0.306895
0.302974
0.289296
0.275962
0.279122
0.284994
0.291849
0.298935
0.304531
0.308002
0.306895
0.302974
0.289296
0.277282
0.280599
0.286851
0.294291
0.302255
0.309059
0.314203
0.315205
0.314
0.30391
0.27853
0.281922
0.288421
0.296259
0.304862
0.312589
0.31909
0.321878
0.322941
0.315975
0.279734
0.283208
0.289955
0.298196
0.307441
0.316092
0.323921
0.328471
0.331687
0.327782
0.280891
0.284461
0.291458
0.300105
0.309991
0.319556
0.328673
0.334945
0.340205
0.339181
0.281994
0.285661
0.292898
0.301933
0.312428
0.322863
0.333192
0.341109
0.348281
0.349957
0.283039
0.286759
0.294265
0.303666
0.314733
0.32599
0.337452
0.346929
0.3559
0.360114
0.284026
0.28784
0.295556
0.305301
0.316905
0.328939
0.341457
0.352408
0.36307
0.369658
0.284949
0.28885
0.296765
0.306835
0.31894
0.331702
0.345202
0.357532
0.369776
0.378573
0.285807
0.289785
0.29789
0.308262
0.320831
0.33427
0.348675
0.362285
0.375999
0.38684
0.286596
0.290645
0.298946
0.30958
0.322571
0.336634
0.351867
0.366652
0.38172
0.394438
0.287314
0.291427
0.299955
0.310784
0.324155
0.338786
0.354768
0.370621
0.386923
0.401347
0.287958
0.292127
0.300623
0.311867
0.325578
0.340719
0.357371
0.374179
0.391591
0.407546
0.288527
0.292749
0.301444
0.312824
0.326833
0.342426
0.359667
0.377317
0.39571
0.413016
0.289018
0.293289
0.302111
0.313647
0.327918
0.343901
0.361649
0.380025
0.399265
0.41774
0.28943
0.293742
0.302654
0.314337
0.328828
0.345138
0.363311
0.382294
0.402246
0.421701
0.289761
0.294107
0.303092
0.314893
0.329561
0.346133
0.364647
0.384118
0.404643
0.424886
0.290011
0.294382
0.303424
0.315311
0.330112
0.346883
0.365653
0.385491
0.406448
0.427284
0.290178
0.294566
0.303645
0.315591
0.330481
0.347384
0.366326
0.386409
0.407654
0.428888
0.290261
0.294658
0.303756
0.315731
0.330666
0.347635
0.366663
0.386868
0.408258
0.429691
0.216127
0.212072
0.205052
0.196159
0.186279
0.176093
0.166095
0.156631
0.147898
0.140009
0.217332
0.213341
0.206387
0.197533
0.187642
0.17739
0.167279
0.157671
0.148775
0.140724
0.219488
0.215609
0.208789
0.200022
0.19013
0.179775
0.169471
0.159607
0.150413
0.142054
0.222363
0.218646
0.212035
0.203424
0.193566
0.183102
0.172557
0.162355
0.152757
0.143979
0.225761
0.222257
0.215939
0.20757
0.19781
0.187263
0.176459
0.165865
0.155782
0.146484
0.229512
0.226273
0.220342
0.212317
0.202745
0.192171
0.181125
0.170114
0.159485
0.149586
0.233474
0.230552
0.225103
0.217536
0.208265
0.197752
0.186513
0.175087
0.163876
0.153308
0.237532
0.234972
0.230099
0.223111
0.214273
0.203936
0.192585
0.180776
0.168974
0.157682
0.241588
0.239432
0.235222
0.228935
0.220675
0.210652
0.199302
0.187171
0.174795
0.162741
0.245567
0.243848
0.240379
0.23491
0.227379
0.217825
0.206619
0.194256
0.181354
0.168516
0.249412
0.248153
0.245491
0.240946
0.234293
0.225377
0.214481
0.202006
0.18866
0.175031
0.253078
0.252296
0.25049
0.24696
0.241328
0.233224
0.222827
0.210385
0.196713
0.182301
0.256537
0.256238
0.255322
0.252882
0.248399
0.24128
0.231583
0.219345
0.205496
0.190327
0.259771
0.259954
0.259944
0.258648
0.255425
0.249455
0.240667
0.228824
0.214982
0.199091
0.262769
0.263426
0.264326
0.264207
0.262334
0.257664
0.249995
0.238759
0.225138
0.208571
0.265531
0.266648
0.268446
0.269522
0.269064
0.265832
0.259487
0.249094
0.235954
0.218777
0.268058
0.269619
0.272293
0.274561
0.27556
0.273874
0.269036
0.259722
0.247341
0.229673
0.270358
0.272334
0.275845
0.279273
0.281725
0.281639
0.27842
0.270359
0.258878
0.240703
0.272439
0.274792
0.279081
0.283604
0.287458
0.288963
0.287414
0.28076
0.270229
0.251022
0.274332
0.277059
0.282105
0.287726
0.293056
0.296354
0.296885
0.292348
0.283962
0.264253
0.134682
0.131615
0.128521
0.125399
0.122245
0.119061
0.115851
0.112618
0.109368
0.106104
0.10283
0.0995494
0.0962675
0.0929881
0.0897153
0.0864533
0.0832063
0.0799786
0.0767745
0.0735964
0.135288
0.132182
0.129052
0.125897
0.122704
0.119474
0.116212
0.112922
0.109608
0.106275
0.102927
0.0995677
0.0962023
0.0928354
0.0894716
0.0861158
0.0827726
0.0794467
0.0761426
0.0728651
0.13638
0.133135
0.129876
0.1266
0.123286
0.11993
0.116539
0.113117
0.109669
0.1062
0.102715
0.0992177
0.0957134
0.0922072
0.0887041
0.0852092
0.0817275
0.0782647
0.074825
0.0714131
0.137977
0.13452
0.13106
0.127602
0.124108
0.120568
0.116989
0.113379
0.109742
0.106083
0.102407
0.0987187
0.0950233
0.091326
0.0876323
0.0839476
0.0802771
0.0766269
0.073001
0.0694048
0.140074
0.136328
0.132593
0.128887
0.125151
0.121366
0.11754
0.113683
0.1098
0.105896
0.101975
0.0980438
0.0941066
0.0901692
0.0862373
0.0823164
0.0784122
0.0745314
0.0706773
0.0668556
0.142706
0.1386
0.134513
0.130494
0.126455
0.122366
0.118234
0.114073
0.109888
0.105686
0.101469
0.0972432
0.0930148
0.0887894
0.0845726
0.0803702
0.076188
0.0720337
0.0679091
0.0638206
0.145913
0.141374
0.136854
0.132453
0.12805
0.123594
0.119096
0.114572
0.11003
0.105473
0.100906
0.096335
0.0917656
0.0872036
0.0826549
0.0781254
0.0736208
0.0691515
0.0647154
0.0603196
0.149743
0.144699
0.139659
0.134804
0.129971
0.125085
0.120158
0.11521
0.110251
0.105284
0.100313
0.0953432
0.0903816
0.0854339
0.080506
0.0756038
0.0707326
0.0659093
0.0611208
0.0563766
0.15425
0.148624
0.142972
0.137586
0.132256
0.126873
0.121451
0.116017
0.11058
0.105143
0.0997101
0.0942872
0.08888
0.0834944
0.078136
0.0728083
0.0675136
0.0623057
0.0571284
0.0519985
0.159483
0.1532
0.146835
0.14084
0.134943
0.128994
0.123008
0.11702
0.111042
0.105074
0.0991215
0.0931892
0.087284
0.081412
0.0755796
0.0697938
0.0640642
0.0583723
0.0527492
0.0471977
0.165488
0.158469
0.151291
0.144606
0.138071
0.131483
0.124861
0.11825
0.111663
0.1051
0.098564
0.0920617
0.0855995
0.079184
0.0728214
0.066519
0.0602888
0.0541002
0.0479995
0.0419864
0.172301
0.164472
0.156376
0.148922
0.141677
0.134375
0.127042
0.119735
0.11247
0.105244
0.0980596
0.0909241
0.0838446
0.0768276
0.0698793
0.0630066
0.0562224
0.0495075
0.0428898
0.0363738
0.17995
0.171233
0.162119
0.153822
0.145794
0.137701
0.12958
0.121505
0.11349
0.105531
0.09763
0.0897957
0.0820358
0.0743574
0.0667671
0.0592721
0.0518894
0.044597
0.0374179
0.0303605
0.188439
0.178763
0.168541
0.159335
0.150454
0.141491
0.132506
0.123588
0.11475
0.105985
0.0972963
0.0886946
0.0801883
0.0717853
0.0634934
0.0553196
0.0472907
0.0393709
0.0315859
0.023949
0.197756
0.187047
0.175645
0.165478
0.155677
0.145767
0.135843
0.126011
0.116275
0.10663
0.0970807
0.0876404
0.0783184
0.069124
0.0600659
0.05115
0.0424313
0.0338344
0.0253968
0.0171408
0.20788
0.196059
0.183428
0.172267
0.161482
0.15055
0.139618
0.128799
0.118092
0.10749
0.0970061
0.0866537
0.0764445
0.0663881
0.0564884
0.0467389
0.0372953
0.0279762
0.0188449
0.00993277
0.218773
0.205755
0.191877
0.179694
0.167848
0.155823
0.14382
0.131947
0.120194
0.108561
0.0970676
0.0857305
0.0745647
0.0635842
0.0528002
0.0422292
0.0318953
0.0217827
0.011921
0.00231819
0.230233
0.21605
0.201016
0.1878
0.174814
0.16163
0.1485
0.135505
0.122633
0.109894
0.0973131
0.0849117
0.0727094
0.0607265
0.0489901
0.0375721
0.0262474
0.0152801
0.00463707
-0.00569941
0.241803
0.226866
0.211126
0.19696
0.182775
0.168381
0.154044
0.139826
0.125726
0.111771
0.097992
0.0844161
0.0710675
0.0579687
0.045142
0.0326741
0.0204303
0.00856007
-0.00293951
-0.0140711
0.251111
0.235492
0.219676
0.204729
0.189522
0.174104
0.158698
0.143358
0.128114
0.113012
0.0980929
0.083392
0.0689408
0.0547665
0.0408936
0.0274119
0.0142166
0.00143504
-0.0109265
-0.0228647
0.0704487
0.0673352
0.0642597
0.0612253
0.0582354
0.0552928
0.0524005
0.0495611
0.0467771
0.0440509
0.0413844
0.0387798
0.0362388
0.0337628
0.0313534
0.0290118
0.026739
0.0245359
0.0224037
0.0203423
0.0696189
0.066408
0.0632367
0.0601089
0.0570284
0.0539989
0.0510237
0.0481059
0.0452484
0.0424539
0.0397248
0.0370633
0.0344712
0.0319503
0.0295018
0.0271271
0.0248268
0.0226019
0.0204547
0.0183829
0.068034
0.0646924
0.0613929
0.0581396
0.0549365
0.0517874
0.0486959
0.0456653
0.0426985
0.0397983
0.0369673
0.0342075
0.031521
0.0289093
0.0263739
0.0239158
0.0215359
0.0192352
0.0170185
0.014881
0.0658438
0.0623228
0.0588466
0.0554197
0.0520462
0.0487302
0.0454754
0.0422853
0.0391631
0.0361116
0.0331336
0.0302311
0.0274064
0.024661
0.0219965
0.0194138
0.0169137
0.0144974
0.0121736
0.00993514
0.0630722
0.0593322
0.0556405
0.0520018
0.0484204
0.0449004
0.0414457
0.0380598
0.0347461
0.0315074
0.0283463
0.0252652
0.0222661
0.0193507
0.0165204
0.0137764
0.0111189
0.00854946
0.00608139
0.0037077
0.0597743
0.0557757
0.0518297
0.047941
0.044114
0.0403529
0.0366616
0.0330437
0.0295024
0.0260406
0.0226609
0.0193658
0.016157
0.0130364
0.0100053
0.00706478
0.00421505
0.00145748
-0.00118909
-0.00372774
0.0559713
0.0516763
0.0474391
0.0432645
0.0391567
0.0351201
0.0311584
0.0272751
0.0234733
0.0197559
0.0161255
0.0125841
0.00913367
0.00577577
0.00251173
-0.000657434
-0.00373178
-0.00671024
-0.00956819
-0.0122998
0.0516871
0.0470582
0.0424939
0.0379984
0.0335762
0.0292313
0.0249672
0.0207872
0.0166943
0.0126911
0.00877986
0.00496241
0.00124042
-0.00238479
-0.00591211
-0.0093407
-0.0126709
-0.0159024
-0.0190056
-0.02196
0.0469316
0.0419337
0.0370084
0.0321599
0.027392
0.0227087
0.0181132
0.0136085
0.00919702
0.00488102
0.000662234
-0.00345791
-0.00747832
-0.0113982
-0.0152171
-0.0189346
-0.0225516
-0.0260692
-0.0294561
-0.0326724
0.0417192
0.0363181
0.0309992
0.0257667
0.0206245
0.0155756
0.010623
0.00576907
0.00101561
-0.00363593
-0.00818458
-0.0126298
-0.0169716
-0.0212102
-0.0253463
-0.029381
-0.0333165
-0.0371561
-0.0408741
-0.0444122
0.0360591
0.0302214
0.0244785
0.0188344
0.0132923
0.0078548
0.00252407
-0.00269837
-0.00781162
-0.0128154
-0.0177101
-0.0224967
-0.027177
-0.0317532
-0.0362285
-0.0406064
-0.044892
-0.0490922
-0.0531995
-0.0571515
0.0299607
0.0236544
0.0174592
0.0113785
0.00541495
-0.00042953
-0.00615374
-0.0117573
-0.0172406
-0.0226052
-0.0278533
-0.0329884
-0.0380151
-0.0429392
-0.0477681
-0.0525102
-0.0571755
-0.0617753
-0.0663379
-0.0708362
0.0234279
0.0166233
0.0099503
0.003412
-0.0029896
-0.00925343
-0.0153794
-0.0213687
-0.0272234
-0.0329471
-0.038545
-0.0440238
-0.049392
-0.0546606
-0.059843
-0.0649562
-0.0700189
-0.0750486
-0.0801309
-0.0853514
0.0164637
0.00913284
0.00195961
-0.00505318
-0.011904
-0.0185925
-0.02512
-0.0314891
-0.0377044
-0.0437724
-0.0497021
-0.0555049
-0.0611952
-0.0667909
-0.0723132
-0.0777893
-0.0832492
-0.0887161
-0.0943572
-0.100505
0.00906979
0.00118569
-0.00650808
-0.0140086
-0.0213144
-0.0284259
-0.0353449
-0.0420757
-0.0486248
-0.055002
-0.0612205
-0.0672983
-0.0732583
-0.0791299
-0.0849491
-0.0907601
-0.0966106
-0.102523
-0.108757
-0.116063
0.00124391
-0.00721882
-0.015451
-0.0234493
-0.0312119
-0.0387392
-0.0460337
-0.0531006
-0.0599478
-0.0665874
-0.0730357
-0.079315
-0.0854551
-0.0914957
-0.09749
-0.10351
-0.109644
-0.11594
-0.122803
-0.131616
-0.00701888
-0.0160823
-0.0248656
-0.0333646
-0.0415768
-0.0495025
-0.0571448
-0.0645105
-0.0716107
-0.0784615
-0.0850847
-0.0915091
-0.0977716
-0.103919
-0.11001
-0.116128
-0.122382
-0.128837
-0.136137
-0.146667
-0.0157166
-0.0254004
-0.0347411
-0.0437318
-0.0523674
-0.0606459
-0.0685692
-0.0761443
-0.083385
-0.0903136
-0.0969634
-0.103381
-0.109631
-0.115794
-0.121973
-0.128294
-0.134893
-0.141797
-0.149743
-0.161961
-0.0248169
-0.035158
-0.0450796
-0.0545686
-0.0636134
-0.0722046
-0.0803357
-0.0880053
-0.0952189
-0.101993
-0.108357
-0.114367
-0.120104
-0.125695
-0.13132
-0.137232
-0.143753
-0.151152
-0.160571
-0.175525
-0.0343602
-0.0453919
-0.0559413
-0.065991
-0.0755241
-0.0845242
-0.0929756
-0.100865
-0.108182
-0.114921
-0.121086
-0.126696
-0.131787
-0.136433
-0.14075
-0.144933
-0.149267
-0.154152
-0.16125
-0.174812
0.0180586
0.015527
0.0129655
0.0103879
0.00781493
0.00527652
0.00280906
0.000453761
-0.00174364
-0.00373315
-0.00546102
-0.00687192
-0.00790902
-0.00852264
-0.00865821
-0.00829901
-0.00738113
-0.00599541
-0.00397672
-0.00169459
0.0160207
0.0134572
0.0109163
0.0083702
0.0058295
0.00332998
0.00091338
-0.00137737
-0.00349629
-0.00539319
-0.00701415
-0.00830412
-0.00920681
-0.00967453
-0.0096528
-0.00913093
-0.00803798
-0.00648522
-0.00426932
-0.00183253
0.0123351
0.00969818
0.00718838
0.00469541
0.00221075
-0.000218617
-0.00254129
-0.00471167
-0.00668381
-0.00840765
-0.00982934
-0.0108948
-0.0115491
-0.0117484
-0.0114394
-0.010621
-0.00921372
-0.00735831
-0.00479878
-0.00207356
0.00713296
0.00440692
0.0019565
-0.000446945
-0.00283866
-0.00515528
-0.00733202
-0.00932014
-0.0110743
-0.012545
-0.013679
-0.0144238
-0.0147272
-0.014551
-0.0138437
-0.0126186
-0.0107832
-0.00852194
-0.00550135
-0.00239845
0.000581928
-0.00224316
-0.00460076
-0.00687386
-0.0091311
-0.0112876
-0.0132622
-0.0150032
-0.016467
-0.0176054
-0.0183665
-0.018701
-0.01856
-0.0179137
-0.0167132
-0.0149907
-0.0126356
-0.00989277
-0.00632135
-0.00279248
-0.00723245
-0.0101521
-0.0123699
-0.0144597
-0.0165298
-0.0184683
-0.0201754
-0.0215972
-0.0226933
-0.0234183
-0.0237224
-0.0235609
-0.0228899
-0.0216903
-0.0199138
-0.01762
-0.0146727
-0.0113968
-0.00720894
-0.00324358
-0.0162282
-0.0192235
-0.0212409
-0.0230834
-0.0249034
-0.0265569
-0.0279232
-0.0289483
-0.0295966
-0.0298264
-0.0295915
-0.028853
-0.0275734
-0.0257466
-0.0233262
-0.0204027
-0.0168078
-0.0129678
-0.00811886
-0.00374013
-0.0263372
-0.0293679
-0.0311089
-0.0326281
-0.034125
-0.0354171
-0.0363626
-0.036909
-0.0370277
-0.0366817
-0.0358293
-0.0344393
-0.0324821
-0.029965
-0.0268445
-0.0232471
-0.0189649
-0.0145462
-0.00901071
-0.00426771
-0.0374828
-0.0404795
-0.0418539
-0.0429658
-0.0440587
-0.0449066
-0.0453467
-0.0453316
-0.0448403
-0.0438414
-0.042299
-0.0401902
-0.0374962
-0.0342382
-0.0303753
-0.0260729
-0.0210793
-0.0160792
-0.00985008
-0.00480571
-0.0495631
-0.0524172
-0.0533289
-0.0539486
-0.0545534
-0.0548709
-0.0547214
-0.0540645
-0.0528879
-0.0511662
-0.0488705
-0.0459894
-0.0425077
-0.0384707
-0.033837
-0.0288113
-0.0230976
-0.0175211
-0.01061
-0.00532536
-0.0624253
-0.0649839
-0.0653466
-0.0654015
-0.0654379
-0.0651412
-0.0643228
-0.0629517
-0.0610232
-0.0585183
-0.0554163
-0.0517165
-0.0474171
-0.0425778
-0.03716
-0.0314052
-0.0249778
-0.0188345
-0.0112726
-0.0057906
-0.075844
-0.0779156
-0.0776782
-0.0771232
-0.0765219
-0.0755359
-0.0739804
-0.071834
-0.0690983
-0.0657631
-0.0618171
-0.0572709
-0.0521362
-0.0464865
-0.0402865
-0.0338099
-0.0266899
-0.0199918
-0.0118297
-0.00616196
-0.0895087
-0.0908879
-0.0900642
-0.0888954
-0.0876043
-0.0858676
-0.0835225
-0.0805544
-0.0769687
-0.0727745
-0.0679605
-0.0625585
-0.0565884
-0.0501364
-0.0431723
-0.0359932
-0.0282157
-0.0209764
-0.0122828
-0.00640256
-0.103031
-0.103544
-0.102244
-0.100503
-0.098488
-0.0959554
-0.0927846
-0.0889664
-0.0845177
-0.0794338
-0.07375
-0.0675006
-0.0607127
-0.0534829
-0.0457872
-0.0379366
-0.0295482
-0.0217826
-0.0126415
-0.0064843
-0.115994
-0.115554
-0.113998
-0.111764
-0.108999
-0.10564
-0.101619
-0.0969392
-0.0915996
-0.0856437
-0.0791079
-0.0720367
-0.0644653
-0.056497
-0.0481151
-0.0396336
-0.0306897
-0.0224145
-0.0129206
-0.00639234
-0.127952
-0.126668
-0.125189
-0.122534
-0.118989
-0.114787
-0.109919
-0.104348
-0.0981333
-0.0913279
-0.0839741
-0.0761244
-0.0678197
-0.0591651
-0.050153
-0.0410882
-0.0316509
-0.0228838
-0.0131378
-0.00612695
-0.13844
-0.136783
-0.135784
-0.132717
-0.128342
-0.123281
-0.117547
-0.111112
-0.104053
-0.0964386
-0.0883199
-0.0797511
-0.0707754
-0.0614955
-0.0519151
-0.0423183
-0.0324513
-0.0232102
-0.0133113
-0.00570272
-0.147633
-0.146231
-0.145981
-0.142362
-0.137077
-0.131137
-0.124533
-0.117247
-0.109378
-0.101007
-0.0921837
-0.0829585
-0.0733745
-0.0635284
-0.0534383
-0.0433565
-0.0331187
-0.023419
-0.0134582
-0.00514402
-0.155678
-0.155754
-0.156162
-0.151727
-0.145404
-0.138489
-0.130953
-0.122802
-0.114146
-0.10506
-0.0955837
-0.0857584
-0.075624
-0.0652675
-0.0547244
-0.0442048
-0.0336545
-0.0235175
-0.0135808
-0.00447651
-0.161626
-0.165396
-0.165618
-0.160033
-0.152532
-0.144529
-0.136047
-0.127097
-0.117762
-0.108084
-0.098084
-0.0877877
-0.077229
-0.0664805
-0.0555995
-0.0447383
-0.0339807
-0.0234613
-0.0136559
-0.00373257
-0.189788
-0.179832
-0.17061
-0.163115
-0.154989
-0.146532
-0.13775
-0.12858
-0.119062
-0.109223
-0.0990722
-0.0886292
-0.0779296
-0.0670282
-0.0560211
-0.0449724
-0.0341586
-0.0233292
-0.0137266
-0.00306066
-0.192815
-0.185973
-0.174624
-0.166261
-0.1576
-0.148533
-0.139272
-0.129743
-0.119946
-0.109884
-0.0995497
-0.088952
-0.0781243
-0.0671068
-0.0560213
-0.0448641
-0.0340577
-0.0230275
-0.0136969
-0.0023866
-0.192667
-0.187246
-0.175422
-0.166854
-0.158113
-0.148839
-0.139401
-0.12975
-0.119862
-0.109729
-0.0993392
-0.0886955
-0.0778344
-0.066787
-0.0556992
-0.0445081
-0.0337724
-0.0226012
-0.0136122
-0.00163357
-0.193242
-0.188077
-0.175724
-0.166851
-0.15804
-0.14867
-0.139161
-0.129476
-0.119565
-0.109413
-0.0990075
-0.0883501
-0.0774807
-0.0664242
-0.0553495
-0.044137
-0.0334827
-0.0221695
-0.0135431
-0.000830547
-0.193064
-0.188017
-0.175481
-0.166447
-0.157637
-0.148262
-0.138753
-0.129081
-0.119182
-0.109038
-0.098636
-0.0879794
-0.0771129
-0.0660565
-0.0550013
-0.0437722
-0.0332044
-0.0217435
-0.0134953
1.23815e-05
-0.192157
-0.187073
-0.174611
-0.165562
-0.156835
-0.147548
-0.138111
-0.128505
-0.118659
-0.108553
-0.0981786
-0.0875429
-0.0766958
-0.0656542
-0.05463
-0.0433952
-0.0329225
-0.0213155
-0.0134618
0.000887977
-0.1907
-0.185483
-0.173276
-0.164305
-0.155708
-0.14657
-0.137257
-0.127758
-0.117996
-0.107955
-0.0976319
-0.0870367
-0.0762256
-0.0652142
-0.0542327
-0.0430044
-0.032635
-0.0208866
-0.0134409
0.00178602
-0.188771
-0.183396
-0.171602
-0.162787
-0.154352
-0.145401
-0.136247
-0.126879
-0.117225
-0.107269
-0.0970132
-0.0864745
-0.0757133
-0.0647452
-0.0538164
-0.0426055
-0.0323456
-0.0204617
-0.0134324
0.00269438
-0.186468
-0.180947
-0.16969
-0.161096
-0.152845
-0.144103
-0.135126
-0.125905
-0.116372
-0.106514
-0.0963398
-0.0858698
-0.0751699
-0.0642559
-0.053388
-0.0422042
-0.0320577
-0.0200457
-0.013436
0.00360014
-0.183909
-0.178274
-0.167641
-0.15931
-0.151256
-0.14273
-0.133938
-0.12487
-0.115465
-0.105713
-0.0956283
-0.0852361
-0.0746059
-0.0637548
-0.052954
-0.0418056
-0.0317742
-0.0196428
-0.0134507
0.00449001
-0.18121
-0.175505
-0.165544
-0.1575
-0.149646
-0.141334
-0.132726
-0.123808
-0.114531
-0.104888
-0.0948973
-0.0845883
-0.0740334
-0.0632512
-0.0525214
-0.0414153
-0.0314984
-0.0192576
-0.0134749
0.00535056
-0.178483
-0.172754
-0.163477
-0.155727
-0.148068
-0.139961
-0.131526
-0.122752
-0.113598
-0.104063
-0.0941661
-0.0839422
-0.0734652
-0.0627553
-0.0520982
-0.0410392
-0.0312339
-0.0188946
-0.0135072
0.00616857
-0.175827
-0.170117
-0.161506
-0.154043
-0.146569
-0.138649
-0.130373
-0.121732
-0.112693
-0.10326
-0.0934543
-0.0833143
-0.0729149
-0.0622778
-0.0516928
-0.0406835
-0.0309846
-0.0185583
-0.0135453
0.00693136
-0.173332
-0.167676
-0.159686
-0.152489
-0.145184
-0.137431
-0.129298
-0.120776
-0.111841
-0.102501
-0.0927813
-0.0827209
-0.072396
-0.0618296
-0.0513136
-0.0403546
-0.0307545
-0.0182531
-0.013587
0.00762702
-0.171072
-0.165492
-0.15806
-0.151101
-0.143944
-0.136338
-0.128327
-0.119908
-0.111065
-0.101808
-0.0921654
-0.082178
-0.0719219
-0.0614214
-0.0509693
-0.0400585
-0.0305476
-0.017983
-0.0136297
0.0082447
-0.169104
-0.163614
-0.156661
-0.149906
-0.142876
-0.135391
-0.127484
-0.11915
-0.110384
-0.101199
-0.0916235
-0.0817002
-0.0715049
-0.0610632
-0.0506679
-0.0398014
-0.030368
-0.0177517
-0.0136708
0.00877479
-0.167476
-0.162078
-0.155516
-0.148926
-0.141999
-0.134611
-0.126785
-0.118521
-0.109818
-0.100691
-0.0911707
-0.0813007
-0.0711565
-0.0607645
-0.0504168
-0.0395884
-0.0302194
-0.0175625
-0.0137076
0.00920905
-0.166227
-0.160907
-0.154643
-0.148178
-0.141328
-0.134013
-0.126248
-0.118036
-0.10938
-0.100297
-0.0908195
-0.0809908
-0.0708862
-0.060533
-0.0502224
-0.0394243
-0.0301048
-0.017418
-0.0137376
0.00954075
-0.16538
-0.160119
-0.154055
-0.147672
-0.140874
-0.133608
-0.125884
-0.117706
-0.109081
-0.100029
-0.0905797
-0.0807791
-0.0707016
-0.060375
-0.0500899
-0.0393127
-0.0300269
-0.0173206
-0.0137589
0.00976478
-0.164953
-0.159722
-0.153758
-0.147418
-0.140645
-0.133404
-0.1257
-0.117539
-0.10893
-0.0998927
-0.0904581
-0.0806717
-0.070608
-0.0602949
-0.0500227
-0.0392563
-0.0299875
-0.0172715
-0.01377
0.00987766
)
;

boundaryField
{
    inlet
    {
        type            zeroGradient;
    }
    outlet
    {
        type            fixedValue;
        value           uniform 0;
    }
    cylinder
    {
        type            zeroGradient;
    }
    top
    {
        type            symmetryPlane;
    }
    bottom
    {
        type            symmetryPlane;
    }
    defaultFaces
    {
        type            empty;
    }
}


// ************************************************************************* //
