/*--------------------------------*- C++ -*----------------------------------*\
  =========                 |
  \\      /  F ield         | OpenFOAM: The Open Source CFD Toolbox
   \\    /   O peration     | Website:  https://openfoam.org
    \\  /    A nd           | Version:  7
     \\/     M anipulation  |
\*---------------------------------------------------------------------------*/
FoamFile
{
    version     2.0;
    format      ascii;
    class       volScalarField;
    location    "5";
    object      p;
}
// * * * * * * * * * * * * * * * * * * * * * * * * * * * * * * * * * * * * * //

dimensions      [0 2 -2 0 0 0 0];

internalField   nonuniform List<scalar> 
5600
(
-0.337002
-0.345575
-0.341488
-0.335267
-0.325103
-0.312278
-0.297323
-0.279934
-0.263208
-0.241539
-0.337943
-0.346208
-0.34204
-0.335724
-0.325512
-0.31265
-0.297678
-0.280216
-0.263586
-0.241366
-0.339814
-0.347465
-0.343137
-0.33663
-0.326322
-0.313385
-0.298383
-0.280782
-0.264325
-0.24102
-0.342592
-0.349333
-0.344762
-0.337969
-0.327514
-0.314465
-0.299423
-0.281615
-0.265396
-0.24051
-0.346245
-0.35179
-0.346895
-0.339719
-0.329065
-0.315862
-0.30073
-0.282702
-0.266786
-0.239854
-0.350734
-0.354809
-0.349508
-0.341852
-0.330945
-0.317544
-0.302309
-0.283977
-0.268453
-0.239072
-0.35601
-0.358358
-0.352569
-0.344337
-0.33312
-0.319477
-0.304118
-0.28541
-0.270345
-0.238188
-0.362022
-0.362405
-0.356045
-0.347139
-0.335554
-0.321621
-0.306111
-0.286969
-0.272407
-0.23723
-0.368714
-0.366912
-0.359901
-0.350227
-0.338213
-0.323939
-0.308247
-0.28862
-0.274576
-0.236234
-0.376033
-0.371841
-0.364103
-0.353568
-0.341064
-0.326399
-0.310485
-0.290333
-0.276785
-0.235236
-0.383928
-0.377152
-0.368617
-0.357133
-0.344077
-0.32897
-0.312789
-0.292084
-0.278959
-0.234279
-0.39232
-0.382831
-0.373415
-0.360896
-0.347228
-0.331628
-0.315125
-0.293854
-0.281022
-0.233407
-0.401176
-0.388829
-0.378471
-0.364839
-0.350499
-0.334354
-0.317463
-0.295629
-0.282892
-0.232662
-0.41045
-0.39512
-0.383761
-0.368946
-0.353875
-0.337134
-0.319776
-0.297399
-0.284486
-0.232082
-0.420093
-0.401677
-0.389268
-0.373205
-0.357347
-0.339959
-0.322042
-0.299157
-0.285722
-0.231717
-0.430065
-0.408479
-0.394977
-0.377609
-0.36091
-0.342819
-0.32424
-0.300892
-0.286518
-0.231607
-0.440326
-0.415501
-0.400875
-0.382153
-0.364558
-0.345707
-0.326353
-0.302596
-0.286755
-0.231649
-0.45084
-0.422724
-0.40695
-0.386831
-0.368286
-0.348611
-0.32837
-0.304267
-0.286254
-0.231611
-0.461568
-0.430125
-0.413189
-0.391636
-0.372087
-0.351513
-0.330287
-0.305906
-0.284991
-0.232489
-0.47247
-0.437681
-0.419578
-0.396559
-0.375945
-0.354386
-0.332086
-0.307441
-0.28354
-0.239145
-0.483504
-0.445365
-0.426096
-0.401581
-0.379836
-0.357191
-0.333716
-0.308652
-0.282543
-0.255774
-0.49462
-0.453147
-0.432719
-0.406679
-0.383727
-0.359875
-0.33511
-0.309356
-0.281087
-0.259563
-0.505761
-0.460989
-0.439414
-0.411816
-0.387573
-0.362377
-0.336196
-0.309428
-0.279229
-0.258924
-0.516862
-0.468847
-0.446138
-0.416947
-0.391314
-0.364629
-0.336901
-0.308841
-0.276999
-0.256447
-0.527848
-0.476665
-0.452838
-0.422013
-0.39488
-0.366553
-0.337146
-0.307577
-0.274291
-0.252586
-0.538633
-0.484381
-0.459448
-0.426942
-0.398188
-0.368062
-0.336853
-0.305615
-0.271021
-0.247687
-0.549116
-0.491921
-0.46589
-0.431648
-0.401142
-0.369065
-0.33594
-0.302932
-0.267139
-0.242023
-0.559188
-0.499199
-0.472074
-0.436033
-0.403638
-0.369465
-0.334332
-0.299504
-0.262615
-0.235759
-0.568725
-0.506118
-0.477895
-0.439985
-0.405563
-0.369164
-0.331957
-0.29531
-0.257428
-0.228978
-0.577593
-0.512569
-0.483237
-0.443384
-0.406797
-0.368064
-0.328748
-0.290327
-0.251563
-0.221717
-0.585646
-0.518433
-0.487971
-0.446098
-0.407217
-0.366068
-0.324645
-0.284536
-0.24501
-0.213988
-0.592729
-0.52358
-0.491959
-0.447991
-0.4067
-0.363088
-0.319596
-0.27792
-0.237763
-0.205784
-0.598679
-0.527871
-0.495054
-0.44892
-0.405126
-0.359038
-0.313556
-0.270463
-0.229819
-0.197093
-0.603326
-0.531158
-0.497102
-0.448741
-0.402378
-0.353844
-0.306487
-0.262154
-0.221175
-0.187899
-0.606496
-0.533289
-0.497947
-0.447313
-0.398346
-0.347438
-0.29836
-0.252985
-0.211831
-0.17819
-0.608015
-0.534105
-0.497428
-0.444497
-0.392931
-0.339766
-0.289154
-0.242952
-0.201788
-0.167955
-0.607706
-0.533448
-0.495389
-0.440162
-0.386044
-0.330783
-0.278853
-0.232052
-0.191048
-0.157186
-0.605399
-0.531158
-0.491677
-0.434186
-0.377609
-0.320454
-0.26745
-0.22029
-0.179616
-0.145881
-0.600928
-0.527081
-0.486146
-0.42646
-0.367563
-0.308757
-0.254946
-0.20767
-0.1675
-0.134041
-0.594136
-0.521067
-0.478662
-0.416889
-0.35586
-0.295681
-0.241345
-0.194203
-0.154708
-0.12167
-0.58488
-0.512975
-0.469102
-0.405395
-0.342467
-0.281224
-0.22666
-0.179903
-0.141254
-0.108778
-0.573029
-0.502678
-0.457363
-0.391915
-0.327367
-0.265395
-0.210911
-0.164786
-0.127151
-0.0953832
-0.558469
-0.490061
-0.443357
-0.37641
-0.310558
-0.248215
-0.194122
-0.148875
-0.112417
-0.0814999
-0.541109
-0.475028
-0.427018
-0.358855
-0.292054
-0.229713
-0.176324
-0.132196
-0.0970735
-0.0671176
-0.520876
-0.457502
-0.408301
-0.339249
-0.271883
-0.209928
-0.157556
-0.114785
-0.0811723
-0.0522091
-0.497722
-0.437428
-0.387187
-0.317609
-0.250088
-0.188909
-0.137858
-0.0966756
-0.0647713
-0.0368833
-0.471627
-0.414774
-0.363679
-0.293972
-0.226725
-0.166711
-0.117279
-0.0778971
-0.0477516
-0.0212788
-0.442594
-0.389534
-0.337805
-0.268396
-0.201864
-0.1434
-0.0958782
-0.0585271
-0.0302465
-0.00530381
-0.410656
-0.361728
-0.309619
-0.240957
-0.175586
-0.119049
-0.0737191
-0.0385866
-0.0123127
0.0110003
-0.375876
-0.331403
-0.279197
-0.211749
-0.147986
-0.0937445
-0.0508624
-0.0181331
0.00601153
0.0275869
-0.338343
-0.298634
-0.246645
-0.180881
-0.119166
-0.0675708
-0.0273846
0.00277244
0.0246802
0.0444083
-0.298176
-0.263523
-0.212093
-0.148473
-0.0892445
-0.0406244
-0.00336379
0.0240662
0.0436422
0.0614118
-0.255527
-0.226203
-0.175682
-0.114662
-0.0583435
-0.0130079
0.0211166
0.0456801
0.062843
0.0785378
-0.210569
-0.186835
-0.137519
-0.0796485
-0.0265974
0.0151705
0.0459683
0.0675423
0.0822237
0.0957177
-0.163471
-0.145598
-0.0978682
-0.0435575
0.00585396
0.043797
0.0710986
0.0895769
0.101722
0.112877
-0.11443
-0.102732
-0.0569271
-0.00656849
0.0388634
0.0727534
0.0964104
0.111706
0.121279
0.129935
-0.0639195
-0.0582948
-0.0148914
0.031129
0.0722781
0.101917
0.121803
0.133853
0.140846
0.146769
-0.0120152
-0.0126688
0.0280077
0.0693408
0.105941
0.131163
0.147175
0.155948
0.160369
0.163134
0.0409801
0.0338936
0.0715304
0.107867
0.139692
0.160361
0.172423
0.177921
0.179729
0.17872
0.0947389
0.0811306
0.115429
0.146502
0.173367
0.189381
0.197445
0.199683
0.198668
0.193386
0.148937
0.128758
0.159449
0.185038
0.2068
0.218093
0.222143
0.221112
0.216847
0.207851
0.203245
0.176478
0.20333
0.223266
0.239827
0.246365
0.246408
0.242101
0.234969
0.223831
0.257322
0.223992
0.24681
0.260977
0.272281
0.274068
0.27013
0.26254
0.252634
0.239615
0.310823
0.270991
0.289628
0.29796
0.303999
0.301071
0.293205
0.282357
0.269715
0.254888
0.363402
0.317171
0.331524
0.334012
0.334821
0.327248
0.31553
0.301481
0.286173
0.26955
0.414713
0.362225
0.372241
0.36893
0.364587
0.352474
0.337005
0.319838
0.301956
0.28355
0.464414
0.405854
0.411528
0.402517
0.393146
0.376629
0.357535
0.337354
0.317004
0.296845
0.51217
0.447764
0.449143
0.434585
0.420349
0.399598
0.377028
0.353959
0.331258
0.309388
0.557658
0.48767
0.484852
0.464951
0.446054
0.421269
0.395394
0.369583
0.344661
0.32114
0.600565
0.525301
0.518432
0.493441
0.470128
0.441536
0.412551
0.38416
0.357159
0.332062
0.640596
0.560399
0.549674
0.519894
0.492443
0.4603
0.428419
0.397629
0.368702
0.342117
0.677472
0.592722
0.578382
0.544158
0.512882
0.477468
0.442924
0.409931
0.379241
0.351274
0.710937
0.622046
0.604375
0.566093
0.531336
0.492954
0.455998
0.421011
0.388731
0.359499
0.740756
0.648168
0.627491
0.585572
0.547706
0.506681
0.467579
0.43082
0.39713
0.366765
0.766718
0.670907
0.647582
0.602484
0.561906
0.51858
0.477612
0.439313
0.404401
0.373044
0.788641
0.690104
0.664523
0.616729
0.573858
0.52859
0.486048
0.446452
0.410512
0.378314
0.806369
0.705625
0.678206
0.628227
0.583498
0.53666
0.492847
0.452203
0.415435
0.382554
0.819776
0.717362
0.688545
0.636909
0.590774
0.542748
0.497976
0.45654
0.419147
0.385749
0.828768
0.725233
0.695474
0.642725
0.595646
0.546825
0.501409
0.459443
0.421631
0.387886
0.83328
0.729182
0.69895
0.645641
0.598089
0.548869
0.50313
0.460898
0.422876
0.388957
0.83328
0.729182
0.69895
0.645641
0.598089
0.548869
0.50313
0.460898
0.422876
0.388957
0.828768
0.725233
0.695474
0.642725
0.595646
0.546825
0.501409
0.459443
0.421631
0.387886
0.819776
0.717362
0.688545
0.636909
0.590774
0.542748
0.497976
0.45654
0.419147
0.385749
0.806369
0.705625
0.678206
0.628227
0.583498
0.536659
0.492847
0.452203
0.415435
0.382554
0.788641
0.690104
0.664523
0.616729
0.573858
0.52859
0.486048
0.446452
0.410512
0.378314
0.766718
0.670907
0.647582
0.602484
0.561906
0.51858
0.477612
0.439313
0.404401
0.373044
0.740756
0.648168
0.627491
0.585572
0.547706
0.506681
0.467579
0.43082
0.39713
0.366765
0.710937
0.622046
0.604375
0.566093
0.531336
0.492954
0.455998
0.421011
0.388731
0.359499
0.677472
0.592722
0.578382
0.544158
0.512882
0.477468
0.442924
0.409931
0.379241
0.351274
0.640596
0.560399
0.549674
0.519894
0.492443
0.4603
0.428419
0.397629
0.368702
0.342117
0.600565
0.525301
0.518432
0.493441
0.470128
0.441536
0.412551
0.38416
0.357159
0.332062
0.557658
0.48767
0.484852
0.464951
0.446054
0.421269
0.395394
0.369583
0.344661
0.32114
0.51217
0.447764
0.449143
0.434585
0.420349
0.399598
0.377028
0.353959
0.331258
0.309388
0.464414
0.405854
0.411528
0.402517
0.393146
0.376629
0.357535
0.337354
0.317004
0.296845
0.414713
0.362225
0.372241
0.36893
0.364587
0.352474
0.337005
0.319838
0.301956
0.28355
0.363402
0.317171
0.331524
0.334012
0.334821
0.327248
0.31553
0.301481
0.286173
0.26955
0.310823
0.270991
0.289628
0.29796
0.303999
0.301071
0.293205
0.282357
0.269715
0.254888
0.257322
0.223991
0.24681
0.260976
0.272281
0.274068
0.27013
0.26254
0.252634
0.239615
0.203245
0.176478
0.20333
0.223266
0.239827
0.246365
0.246408
0.242101
0.234969
0.223831
0.148937
0.128757
0.159449
0.185038
0.2068
0.218093
0.222143
0.221112
0.216847
0.207851
0.0947388
0.0811306
0.115429
0.146502
0.173366
0.189381
0.197445
0.199683
0.198668
0.193386
0.0409801
0.0338936
0.0715303
0.107867
0.139692
0.160361
0.172422
0.177921
0.179729
0.17872
-0.0120153
-0.0126689
0.0280076
0.0693408
0.105941
0.131163
0.147175
0.155948
0.160369
0.163134
-0.0639196
-0.0582949
-0.0148915
0.031129
0.0722781
0.101917
0.121803
0.133853
0.140846
0.146769
-0.11443
-0.102732
-0.0569271
-0.00656854
0.0388633
0.0727533
0.0964103
0.111706
0.121279
0.129935
-0.163471
-0.145598
-0.0978682
-0.0435576
0.00585391
0.0437969
0.0710985
0.0895769
0.101722
0.112877
-0.210569
-0.186835
-0.137519
-0.0796486
-0.0265974
0.0151705
0.0459683
0.0675422
0.0822236
0.0957177
-0.255527
-0.226203
-0.175682
-0.114662
-0.0583435
-0.0130079
0.0211166
0.0456801
0.0628429
0.0785377
-0.298177
-0.263523
-0.212093
-0.148473
-0.0892446
-0.0406244
-0.00336384
0.0240661
0.0436422
0.0614117
-0.338343
-0.298634
-0.246645
-0.180881
-0.119167
-0.0675709
-0.0273846
0.0027724
0.0246801
0.0444083
-0.375876
-0.331403
-0.279198
-0.211749
-0.147986
-0.0937446
-0.0508625
-0.0181332
0.00601148
0.0275869
-0.410656
-0.361728
-0.309619
-0.240957
-0.175586
-0.119049
-0.0737192
-0.0385866
-0.0123128
0.0110002
-0.442594
-0.389534
-0.337805
-0.268396
-0.201864
-0.1434
-0.0958783
-0.0585271
-0.0302466
-0.00530386
-0.471627
-0.414774
-0.363679
-0.293972
-0.226726
-0.166711
-0.117279
-0.0778971
-0.0477516
-0.0212788
-0.497722
-0.437428
-0.387187
-0.317609
-0.250088
-0.188909
-0.137858
-0.0966756
-0.0647714
-0.0368833
-0.520876
-0.457502
-0.408301
-0.339249
-0.271884
-0.209928
-0.157556
-0.114785
-0.0811723
-0.0522091
-0.541109
-0.475029
-0.427018
-0.358855
-0.292054
-0.229713
-0.176324
-0.132196
-0.0970735
-0.0671177
-0.55847
-0.490062
-0.443357
-0.37641
-0.310558
-0.248215
-0.194122
-0.148875
-0.112417
-0.0814999
-0.573029
-0.502678
-0.457363
-0.391915
-0.327367
-0.265395
-0.210911
-0.164786
-0.127151
-0.0953832
-0.58488
-0.512976
-0.469103
-0.405395
-0.342467
-0.281224
-0.22666
-0.179903
-0.141254
-0.108778
-0.594136
-0.521067
-0.478662
-0.416889
-0.35586
-0.295681
-0.241345
-0.194203
-0.154708
-0.12167
-0.600928
-0.527081
-0.486146
-0.42646
-0.367563
-0.308758
-0.254946
-0.20767
-0.1675
-0.134041
-0.605399
-0.531158
-0.491677
-0.434186
-0.377609
-0.320454
-0.26745
-0.22029
-0.179616
-0.145882
-0.607706
-0.533448
-0.495389
-0.440162
-0.386044
-0.330783
-0.278853
-0.232052
-0.191048
-0.157186
-0.608015
-0.534105
-0.497428
-0.444497
-0.392931
-0.339766
-0.289154
-0.242952
-0.201788
-0.167955
-0.606496
-0.533289
-0.497947
-0.447313
-0.398346
-0.347438
-0.29836
-0.252985
-0.211831
-0.17819
-0.603326
-0.531158
-0.497102
-0.448741
-0.402378
-0.353844
-0.306487
-0.262154
-0.221175
-0.187899
-0.598679
-0.527871
-0.495054
-0.44892
-0.405126
-0.359038
-0.313556
-0.270463
-0.229819
-0.197093
-0.592729
-0.52358
-0.491959
-0.447991
-0.406701
-0.363088
-0.319596
-0.27792
-0.237763
-0.205784
-0.585646
-0.518433
-0.487971
-0.446098
-0.407217
-0.366068
-0.324645
-0.284536
-0.24501
-0.213988
-0.577593
-0.512569
-0.483237
-0.443384
-0.406797
-0.368064
-0.328748
-0.290327
-0.251563
-0.221718
-0.568725
-0.506118
-0.477895
-0.439985
-0.405563
-0.369164
-0.331957
-0.29531
-0.257428
-0.228978
-0.559188
-0.499199
-0.472074
-0.436033
-0.403638
-0.369465
-0.334332
-0.299504
-0.262615
-0.235759
-0.549116
-0.491921
-0.465891
-0.431648
-0.401142
-0.369065
-0.33594
-0.302932
-0.267139
-0.242024
-0.538633
-0.484382
-0.459448
-0.426942
-0.398188
-0.368062
-0.336853
-0.305616
-0.271021
-0.247687
-0.527849
-0.476665
-0.452838
-0.422013
-0.39488
-0.366553
-0.337146
-0.307578
-0.274291
-0.252586
-0.516862
-0.468847
-0.446138
-0.416947
-0.391314
-0.364629
-0.336901
-0.308841
-0.276999
-0.256447
-0.505761
-0.46099
-0.439414
-0.411816
-0.387573
-0.362377
-0.336196
-0.309428
-0.279229
-0.258924
-0.49462
-0.453148
-0.432719
-0.406679
-0.383727
-0.359875
-0.33511
-0.309356
-0.281087
-0.259563
-0.483504
-0.445365
-0.426096
-0.401581
-0.379836
-0.357191
-0.333716
-0.308652
-0.282543
-0.255774
-0.472471
-0.437681
-0.419578
-0.396559
-0.375945
-0.354386
-0.332086
-0.307441
-0.28354
-0.239145
-0.461568
-0.430125
-0.413189
-0.391636
-0.372087
-0.351513
-0.330287
-0.305906
-0.284991
-0.232489
-0.45084
-0.422724
-0.40695
-0.386831
-0.368286
-0.348611
-0.32837
-0.304267
-0.286254
-0.231611
-0.440326
-0.415501
-0.400875
-0.382153
-0.364558
-0.345707
-0.326353
-0.302596
-0.286755
-0.231649
-0.430065
-0.408479
-0.394978
-0.377609
-0.36091
-0.342819
-0.32424
-0.300892
-0.286518
-0.231607
-0.420093
-0.401678
-0.389268
-0.373205
-0.357347
-0.339959
-0.322042
-0.299157
-0.285722
-0.231717
-0.41045
-0.39512
-0.383761
-0.368946
-0.353875
-0.337134
-0.319776
-0.2974
-0.284486
-0.232082
-0.401176
-0.38883
-0.378471
-0.364839
-0.350499
-0.334354
-0.317463
-0.295629
-0.282892
-0.232662
-0.39232
-0.382831
-0.373415
-0.360897
-0.347228
-0.331628
-0.315125
-0.293854
-0.281022
-0.233407
-0.383928
-0.377152
-0.368617
-0.357133
-0.344077
-0.32897
-0.312789
-0.292084
-0.278959
-0.234279
-0.376033
-0.371841
-0.364103
-0.353568
-0.341064
-0.326399
-0.310485
-0.290333
-0.276785
-0.235236
-0.368715
-0.366912
-0.359901
-0.350227
-0.338213
-0.323939
-0.308247
-0.28862
-0.274577
-0.236234
-0.362022
-0.362405
-0.356045
-0.347139
-0.335554
-0.321621
-0.306111
-0.286969
-0.272407
-0.23723
-0.35601
-0.358358
-0.352569
-0.344337
-0.33312
-0.319477
-0.304118
-0.28541
-0.270345
-0.238188
-0.350734
-0.354809
-0.349508
-0.341852
-0.330945
-0.317544
-0.302309
-0.283977
-0.268453
-0.239072
-0.346245
-0.35179
-0.346895
-0.339719
-0.329065
-0.315862
-0.30073
-0.282702
-0.266786
-0.239854
-0.342592
-0.349333
-0.344762
-0.337969
-0.327514
-0.314465
-0.299423
-0.281615
-0.265396
-0.24051
-0.339814
-0.347465
-0.343137
-0.33663
-0.326322
-0.313385
-0.298383
-0.280782
-0.264325
-0.24102
-0.337943
-0.346208
-0.34204
-0.335724
-0.325512
-0.31265
-0.297678
-0.280216
-0.263586
-0.241366
-0.337002
-0.345575
-0.341488
-0.335267
-0.325103
-0.312278
-0.297323
-0.279934
-0.263208
-0.241539
-0.231997
-0.225153
-0.217256
-0.208686
-0.199332
-0.189099
-0.17794
-0.165804
-0.15265
-0.138467
-0.123284
-0.107181
-0.0903994
-0.0729539
-0.056129
-0.0378189
-0.0256097
-0.00327239
-0.00990154
0.0346839
-0.23267
-0.225798
-0.217792
-0.209186
-0.199817
-0.189571
-0.178403
-0.166262
-0.153104
-0.138914
-0.123723
-0.107608
-0.0908125
-0.0733471
-0.0564974
-0.0381652
-0.0259012
-0.00358534
-0.0100293
0.0343234
-0.233993
-0.22707
-0.21885
-0.210171
-0.200771
-0.190498
-0.179313
-0.16716
-0.153992
-0.139791
-0.124584
-0.108447
-0.0916225
-0.0741188
-0.0572209
-0.0388457
-0.0264743
-0.00420141
-0.0102799
0.0336114
-0.235919
-0.228932
-0.220396
-0.21161
-0.202161
-0.191847
-0.180634
-0.168464
-0.155281
-0.141062
-0.125833
-0.109664
-0.0927987
-0.0752405
-0.0582737
-0.0398377
-0.0273098
-0.00510162
-0.0106443
0.032565
-0.238382
-0.231331
-0.222387
-0.213457
-0.203942
-0.193571
-0.182319
-0.170124
-0.156919
-0.142677
-0.12742
-0.111212
-0.0942972
-0.0766721
-0.059619
-0.0411085
-0.0283805
-0.00625915
-0.0111095
0.0312092
-0.241293
-0.234197
-0.224761
-0.215654
-0.206056
-0.195611
-0.184308
-0.172078
-0.158846
-0.144577
-0.129287
-0.113035
-0.0960645
-0.0783642
-0.0612122
-0.0426184
-0.0296531
-0.00764098
-0.0116596
0.0295753
-0.244549
-0.237441
-0.227448
-0.218134
-0.208436
-0.197899
-0.18653
-0.174257
-0.160992
-0.146691
-0.131367
-0.115069
-0.0980406
-0.0802615
-0.0630029
-0.0443223
-0.0310898
-0.00920995
-0.0122766
0.0277001
-0.248033
-0.240957
-0.230361
-0.220819
-0.211007
-0.200361
-0.188913
-0.176587
-0.163282
-0.148948
-0.133589
-0.117247
-0.100162
-0.082306
-0.064938
-0.046173
-0.0326511
-0.0109267
-0.0129418
0.025624
-0.251623
-0.244627
-0.233409
-0.223626
-0.213689
-0.202918
-0.191378
-0.178991
-0.165643
-0.151274
-0.135882
-0.119501
-0.102366
-0.0844394
-0.0669647
-0.0481228
-0.0342971
-0.0127518
-0.0136366
0.0233896
-0.255182
-0.248318
-0.236486
-0.226465
-0.216397
-0.205491
-0.193849
-0.181394
-0.167999
-0.153598
-0.138179
-0.121767
-0.104592
-0.0866064
-0.0690325
-0.0501264
-0.0359896
-0.0146469
-0.0143436
0.0210401
-0.258575
-0.251889
-0.239483
-0.229241
-0.219044
-0.207996
-0.196248
-0.183723
-0.170282
-0.155853
-0.140418
-0.123987
-0.106785
-0.0887563
-0.071095
-0.0521419
-0.0376935
-0.0165768
-0.0150471
0.018618
-0.261668
-0.255193
-0.242287
-0.231859
-0.22154
-0.210355
-0.198503
-0.185909
-0.172429
-0.157982
-0.142542
-0.126108
-0.108897
-0.0908448
-0.073112
-0.0541325
-0.0393779
-0.0185098
-0.0157338
0.0161637
-0.264334
-0.25808
-0.24478
-0.234221
-0.223798
-0.212488
-0.200544
-0.187893
-0.174385
-0.159933
-0.144505
-0.128088
-0.110888
-0.0928352
-0.0750497
-0.0560671
-0.0410168
-0.0204185
-0.0163932
0.0137145
-0.266456
-0.26041
-0.246851
-0.236231
-0.225731
-0.214323
-0.202311
-0.189621
-0.176102
-0.161666
-0.146271
-0.129892
-0.112727
-0.0946984
-0.0768813
-0.0579208
-0.0425893
-0.0222802
-0.0170177
0.011304
-0.26795
-0.262056
-0.248394
-0.237795
-0.227252
-0.215787
-0.203744
-0.191045
-0.177543
-0.163147
-0.147809
-0.131495
-0.114389
-0.0964116
-0.0785854
-0.0596734
-0.0440784
-0.024076
-0.0176018
0.00896142
-0.268738
-0.262879
-0.249284
-0.238802
-0.228269
-0.21681
-0.204791
-0.192126
-0.178676
-0.164352
-0.1491
-0.132878
-0.115856
-0.0979581
-0.0801462
-0.0613092
-0.0454709
-0.0257905
-0.0181424
0.00671159
-0.268691
-0.262708
-0.249408
-0.239181
-0.228734
-0.21737
-0.205446
-0.192866
-0.179509
-0.165289
-0.150151
-0.134047
-0.117136
-0.0993417
-0.081566
-0.0628282
-0.0467676
-0.0274183
-0.018643
0.00457302
-0.26804
-0.26171
-0.248927
-0.23904
-0.228723
-0.217529
-0.205763
-0.193315
-0.180089
-0.166005
-0.151008
-0.135047
-0.118268
-0.100601
-0.082881
-0.064259
-0.047994
-0.0289713
-0.0191185
0.00255528
-0.26776
-0.259984
-0.247679
-0.238056
-0.227891
-0.216985
-0.205492
-0.193275
-0.180261
-0.16638
-0.15158
-0.13581
-0.119204
-0.101701
-0.0840626
-0.0655813
-0.0491328
-0.0304392
-0.0195634
0.000669756
-0.263325
-0.253357
-0.243327
-0.234637
-0.22507
-0.214825
-0.203875
-0.192096
-0.179453
-0.165897
-0.151388
-0.135887
-0.119516
-0.102245
-0.0847411
-0.0664927
-0.0499113
-0.0316549
-0.0198567
-0.00102989
-0.24002
-0.241185
-0.239025
-0.232074
-0.223145
-0.213363
-0.202723
-0.191176
-0.178725
-0.165337
-0.150982
-0.135639
-0.119405
-0.102327
-0.0849116
-0.0669773
-0.0502497
-0.0326408
-0.0199339
-0.00270081
-0.229814
-0.228915
-0.22778
-0.222017
-0.214273
-0.205622
-0.195992
-0.185335
-0.173683
-0.161039
-0.14739
-0.132737
-0.117167
-0.100766
-0.0839221
-0.0666629
-0.0501768
-0.0333981
-0.0199496
-0.0044507
-0.219208
-0.217326
-0.215407
-0.210362
-0.203663
-0.196032
-0.187391
-0.177682
-0.166936
-0.155166
-0.142372
-0.128569
-0.113835
-0.0982782
-0.0821917
-0.065754
-0.0497061
-0.0338256
-0.0198676
-0.00602478
-0.207428
-0.205462
-0.20284
-0.19834
-0.192582
-0.185879
-0.178165
-0.169388
-0.159564
-0.148702
-0.136806
-0.1239
-0.11005
-0.0953834
-0.0801087
-0.0645283
-0.049
-0.0340135
-0.0197281
-0.00738243
-0.194183
-0.192705
-0.189746
-0.185692
-0.180789
-0.17499
-0.168195
-0.160365
-0.151499
-0.141595
-0.130655
-0.118704
-0.105798
-0.0920741
-0.0776722
-0.0629852
-0.0480625
-0.033955
-0.0195374
-0.00848958
-0.179544
-0.17893
-0.176025
-0.172429
-0.16832
-0.163403
-0.157519
-0.15064
-0.142753
-0.133844
-0.123905
-0.11296
-0.101055
-0.0883257
-0.0748591
-0.0611034
-0.0468774
-0.0336327
-0.0192893
-0.0093196
-0.164054
-0.164341
-0.16179
-0.158727
-0.155378
-0.151314
-0.146326
-0.140384
-0.133475
-0.125572
-0.116658
-0.10675
-0.0958798
-0.0841811
-0.0716968
-0.0589
-0.0454502
-0.0330476
-0.0189765
-0.00986268
-0.148197
-0.149257
-0.147253
-0.144797
-0.142179
-0.138931
-0.134811
-0.129783
-0.123834
-0.116929
-0.109041
-0.100177
-0.0903588
-0.079707
-0.0682336
-0.0564099
-0.0437989
-0.0322142
-0.0185908
-0.0101279
-0.132418
-0.13406
-0.132687
-0.130872
-0.128948
-0.126465
-0.12317
-0.119021
-0.113998
-0.108065
-0.101184
-0.0933544
-0.0845834
-0.0749773
-0.0645251
-0.0536762
-0.0419472
-0.0311554
-0.0181236
-0.0101411
-0.11711
-0.119129
-0.118382
-0.117195
-0.115911
-0.114129
-0.111602
-0.108279
-0.104135
-0.0991307
-0.093222
-0.0863965
-0.0786503
-0.0700717
-0.0606334
-0.0507482
-0.0399248
-0.0299013
-0.0175688
-0.00994138
-0.10257
-0.104788
-0.104603
-0.103994
-0.103281
-0.102124
-0.100295
-0.0977321
-0.0944069
-0.090274
-0.0852855
-0.0794185
-0.0726581
-0.0650729
-0.0566245
-0.04768
-0.0377663
-0.0284872
-0.0169251
-0.00957537
-0.089003
-0.0912859
-0.0915727
-0.091469
-0.0912488
-0.0906331
-0.0894206
-0.0875433
-0.0849641
-0.0816341
-0.0775012
-0.0725332
-0.0667049
-0.0600654
-0.0525676
-0.0445294
-0.0355111
-0.0269526
-0.0161981
-0.00909176
-0.0765446
-0.0788017
-0.0794644
-0.0797814
-0.0799734
-0.0798164
-0.0791366
-0.0778619
-0.0759484
-0.0733437
-0.0699915
-0.0658516
-0.0608895
-0.0551351
-0.0485352
-0.041358
-0.0332042
-0.0253403
-0.0154012
-0.00853653
-0.0652834
-0.0674609
-0.0684116
-0.0690673
-0.0695942
-0.0698157
-0.0695842
-0.0688272
-0.0674948
-0.0655315
-0.0628775
-0.0594857
-0.055313
-0.0503724
-0.0446051
-0.0382328
-0.0308973
-0.0236973
-0.014556
-0.00794997
-0.0552879
-0.0573582
-0.0585227
-0.0594432
-0.0602349
-0.0607596
-0.0608944
-0.0605717
-0.0597358
-0.058327
-0.0562831
-0.0535518
-0.0500832
-0.0458747
-0.0408631
-0.0352283
-0.0286503
-0.022075
-0.0136924
-0.00736579
-0.0466222
-0.0485756
-0.0498942
-0.0510159
-0.0520107
-0.0527727
-0.0532018
-0.0532328
-0.0528076
-0.0518643
-0.050339
-0.0481752
-0.0453172
-0.0417496
-0.0374056
-0.0324288
-0.0265329
-0.0205306
-0.012847
-0.0068119
-0.039367
-0.0412067
-0.0426323
-0.043902
-0.0450478
-0.0459894
-0.0466454
-0.0469543
-0.0468563
-0.0462892
-0.0451884
-0.0434939
-0.0411459
-0.0381187
-0.0343423
-0.0299305
-0.0246254
-0.0191284
-0.0120629
-0.00631221
-0.0336151
-0.0353563
-0.0368533
-0.0382275
-0.0394809
-0.0405523
-0.0413762
-0.0418921
-0.0420419
-0.0417631
-0.0409911
-0.0396636
-0.0377178
-0.0351202
-0.0317989
-0.0278439
-0.0230207
-0.017941
-0.0113891
-0.00588797
-0.0295362
-0.0311996
-0.0327375
-0.0341769
-0.0354981
-0.0366525
-0.0375848
-0.0382396
-0.0385591
-0.0384806
-0.037938
-0.0368683
-0.0352072
-0.0329158
-0.0299214
-0.0262965
-0.0218257
-0.0170513
-0.0108841
-0.00555737
-0.0272955
-0.028923
-0.0304855
-0.0319618
-0.0333207
-0.0345203
-0.0355118
-0.0362416
-0.0366517
-0.0366799
-0.0362605
-0.0353297
-0.0338226
-0.031697
-0.0288817
-0.0254355
-0.021165
-0.0165486
-0.010625
-0.00534103
-0.102514
-0.113571
-0.124162
-0.134272
-0.143889
-0.153003
-0.161604
-0.169684
-0.177237
-0.184266
-0.190777
-0.196792
-0.202349
-0.207519
-0.212414
-0.217222
-0.222226
-0.227844
-0.235689
-0.249985
-0.0921953
-0.102509
-0.112413
-0.1219
-0.13096
-0.13959
-0.147786
-0.155551
-0.162897
-0.169841
-0.176419
-0.182684
-0.188719
-0.194647
-0.200641
-0.206949
-0.21389
-0.221741
-0.231504
-0.24643
-0.0823183
-0.0919293
-0.101205
-0.11014
-0.118733
-0.126985
-0.134901
-0.142491
-0.149772
-0.156769
-0.163516
-0.170064
-0.176475
-0.182833
-0.189236
-0.19581
-0.202689
-0.209909
-0.218099
-0.230272
-0.072841
-0.0817864
-0.090456
-0.0988473
-0.10696
-0.114798
-0.122366
-0.129673
-0.136735
-0.143568
-0.150199
-0.156658
-0.162984
-0.169226
-0.175443
-0.181717
-0.188157
-0.194841
-0.202323
-0.212778
-0.0637969
-0.0720984
-0.0801704
-0.0880111
-0.0956209
-0.103002
-0.11016
-0.117101
-0.123836
-0.13038
-0.136752
-0.142975
-0.149082
-0.155114
-0.161125
-0.167186
-0.173386
-0.179781
-0.186709
-0.195395
-0.0551888
-0.0628719
-0.0703631
-0.0776606
-0.0847647
-0.0916774
-0.0984023
-0.104946
-0.111316
-0.117525
-0.123587
-0.129524
-0.135359
-0.141123
-0.146853
-0.152595
-0.158397
-0.164289
-0.170479
-0.177623
-0.0470132
-0.0541076
-0.0610402
-0.0678093
-0.0744145
-0.080857
-0.0871394
-0.0932659
-0.0992427
-0.105078
-0.110783
-0.11637
-0.121855
-0.127259
-0.132604
-0.137917
-0.143232
-0.148575
-0.154073
-0.160015
-0.039272
-0.0458086
-0.0522072
-0.0584656
-0.0645829
-0.0705591
-0.0763954
-0.082094
-0.0876587
-0.0930945
-0.0984081
-0.103608
-0.108703
-0.113708
-0.118636
-0.123506
-0.128338
-0.133153
-0.138004
-0.142977
-0.0319726
-0.037983
-0.0438739
-0.049643
-0.0552885
-0.0608092
-0.0662051
-0.0714768
-0.076626
-0.0816553
-0.0865685
-0.0913705
-0.0960673
-0.100666
-0.105176
-0.109606
-0.113969
-0.118278
-0.122535
-0.126746
-0.0251224
-0.0306401
-0.0360528
-0.0413579
-0.0465529
-0.0516357
-0.0566052
-0.0614607
-0.0662025
-0.0708313
-0.0753488
-0.0797571
-0.0840594
-0.0882593
-0.0923613
-0.0963706
-0.100294
-0.104139
-0.10788
-0.111504
-0.0187349
-0.0237939
-0.02876
-0.0336296
-0.0383996
-0.0430675
-0.0476309
-0.0520886
-0.0564393
-0.0606827
-0.0648189
-0.0688485
-0.0727725
-0.0765927
-0.0803109
-0.0839296
-0.0874531
-0.0908843
-0.0941849
-0.0973509
-0.0128199
-0.0174573
-0.022011
-0.0264771
-0.0308519
-0.0351324
-0.0393158
-0.0433999
-0.0473829
-0.0512635
-0.0550409
-0.0587146
-0.0622845
-0.0657512
-0.0691151
-0.0723773
-0.0755404
-0.078605
-0.0815313
-0.0843311
-0.00739419
-0.0116477
-0.015825
-0.0199218
-0.0239342
-0.0278585
-0.0316919
-0.0354314
-0.0390749
-0.0426205
-0.0460668
-0.0494127
-0.0526575
-0.0558008
-0.0588427
-0.0617834
-0.0646247
-0.0673658
-0.0699716
-0.0724661
-0.00247636
-0.00638498
-0.0102233
-0.013987
-0.0176718
-0.021274
-0.0247903
-0.0282176
-0.0315535
-0.0347956
-0.0379422
-0.0409918
-0.0439434
-0.0467963
-0.0495499
-0.0522044
-0.0547608
-0.0572178
-0.0595473
-0.0617792
0.0019104
-0.00169289
-0.00523085
-0.00869892
-0.0120929
-0.0154089
-0.0186434
-0.0217934
-0.0248559
-0.0278287
-0.0307096
-0.0334971
-0.0361899
-0.0387868
-0.0412874
-0.0436914
-0.0459995
-0.0482101
-0.0503025
-0.0523062
0.00573522
0.00239677
-0.000880418
-0.00409176
-0.00723301
-0.0103003
-0.0132901
-0.0161991
-0.0190246
-0.0217641
-0.0244153
-0.0269765
-0.0294463
-0.0318234
-0.0341072
-0.0362973
-0.0383939
-0.0403957
-0.0422883
-0.0440967
0.00896484
0.00584884
0.00279103
-0.000204276
-0.003133
-0.00599132
-0.00877573
-0.011483
-0.0141103
-0.0166551
-0.0191152
-0.0214886
-0.0237739
-0.0259697
-0.0280752
-0.0300899
-0.0320137
-0.0338454
-0.0355761
-0.0372239
0.0115293
0.00859414
0.00571463
0.0028948
0.000138519
-0.00255056
-0.00516903
-0.00771377
-0.010182
-0.0125712
-0.0148791
-0.0171039
-0.019244
-0.021298
-0.023265
-0.0251442
-0.0269354
-0.0286377
-0.0302462
-0.0317716
0.0133847
0.0105807
0.00782982
0.00513598
0.00250296
-6.56808e-05
-0.00256666
-0.00499693
-0.00735372
-0.00963453
-0.0118371
-0.0139595
-0.0160001
-0.0179574
-0.0198303
-0.0216179
-0.0233198
-0.0249352
-0.0264621
-0.0279048
0.0143648
0.0116544
0.00899532
0.00639083
0.00384423
0.0013586
-0.00106313
-0.00341824
-0.00570421
-0.0079187
-0.0100596
-0.012125
-0.0141131
-0.0160225
-0.0178517
-0.0195997
-0.0212656
-0.0228486
-0.0243476
-0.0257633
0.183171
0.167465
0.151649
0.136681
0.121446
0.106005
0.0905802
0.0752238
0.0599677
0.0448574
0.0299343
0.0152335
0.00078679
-0.0133765
-0.0272169
-0.0406458
-0.0539241
-0.0667132
-0.0790657
-0.0910055
0.174034
0.159017
0.143298
0.129134
0.114942
0.100545
0.0862132
0.0720034
0.057917
0.0439808
0.0302261
0.0166791
0.0033636
-0.00969746
-0.0224811
-0.0349417
-0.0471045
-0.0589305
-0.0703929
-0.0814853
0.162656
0.148408
0.133413
0.120222
0.10725
0.0940881
0.0809868
0.068027
0.0551953
0.0425027
0.0299734
0.0176279
0.0054839
-0.00644216
-0.0181446
-0.0296401
-0.0406735
-0.0515333
-0.0621156
-0.0723787
0.1514
0.138335
0.124517
0.11238
0.100571
0.08859
0.0766398
0.064826
0.0531389
0.0415789
0.030164
0.0189114
0.00783531
-0.00305015
-0.0137314
-0.0242009
-0.0343801
-0.044379
-0.0541359
-0.0636236
0.140744
0.128898
0.116347
0.105255
0.0945266
0.0836609
0.0728043
0.062068
0.0514504
0.0409459
0.0305665
0.0203268
0.0102384
0.00031261
-0.0094392
-0.0190077
-0.0283569
-0.0375419
-0.0465174
-0.0552692
0.130893
0.120182
0.108879
0.0988008
0.089078
0.079254
0.0694265
0.0596984
0.0500753
0.04055
0.0311299
0.021827
0.0126513
0.0036118
-0.00528264
-0.0140231
-0.0225858
-0.0310148
-0.03926
-0.0473173
0.121886
0.112228
0.102124
0.0930256
0.0842417
0.0753839
0.0665148
0.0577223
0.0490172
0.0403932
0.0318554
0.0234133
0.0150761
0.00685155
-0.00125229
-0.00922548
-0.0170478
-0.0247852
-0.0323542
-0.0397612
0.113741
0.105064
0.0960856
0.0879134
0.0799997
0.072029
0.064042
0.0561103
0.0482469
0.0404479
0.0327169
0.0250621
0.0174914
0.010012
0.00263094
-0.00464366
-0.0117992
-0.0188625
-0.0257973
-0.0326006
0.106473
0.0987025
0.0907556
0.083442
0.0763264
0.0691628
0.0619792
0.0548322
0.0477351
0.0406863
0.033689
0.0267502
0.019877
0.0130755
0.00635151
-0.000292637
-0.0068575
-0.0132651
-0.0196022
-0.0258442
0.100069
0.0931293
0.0861111
0.0795789
0.0731877
0.0667522
0.0602936
0.0538561
0.0474518
0.0410813
0.034748
0.0284585
0.0222196
0.0160377
0.00991927
0.00387024
-0.00210416
-0.00798043
-0.0137843
-0.0195023
0.0945003
0.0883125
0.082117
0.0762848
0.0705441
0.0647597
0.0589495
0.0531477
0.0473651
0.0416036
0.0358673
0.0301624
0.0244955
0.0188731
0.0133013
0.00778615
0.00233356
-0.0030438
-0.0083534
-0.0135864
0.0897222
0.0842076
0.07873
0.0735155
0.0683519
0.0631443
0.0579087
0.0526713
0.0474417
0.0422228
0.0370191
0.0318369
0.0266825
0.0215622
0.0164822
0.0114485
0.00646725
0.00154756
-0.00331173
-0.00810308
0.0856806
0.0807611
0.0759006
0.0712228
0.0665649
0.0618627
0.0571309
0.0523897
0.0476472
0.0429074
0.0381751
0.0334563
0.0287573
0.0240843
0.0194434
0.0148408
0.0102825
0.0057761
0.00132323
-0.00306887
0.0823147
0.0779133
0.0735749
0.0693561
0.0651351
0.0608701
0.0565746
0.0522643
0.0479463
0.0436249
0.0393051
0.034993
0.0306947
0.0264162
0.0221636
0.017943
0.0137605
0.00962277
0.00553279
0.00149787
0.0795606
0.075602
0.0716976
0.0678642
0.0640139
0.0601211
0.0561977
0.052256
0.0483023
0.044341
0.0403775
0.0364175
0.0324669
0.0285318
0.024618
0.0207315
0.0168784
0.013065
0.00929426
0.00557432
0.0773551
0.0737651
0.070213
0.0666953
0.0631521
0.059569
0.0559561
0.052323
0.0486755
0.0450181
0.0413562
0.0376952
0.0340409
0.0303991
0.0267757
0.0231763
0.0196071
0.0160743
0.0125782
0.00913035
0.0756418
0.0723474
0.0690713
0.0658034
0.0625059
0.059172
0.05581
0.0524275
0.0490298
0.0456214
0.0422074
0.0387931
0.0353841
0.031986
0.0286041
0.0252443
0.0219118
0.0186122
0.0153519
0.0121343
0.0743679
0.0712926
0.0682179
0.0651342
0.06202
0.0588737
0.0557019
0.0525108
0.0493052
0.0460896
0.0428689
0.0396483
0.0364328
0.0332278
0.0300385
0.0268702
0.0237278
0.0206164
0.0175465
0.0145155
0.0735165
0.0705848
0.0676409
0.0646788
0.0616885
0.0586708
0.055631
0.0525742
0.0495045
0.0464264
0.0433445
0.0402634
0.0371882
0.0341237
0.0310748
0.0280465
0.0250438
0.0220715
0.0191348
0.0162377
0.073047
0.0701598
0.0672547
0.0643301
0.0613824
0.0584137
0.0554288
0.0524321
0.0494278
0.0464203
0.0434136
0.0404123
0.0374208
0.0344434
0.0314846
0.0285488
0.0256403
0.0227633
0.0199235
0.0171226
0.208356
0.211021
0.215946
0.221417
0.226572
0.229695
0.230038
0.225325
0.21671
0.196775
0.206494
0.208789
0.212964
0.217346
0.221035
0.222373
0.220643
0.213818
0.203055
0.183658
0.204448
0.206369
0.209774
0.21307
0.215368
0.215124
0.211733
0.203511
0.191811
0.173484
0.202186
0.203697
0.206275
0.208422
0.20928
0.207451
0.202455
0.192997
0.180417
0.162623
0.199702
0.200776
0.202488
0.203458
0.202874
0.199516
0.193032
0.182515
0.169203
0.151928
0.196989
0.197609
0.198434
0.198225
0.196245
0.191471
0.183686
0.172352
0.158592
0.141956
0.194044
0.194197
0.194128
0.192759
0.189451
0.183401
0.174525
0.162614
0.148671
0.132744
0.190871
0.190549
0.189589
0.187096
0.182554
0.175382
0.16563
0.153358
0.13945
0.124281
0.187477
0.186682
0.184848
0.181289
0.175625
0.167501
0.157085
0.144647
0.130961
0.116587
0.183882
0.18262
0.17995
0.1754
0.168746
0.159845
0.148971
0.13654
0.12323
0.109679
0.180115
0.178403
0.174947
0.169501
0.162003
0.152501
0.141359
0.129085
0.116268
0.103549
0.176219
0.174082
0.169906
0.163672
0.155481
0.14555
0.134309
0.122312
0.110071
0.0981792
0.17225
0.169722
0.164906
0.158001
0.14927
0.139067
0.127871
0.116241
0.104623
0.0935362
0.168283
0.165405
0.160037
0.152585
0.143459
0.133122
0.122084
0.110882
0.0999029
0.0895808
0.164411
0.16123
0.155404
0.147525
0.138136
0.12778
0.116978
0.106234
0.0958816
0.0862686
0.160749
0.157316
0.151126
0.142934
0.133393
0.123102
0.112583
0.102297
0.0925304
0.0835552
0.157435
0.1538
0.147338
0.138932
0.129325
0.119153
0.108929
0.0990701
0.0898249
0.0814004
0.154632
0.150845
0.144193
0.135655
0.126042
0.116008
0.106056
0.0965644
0.0877513
0.0797726
0.152531
0.148641
0.141869
0.133262
0.12367
0.113761
0.104024
0.0948104
0.086316
0.0786636
0.151357
0.147408
0.140578
0.131942
0.122373
0.112541
0.10293
0.0938727
0.0855531
0.0780738
0.224048
0.228385
0.23736
0.249191
0.263971
0.280795
0.299691
0.319798
0.34112
0.362527
0.223966
0.228294
0.23725
0.249052
0.263787
0.280545
0.299354
0.319339
0.340514
0.361722
0.223801
0.228112
0.237031
0.248774
0.26342
0.280045
0.298681
0.31842
0.339306
0.360116
0.223555
0.227841
0.236703
0.248359
0.262871
0.279297
0.297675
0.317047
0.337497
0.357713
0.223228
0.227481
0.236269
0.247807
0.262142
0.278304
0.296339
0.315222
0.335096
0.354523
0.222822
0.227034
0.235729
0.247122
0.261235
0.277069
0.294678
0.312952
0.332109
0.350556
0.222338
0.226501
0.235076
0.246305
0.260155
0.275598
0.292696
0.310243
0.328546
0.345824
0.221777
0.225886
0.234301
0.245357
0.258904
0.273895
0.290401
0.307104
0.324419
0.340345
0.221142
0.225192
0.233539
0.244283
0.257488
0.271966
0.287799
0.303544
0.319742
0.334136
0.220434
0.22442
0.232597
0.243088
0.255911
0.269818
0.284899
0.299573
0.314529
0.327217
0.219657
0.223571
0.231557
0.24178
0.254178
0.267459
0.281708
0.295204
0.308796
0.319607
0.218811
0.222649
0.23044
0.240362
0.252295
0.264897
0.278237
0.290449
0.302561
0.311327
0.217901
0.221654
0.229242
0.238838
0.250269
0.262139
0.274494
0.285322
0.295842
0.302397
0.216929
0.220591
0.227965
0.237215
0.248106
0.259197
0.27049
0.27984
0.28866
0.292837
0.215899
0.219495
0.226612
0.235495
0.245811
0.256077
0.266232
0.274016
0.281028
0.282663
0.214813
0.218318
0.225187
0.23368
0.243386
0.252777
0.261717
0.267849
0.272938
0.271866
0.213674
0.217083
0.223701
0.231785
0.240847
0.24932
0.256969
0.261371
0.26441
0.260444
0.212488
0.215814
0.222182
0.229861
0.238278
0.245824
0.25214
0.254775
0.255655
0.248612
0.211259
0.214508
0.220629
0.227905
0.235679
0.242295
0.247248
0.248087
0.246696
0.236512
0.20996
0.213052
0.218793
0.225485
0.232379
0.237783
0.241055
0.239769
0.235643
0.221826
0.20996
0.213052
0.218793
0.225485
0.232379
0.237783
0.241055
0.239769
0.235643
0.221826
0.211259
0.214508
0.220629
0.227905
0.235679
0.242295
0.247248
0.248087
0.246696
0.236512
0.212488
0.215814
0.222182
0.229861
0.238278
0.245824
0.25214
0.254775
0.255655
0.248612
0.213674
0.217083
0.223701
0.231785
0.240847
0.24932
0.256969
0.261371
0.26441
0.260443
0.214813
0.218318
0.225187
0.23368
0.243386
0.252777
0.261717
0.267849
0.272938
0.271866
0.215899
0.219495
0.226612
0.235495
0.245811
0.256077
0.266232
0.274016
0.281028
0.282662
0.216929
0.220591
0.227965
0.237214
0.248106
0.259197
0.27049
0.27984
0.28866
0.292837
0.217901
0.221654
0.229242
0.238838
0.250269
0.262139
0.274494
0.285322
0.295842
0.302397
0.218811
0.222649
0.23044
0.240362
0.252295
0.264897
0.278237
0.290449
0.302561
0.311327
0.219657
0.223571
0.231557
0.24178
0.254178
0.267459
0.281708
0.295204
0.308796
0.319607
0.220434
0.22442
0.232597
0.243088
0.255911
0.269818
0.284899
0.299573
0.314529
0.327217
0.221142
0.225192
0.233539
0.244283
0.257488
0.271966
0.287799
0.303544
0.319742
0.334136
0.221777
0.225886
0.234301
0.245357
0.258904
0.273895
0.290401
0.307104
0.324419
0.340345
0.222338
0.226501
0.235076
0.246305
0.260155
0.275598
0.292696
0.310243
0.328546
0.345824
0.222822
0.227034
0.235729
0.247122
0.261235
0.277069
0.294678
0.312952
0.332109
0.350556
0.223228
0.227481
0.236269
0.247807
0.262142
0.278304
0.296339
0.315222
0.335096
0.354523
0.223555
0.227841
0.236703
0.248359
0.262871
0.279297
0.297675
0.317047
0.337497
0.357713
0.223801
0.228112
0.237031
0.248774
0.26342
0.280045
0.298681
0.31842
0.339306
0.360116
0.223966
0.228294
0.23725
0.249052
0.263787
0.280545
0.299354
0.319339
0.340514
0.361722
0.224048
0.228385
0.23736
0.249191
0.263971
0.280795
0.299691
0.319798
0.34112
0.362527
0.151357
0.147408
0.140578
0.131942
0.122373
0.112541
0.10293
0.0938726
0.085553
0.0780737
0.152531
0.148641
0.141869
0.133262
0.12367
0.113761
0.104024
0.0948104
0.086316
0.0786636
0.154632
0.150845
0.144193
0.135655
0.126042
0.116008
0.106056
0.0965644
0.0877512
0.0797725
0.157435
0.1538
0.147338
0.138932
0.129325
0.119153
0.108929
0.0990701
0.0898248
0.0814003
0.160749
0.157316
0.151126
0.142934
0.133393
0.123102
0.112583
0.102297
0.0925304
0.0835552
0.164411
0.16123
0.155404
0.147525
0.138136
0.12778
0.116978
0.106234
0.0958815
0.0862686
0.168283
0.165405
0.160037
0.152585
0.143459
0.133122
0.122084
0.110882
0.0999029
0.0895807
0.17225
0.169722
0.164906
0.158001
0.14927
0.139067
0.127871
0.116241
0.104623
0.0935362
0.176219
0.174082
0.169906
0.163672
0.155481
0.14555
0.134309
0.122312
0.11007
0.0981791
0.180115
0.178403
0.174947
0.169501
0.162003
0.152501
0.141359
0.129085
0.116268
0.103549
0.183882
0.18262
0.17995
0.1754
0.168746
0.159845
0.148971
0.13654
0.12323
0.109679
0.187477
0.186682
0.184848
0.181289
0.175625
0.167501
0.157085
0.144647
0.130961
0.116587
0.190871
0.190549
0.189589
0.187096
0.182553
0.175382
0.16563
0.153358
0.13945
0.124281
0.194044
0.194197
0.194128
0.192759
0.189451
0.183401
0.174525
0.162614
0.148671
0.132744
0.196989
0.197609
0.198434
0.198225
0.196245
0.191471
0.183686
0.172352
0.158592
0.141956
0.199702
0.200776
0.202488
0.203458
0.202874
0.199516
0.193032
0.182515
0.169203
0.151928
0.202186
0.203697
0.206275
0.208422
0.20928
0.207451
0.202455
0.192997
0.180417
0.162623
0.204448
0.206369
0.209774
0.21307
0.215368
0.215124
0.211733
0.203511
0.191811
0.173484
0.206494
0.208789
0.212964
0.217346
0.221035
0.222373
0.220643
0.213818
0.203055
0.183658
0.208356
0.211021
0.215946
0.221417
0.226572
0.229695
0.230038
0.225325
0.21671
0.196775
0.073047
0.0701598
0.0672546
0.0643301
0.0613824
0.0584137
0.0554287
0.052432
0.0494278
0.0464202
0.0434136
0.0404123
0.0374207
0.0344434
0.0314846
0.0285488
0.0256403
0.0227633
0.0199235
0.0171225
0.0735164
0.0705848
0.0676409
0.0646788
0.0616885
0.0586708
0.055631
0.0525741
0.0495045
0.0464264
0.0433444
0.0402634
0.0371882
0.0341236
0.0310747
0.0280465
0.0250438
0.0220715
0.0191348
0.0162376
0.0743679
0.0712925
0.0682179
0.0651341
0.06202
0.0588737
0.0557019
0.0525108
0.0493052
0.0460896
0.0428689
0.0396482
0.0364328
0.0332277
0.0300384
0.0268701
0.0237278
0.0206164
0.0175464
0.0145154
0.0756418
0.0723474
0.0690712
0.0658034
0.0625058
0.059172
0.05581
0.0524275
0.0490297
0.0456213
0.0422073
0.0387931
0.0353841
0.0319859
0.0286041
0.0252442
0.0219118
0.0186122
0.0153519
0.0121343
0.0773551
0.0737651
0.070213
0.0666953
0.063152
0.059569
0.0559561
0.052323
0.0486754
0.0450181
0.0413561
0.0376951
0.0340409
0.0303991
0.0267757
0.0231763
0.0196071
0.0160743
0.0125782
0.00913032
0.0795606
0.0756019
0.0716976
0.0678642
0.0640138
0.0601211
0.0561977
0.052256
0.0483022
0.044341
0.0403775
0.0364175
0.0324669
0.0285317
0.024618
0.0207315
0.0168784
0.013065
0.00929423
0.00557429
0.0823147
0.0779132
0.0735749
0.0693561
0.065135
0.0608701
0.0565746
0.0522643
0.0479462
0.0436248
0.0393051
0.034993
0.0306946
0.0264161
0.0221636
0.017943
0.0137604
0.00962274
0.00553276
0.00149784
0.0856806
0.0807611
0.0759005
0.0712227
0.0665649
0.0618627
0.0571308
0.0523896
0.0476472
0.0429074
0.0381751
0.0334563
0.0287573
0.0240843
0.0194434
0.0148408
0.0102825
0.00577607
0.0013232
-0.0030689
0.0897222
0.0842076
0.07873
0.0735155
0.0683519
0.0631442
0.0579086
0.0526713
0.0474416
0.0422227
0.0370191
0.0318369
0.0266825
0.0215622
0.0164821
0.0114485
0.00646722
0.00154753
-0.00331176
-0.00810311
0.0945003
0.0883125
0.082117
0.0762848
0.070544
0.0647596
0.0589495
0.0531477
0.047365
0.0416035
0.0358672
0.0301624
0.0244955
0.0188731
0.0133013
0.00778612
0.00233352
-0.00304384
-0.00835343
-0.0135865
0.100069
0.0931293
0.0861111
0.0795788
0.0731877
0.0667522
0.0602936
0.053856
0.0474518
0.0410812
0.034748
0.0284585
0.0222196
0.0160377
0.00991924
0.0038702
-0.0021042
-0.00798046
-0.0137843
-0.0195023
0.106473
0.0987025
0.0907556
0.0834419
0.0763264
0.0691627
0.0619791
0.0548322
0.0477351
0.0406863
0.0336889
0.0267502
0.0198769
0.0130755
0.00635148
-0.000292674
-0.00685753
-0.0132651
-0.0196023
-0.0258442
0.113741
0.105064
0.0960856
0.0879134
0.0799997
0.072029
0.064042
0.0561102
0.0482468
0.0404479
0.0327169
0.025062
0.0174913
0.0100119
0.0026309
-0.0046437
-0.0117993
-0.0188626
-0.0257973
-0.0326006
0.121886
0.112228
0.102124
0.0930256
0.0842417
0.0753838
0.0665147
0.0577222
0.0490171
0.0403932
0.0318553
0.0234133
0.015076
0.00685151
-0.00125233
-0.00922552
-0.0170479
-0.0247852
-0.0323543
-0.0397612
0.130893
0.120182
0.108879
0.0988007
0.089078
0.079254
0.0694265
0.0596983
0.0500753
0.04055
0.0311299
0.021827
0.0126512
0.00361176
-0.00528268
-0.0140231
-0.0225859
-0.0310148
-0.03926
-0.0473173
0.140744
0.128898
0.116347
0.105255
0.0945266
0.0836609
0.0728042
0.0620679
0.0514504
0.0409458
0.0305665
0.0203267
0.0102383
0.000312569
-0.00943924
-0.0190077
-0.0283569
-0.0375419
-0.0465174
-0.0552693
0.1514
0.138335
0.124517
0.11238
0.100571
0.08859
0.0766398
0.064826
0.0531389
0.0415788
0.030164
0.0189114
0.00783527
-0.0030502
-0.0137314
-0.024201
-0.0343802
-0.0443791
-0.054136
-0.0636236
0.162656
0.148408
0.133413
0.120222
0.10725
0.0940881
0.0809868
0.0680269
0.0551953
0.0425027
0.0299734
0.0176278
0.00548386
-0.0064422
-0.0181446
-0.0296401
-0.0406736
-0.0515334
-0.0621156
-0.0723788
0.174034
0.159017
0.143298
0.129134
0.114942
0.100545
0.0862132
0.0720034
0.057917
0.0439808
0.0302261
0.016679
0.00336356
-0.00969751
-0.0224811
-0.0349418
-0.0471046
-0.0589306
-0.070393
-0.0814853
0.183171
0.167465
0.151648
0.136681
0.121446
0.106005
0.0905802
0.0752237
0.0599677
0.0448574
0.0299342
0.0152334
0.000786746
-0.0133766
-0.0272169
-0.0406458
-0.0539242
-0.0667133
-0.0790657
-0.0910055
0.0143647
0.0116544
0.00899529
0.00639081
0.0038442
0.00135857
-0.00106316
-0.00341827
-0.00570423
-0.00791872
-0.0100596
-0.012125
-0.0141131
-0.0160225
-0.0178517
-0.0195998
-0.0212656
-0.0228486
-0.0243476
-0.0257633
0.0133847
0.0105807
0.00782979
0.00513595
0.00250294
-6.57059e-05
-0.00256668
-0.00499695
-0.00735375
-0.00963455
-0.0118371
-0.0139596
-0.0160001
-0.0179574
-0.0198303
-0.021618
-0.0233198
-0.0249352
-0.0264621
-0.0279048
0.0115293
0.00859411
0.0057146
0.00289478
0.000138493
-0.00255058
-0.00516905
-0.00771379
-0.010182
-0.0125712
-0.0148791
-0.0171039
-0.019244
-0.021298
-0.023265
-0.0251442
-0.0269354
-0.0286377
-0.0302462
-0.0317716
0.00896481
0.00584881
0.002791
-0.000204302
-0.00313302
-0.00599135
-0.00877576
-0.0114831
-0.0141104
-0.0166552
-0.0191152
-0.0214886
-0.0237739
-0.0259697
-0.0280753
-0.0300899
-0.0320137
-0.0338454
-0.0355761
-0.0372239
0.00573519
0.00239674
-0.000880444
-0.00409178
-0.00723304
-0.0103003
-0.0132901
-0.0161992
-0.0190247
-0.0217641
-0.0244153
-0.0269765
-0.0294463
-0.0318235
-0.0341073
-0.0362973
-0.0383939
-0.0403957
-0.0422883
-0.0440967
0.00191037
-0.00169292
-0.00523088
-0.00869895
-0.0120929
-0.0154089
-0.0186435
-0.0217934
-0.0248559
-0.0278287
-0.0307097
-0.0334972
-0.0361899
-0.0387869
-0.0412874
-0.0436914
-0.0459995
-0.0482101
-0.0503025
-0.0523062
-0.00247639
-0.00638501
-0.0102234
-0.013987
-0.0176718
-0.021274
-0.0247903
-0.0282176
-0.0315535
-0.0347956
-0.0379422
-0.0409918
-0.0439435
-0.0467963
-0.0495499
-0.0522044
-0.0547609
-0.0572178
-0.0595474
-0.0617792
-0.00739422
-0.0116478
-0.0158251
-0.0199218
-0.0239342
-0.0278586
-0.0316919
-0.0354314
-0.0390749
-0.0426206
-0.0460669
-0.0494127
-0.0526575
-0.0558009
-0.0588427
-0.0617834
-0.0646247
-0.0673658
-0.0699716
-0.0724662
-0.01282
-0.0174573
-0.022011
-0.0264771
-0.030852
-0.0351324
-0.0393158
-0.0433999
-0.0473829
-0.0512635
-0.0550409
-0.0587146
-0.0622846
-0.0657512
-0.0691151
-0.0723773
-0.0755405
-0.0786051
-0.0815313
-0.0843311
-0.0187349
-0.0237939
-0.02876
-0.0336296
-0.0383997
-0.0430675
-0.047631
-0.0520886
-0.0564393
-0.0606828
-0.064819
-0.0688485
-0.0727726
-0.0765927
-0.0803109
-0.0839296
-0.0874531
-0.0908843
-0.0941849
-0.0973509
-0.0251225
-0.0306401
-0.0360528
-0.041358
-0.0465529
-0.0516358
-0.0566052
-0.0614608
-0.0662025
-0.0708313
-0.0753488
-0.0797571
-0.0840594
-0.0882594
-0.0923614
-0.0963707
-0.100294
-0.104139
-0.10788
-0.111504
-0.0319726
-0.0379831
-0.0438739
-0.049643
-0.0552885
-0.0608093
-0.0662051
-0.0714768
-0.076626
-0.0816553
-0.0865686
-0.0913705
-0.0960673
-0.100666
-0.105176
-0.109606
-0.113969
-0.118278
-0.122535
-0.126746
-0.0392721
-0.0458087
-0.0522072
-0.0584657
-0.064583
-0.0705592
-0.0763954
-0.0820941
-0.0876587
-0.0930946
-0.0984081
-0.103608
-0.108703
-0.113708
-0.118636
-0.123506
-0.128338
-0.133153
-0.138004
-0.142977
-0.0470133
-0.0541076
-0.0610402
-0.0678093
-0.0744145
-0.080857
-0.0871394
-0.0932659
-0.0992427
-0.105078
-0.110783
-0.11637
-0.121855
-0.127259
-0.132604
-0.137917
-0.143232
-0.148575
-0.154073
-0.160015
-0.0551889
-0.062872
-0.0703631
-0.0776607
-0.0847648
-0.0916774
-0.0984023
-0.104946
-0.111316
-0.117525
-0.123587
-0.129524
-0.135359
-0.141123
-0.146853
-0.152595
-0.158397
-0.164289
-0.170479
-0.177623
-0.0637969
-0.0720984
-0.0801704
-0.0880112
-0.0956209
-0.103002
-0.11016
-0.117101
-0.123836
-0.13038
-0.136752
-0.142975
-0.149082
-0.155114
-0.161125
-0.167186
-0.173386
-0.179781
-0.186709
-0.195395
-0.072841
-0.0817865
-0.0904561
-0.0988473
-0.10696
-0.114798
-0.122366
-0.129673
-0.136735
-0.143569
-0.150199
-0.156658
-0.162984
-0.169226
-0.175443
-0.181717
-0.188157
-0.194841
-0.202323
-0.212778
-0.0823184
-0.0919294
-0.101205
-0.11014
-0.118734
-0.126985
-0.134901
-0.142491
-0.149772
-0.156769
-0.163516
-0.170064
-0.176476
-0.182833
-0.189236
-0.19581
-0.202689
-0.209909
-0.218099
-0.230272
-0.0921954
-0.102509
-0.112413
-0.1219
-0.13096
-0.13959
-0.147786
-0.155551
-0.162897
-0.169841
-0.176419
-0.182684
-0.188719
-0.194647
-0.200641
-0.20695
-0.21389
-0.221741
-0.231504
-0.24643
-0.102514
-0.113571
-0.124162
-0.134272
-0.143889
-0.153003
-0.161604
-0.169684
-0.177238
-0.184266
-0.190777
-0.196792
-0.202349
-0.207519
-0.212414
-0.217222
-0.222226
-0.227844
-0.235689
-0.249985
-0.0272955
-0.028923
-0.0304855
-0.0319618
-0.0333207
-0.0345203
-0.0355118
-0.0362416
-0.0366517
-0.0366799
-0.0362605
-0.0353297
-0.0338226
-0.031697
-0.0288817
-0.0254355
-0.021165
-0.0165486
-0.010625
-0.00534103
-0.0295362
-0.0311996
-0.0327375
-0.0341769
-0.0354981
-0.0366525
-0.0375848
-0.0382396
-0.0385591
-0.0384806
-0.037938
-0.0368683
-0.0352072
-0.0329159
-0.0299214
-0.0262965
-0.0218257
-0.0170513
-0.0108841
-0.00555737
-0.0336151
-0.0353563
-0.0368533
-0.0382275
-0.039481
-0.0405523
-0.0413762
-0.0418921
-0.0420419
-0.0417631
-0.0409911
-0.0396636
-0.0377178
-0.0351202
-0.0317989
-0.0278439
-0.0230207
-0.017941
-0.0113891
-0.00588797
-0.039367
-0.0412068
-0.0426323
-0.043902
-0.0450478
-0.0459894
-0.0466454
-0.0469543
-0.0468563
-0.0462892
-0.0451884
-0.0434939
-0.0411459
-0.0381187
-0.0343423
-0.0299305
-0.0246254
-0.0191284
-0.0120629
-0.00631221
-0.0466222
-0.0485756
-0.0498943
-0.0510159
-0.0520107
-0.0527727
-0.0532018
-0.0532328
-0.0528076
-0.0518643
-0.050339
-0.0481752
-0.0453172
-0.0417496
-0.0374056
-0.0324288
-0.0265329
-0.0205306
-0.012847
-0.0068119
-0.0552879
-0.0573582
-0.0585227
-0.0594432
-0.0602349
-0.0607596
-0.0608944
-0.0605717
-0.0597358
-0.058327
-0.0562831
-0.0535518
-0.0500832
-0.0458747
-0.0408631
-0.0352283
-0.0286503
-0.022075
-0.0136924
-0.00736579
-0.0652834
-0.0674609
-0.0684116
-0.0690673
-0.0695942
-0.0698157
-0.0695842
-0.0688272
-0.0674948
-0.0655315
-0.0628775
-0.0594857
-0.055313
-0.0503724
-0.0446051
-0.0382328
-0.0308973
-0.0236973
-0.014556
-0.00794997
-0.0765446
-0.0788017
-0.0794644
-0.0797814
-0.0799734
-0.0798165
-0.0791366
-0.0778619
-0.0759484
-0.0733437
-0.0699915
-0.0658516
-0.0608895
-0.0551351
-0.0485352
-0.041358
-0.0332042
-0.0253403
-0.0154012
-0.00853652
-0.089003
-0.0912859
-0.0915727
-0.091469
-0.0912488
-0.0906331
-0.0894206
-0.0875433
-0.0849641
-0.0816341
-0.0775012
-0.0725332
-0.0667049
-0.0600654
-0.0525676
-0.0445294
-0.0355111
-0.0269526
-0.0161981
-0.00909176
-0.10257
-0.104788
-0.104603
-0.103995
-0.103281
-0.102124
-0.100295
-0.0977321
-0.0944069
-0.090274
-0.0852855
-0.0794185
-0.0726581
-0.0650729
-0.0566245
-0.04768
-0.0377663
-0.0284872
-0.0169251
-0.00957537
-0.11711
-0.119129
-0.118382
-0.117195
-0.115911
-0.114129
-0.111602
-0.108279
-0.104135
-0.0991307
-0.093222
-0.0863965
-0.0786503
-0.0700717
-0.0606334
-0.0507482
-0.0399248
-0.0299013
-0.0175688
-0.00994138
-0.132418
-0.13406
-0.132687
-0.130872
-0.128948
-0.126465
-0.12317
-0.119021
-0.113998
-0.108065
-0.101184
-0.0933544
-0.0845834
-0.0749773
-0.0645251
-0.0536762
-0.0419472
-0.0311554
-0.0181236
-0.0101411
-0.148197
-0.149257
-0.147253
-0.144797
-0.142179
-0.138931
-0.134811
-0.129783
-0.123834
-0.116929
-0.109041
-0.100177
-0.0903588
-0.079707
-0.0682336
-0.0564099
-0.0437989
-0.0322142
-0.0185908
-0.0101279
-0.164054
-0.164341
-0.16179
-0.158727
-0.155378
-0.151314
-0.146326
-0.140384
-0.133475
-0.125572
-0.116658
-0.10675
-0.0958798
-0.0841811
-0.0716968
-0.0589
-0.0454502
-0.0330476
-0.0189765
-0.00986268
-0.179544
-0.17893
-0.176025
-0.172429
-0.16832
-0.163403
-0.157519
-0.15064
-0.142753
-0.133844
-0.123905
-0.11296
-0.101055
-0.0883257
-0.0748591
-0.0611034
-0.0468773
-0.0336327
-0.0192893
-0.00931959
-0.194183
-0.192705
-0.189746
-0.185692
-0.180789
-0.17499
-0.168195
-0.160365
-0.151499
-0.141595
-0.130655
-0.118703
-0.105798
-0.0920741
-0.0776722
-0.0629852
-0.0480625
-0.033955
-0.0195374
-0.00848957
-0.207428
-0.205462
-0.20284
-0.19834
-0.192581
-0.185879
-0.178165
-0.169388
-0.159564
-0.148702
-0.136806
-0.1239
-0.11005
-0.0953834
-0.0801087
-0.0645283
-0.049
-0.0340135
-0.0197281
-0.00738242
-0.219208
-0.217326
-0.215407
-0.210362
-0.203663
-0.196032
-0.187391
-0.177682
-0.166936
-0.155166
-0.142372
-0.128569
-0.113835
-0.0982782
-0.0821917
-0.065754
-0.0497061
-0.0338256
-0.0198676
-0.00602478
-0.229814
-0.228915
-0.22778
-0.222017
-0.214273
-0.205622
-0.195992
-0.185335
-0.173683
-0.161039
-0.14739
-0.132737
-0.117167
-0.100766
-0.0839221
-0.0666629
-0.0501768
-0.0333981
-0.0199496
-0.00445069
-0.24002
-0.241185
-0.239025
-0.232074
-0.223145
-0.213363
-0.202723
-0.191176
-0.178725
-0.165337
-0.150982
-0.135639
-0.119405
-0.102327
-0.0849116
-0.0669773
-0.0502497
-0.0326408
-0.0199339
-0.0027008
-0.263325
-0.253357
-0.243327
-0.234637
-0.22507
-0.214825
-0.203875
-0.192096
-0.179453
-0.165897
-0.151388
-0.135887
-0.119516
-0.102245
-0.084741
-0.0664926
-0.0499112
-0.0316549
-0.0198567
-0.00102988
-0.26776
-0.259984
-0.247679
-0.238056
-0.22789
-0.216985
-0.205492
-0.193275
-0.180261
-0.16638
-0.15158
-0.13581
-0.119204
-0.101701
-0.0840625
-0.0655812
-0.0491328
-0.0304392
-0.0195634
0.000669765
-0.26804
-0.26171
-0.248927
-0.23904
-0.228723
-0.217529
-0.205763
-0.193315
-0.180089
-0.166005
-0.151008
-0.135047
-0.118268
-0.100601
-0.082881
-0.0642589
-0.047994
-0.0289713
-0.0191185
0.00255529
-0.268691
-0.262708
-0.249408
-0.239181
-0.228734
-0.21737
-0.205446
-0.192866
-0.179509
-0.165289
-0.150151
-0.134047
-0.117135
-0.0993417
-0.081566
-0.0628282
-0.0467676
-0.0274183
-0.018643
0.00457303
-0.268738
-0.262879
-0.249284
-0.238802
-0.228268
-0.21681
-0.204791
-0.192126
-0.178676
-0.164352
-0.1491
-0.132878
-0.115856
-0.0979581
-0.0801462
-0.0613092
-0.0454709
-0.0257905
-0.0181424
0.0067116
-0.26795
-0.262056
-0.248394
-0.237795
-0.227252
-0.215787
-0.203744
-0.191045
-0.177543
-0.163147
-0.147809
-0.131495
-0.114389
-0.0964116
-0.0785854
-0.0596733
-0.0440783
-0.0240759
-0.0176018
0.00896143
-0.266456
-0.26041
-0.246851
-0.236231
-0.225731
-0.214323
-0.20231
-0.189621
-0.176102
-0.161666
-0.146271
-0.129892
-0.112727
-0.0946984
-0.0768812
-0.0579208
-0.0425893
-0.0222802
-0.0170177
0.011304
-0.264334
-0.25808
-0.24478
-0.234221
-0.223798
-0.212488
-0.200544
-0.187893
-0.174385
-0.159933
-0.144505
-0.128088
-0.110888
-0.0928351
-0.0750496
-0.0560671
-0.0410168
-0.0204185
-0.0163932
0.0137145
-0.261668
-0.255193
-0.242287
-0.231859
-0.22154
-0.210355
-0.198502
-0.185909
-0.172429
-0.157982
-0.142542
-0.126108
-0.108897
-0.0908447
-0.073112
-0.0541324
-0.0393779
-0.0185098
-0.0157338
0.0161637
-0.258575
-0.251889
-0.239483
-0.229241
-0.219044
-0.207996
-0.196248
-0.183723
-0.170282
-0.155853
-0.140418
-0.123987
-0.106785
-0.0887562
-0.071095
-0.0521419
-0.0376935
-0.0165768
-0.0150471
0.018618
-0.255182
-0.248318
-0.236486
-0.226465
-0.216397
-0.205491
-0.193849
-0.181394
-0.167999
-0.153597
-0.138179
-0.121767
-0.104592
-0.0866064
-0.0690324
-0.0501264
-0.0359896
-0.0146469
-0.0143436
0.0210401
-0.251623
-0.244627
-0.233409
-0.223626
-0.213689
-0.202918
-0.191378
-0.178991
-0.165643
-0.151274
-0.135882
-0.119501
-0.102366
-0.0844394
-0.0669647
-0.0481228
-0.0342971
-0.0127518
-0.0136366
0.0233896
-0.248033
-0.240957
-0.230361
-0.220819
-0.211007
-0.200361
-0.188913
-0.176587
-0.163282
-0.148948
-0.133589
-0.117247
-0.100162
-0.0823059
-0.064938
-0.046173
-0.0326511
-0.0109267
-0.0129418
0.025624
-0.244549
-0.237441
-0.227448
-0.218134
-0.208436
-0.197899
-0.18653
-0.174257
-0.160992
-0.146691
-0.131367
-0.115069
-0.0980405
-0.0802615
-0.0630029
-0.0443223
-0.0310898
-0.00920994
-0.0122766
0.0277001
-0.241293
-0.234197
-0.224761
-0.215654
-0.206056
-0.195611
-0.184308
-0.172078
-0.158846
-0.144577
-0.129287
-0.113035
-0.0960645
-0.0783641
-0.0612122
-0.0426184
-0.029653
-0.00764097
-0.0116596
0.0295753
-0.238382
-0.231331
-0.222387
-0.213457
-0.203942
-0.193571
-0.182319
-0.170124
-0.156919
-0.142677
-0.12742
-0.111212
-0.0942971
-0.076672
-0.059619
-0.0411085
-0.0283805
-0.00625914
-0.0111095
0.0312092
-0.235919
-0.228932
-0.220396
-0.21161
-0.202161
-0.191847
-0.180634
-0.168464
-0.155281
-0.141062
-0.125833
-0.109664
-0.0927986
-0.0752405
-0.0582736
-0.0398377
-0.0273098
-0.00510162
-0.0106443
0.032565
-0.233993
-0.22707
-0.21885
-0.210171
-0.200771
-0.190498
-0.179313
-0.16716
-0.153992
-0.139791
-0.124584
-0.108447
-0.0916225
-0.0741188
-0.0572209
-0.0388457
-0.0264743
-0.0042014
-0.0102799
0.0336114
-0.23267
-0.225798
-0.217792
-0.209186
-0.199817
-0.189571
-0.178403
-0.166262
-0.153104
-0.138914
-0.123723
-0.107608
-0.0908125
-0.0733471
-0.0564974
-0.0381651
-0.0259012
-0.00358533
-0.0100293
0.0343234
-0.231997
-0.225153
-0.217256
-0.208686
-0.199332
-0.189099
-0.17794
-0.165804
-0.15265
-0.138467
-0.123284
-0.107181
-0.0903994
-0.0729539
-0.056129
-0.0378189
-0.0256097
-0.00327239
-0.00990154
0.0346839
)
;

boundaryField
{
    inlet
    {
        type            zeroGradient;
    }
    outlet
    {
        type            fixedValue;
        value           uniform 0;
    }
    cylinder
    {
        type            zeroGradient;
    }
    top
    {
        type            symmetryPlane;
    }
    bottom
    {
        type            symmetryPlane;
    }
    defaultFaces
    {
        type            empty;
    }
}


// ************************************************************************* //
