2 	-3.93236 	-1.24028e-18 	1.12084 	-0.000184186 	0
2 	-3.79943 	-3.9291e-18 	1.1214 	-0.000542168 	0
2 	-3.67115 	-4.53626e-18 	1.12246 	-0.000914658 	0
2 	-3.54734 	-6.87813e-18 	1.12396 	-0.00130217 	0
2 	-3.42786 	-8.61286e-18 	1.12584 	-0.00171832 	0
2 	-3.31256 	-9.9139e-18 	1.12806 	-0.0021724 	0
2 	-3.20128 	-1.19088e-17 	1.13057 	-0.00267284 	0
2 	-3.09388 	-1.32966e-17 	1.1333 	-0.00322865 	0
2 	-2.99024 	-1.52915e-17 	1.13623 	-0.00384859 	0
2 	-2.89021 	-1.72865e-17 	1.13929 	-0.00454142 	0
2 	-2.79368 	-1.79804e-17 	1.14243 	-0.00531583 	0
2 	-2.70052 	-1.79804e-17 	1.14563 	-0.00618028 	0
2 	-2.61061 	-2.12763e-17 	1.14881 	-0.00714336 	0
2 	-2.52385 	-2.39652e-17 	1.15195 	-0.0082134 	0
2 	-2.44011 	-2.70877e-17 	1.15499 	-0.00939855 	0
2 	-2.35929 	-3.15112e-17 	1.15789 	-0.0107067 	0
2 	-2.2813 	-3.22051e-17 	1.16061 	-0.0121452 	0
2 	-2.20604 	-3.22051e-17 	1.16311 	-0.0137214 	0
2 	-2.1334 	-3.42e-17 	1.16534 	-0.0154419 	0
2 	-2.06329 	-3.6195e-17 	1.16729 	-0.0173124 	0
2 	-1.99564 	-3.6195e-17 	1.16892 	-0.019338 	0
2 	-1.93035 	-3.6195e-17 	1.17019 	-0.0215218 	0
2 	-1.86734 	-3.6195e-17 	1.17108 	-0.0238653 	0
2 	-1.80652 	-3.55878e-17 	1.17155 	-0.0263679 	0
2 	-1.74784 	-3.49807e-17 	1.17153 	-0.0290275 	0
2 	-1.6912 	-3.56745e-17 	1.17099 	-0.0318402 	0
2 	-1.63654 	-3.70623e-17 	1.16987 	-0.034801 	0
2 	-1.58379 	-3.84501e-17 	1.16811 	-0.037903 	0
2 	-1.53288 	-3.9144e-17 	1.16567 	-0.041136 	0
2 	-1.48375 	-3.9144e-17 	1.16249 	-0.0444841 	0
2 	-1.43633 	-3.98379e-17 	1.15849 	-0.0479219 	0
2 	-1.39057 	-4.05318e-17 	1.15352 	-0.0514103 	0
2 	-1.34641 	-4.25267e-17 	1.14738 	-0.0548917 	0
2 	-1.30379 	-4.52155e-17 	1.13979 	-0.0582883 	0
2 	-1.26266 	-4.59094e-17 	1.13034 	-0.0615018 	0
2 	-1.22296 	-4.48686e-17 	1.11859 	-0.0644148 	0
2 	-1.18466 	-4.38277e-17 	1.10403 	-0.0668917 	0
2 	-1.14768 	-4.38277e-17 	1.08621 	-0.0687759 	0
2 	-1.112 	-4.38277e-17 	1.06471 	-0.0698924 	0
2 	-1.07757 	-4.38277e-17 	1.03914 	-0.0702327 	0
2 	-1.03863 	-4.20514e-17 	1.00085 	-0.0706158 	-1.66603e-21
2 	-1.01586 	-3.9958e-17 	0.938305 	-0.0820426 	1.8745e-20
2 	-0.993217 	-4.09841e-17 	0.951563 	-0.0491928 	3.81449e-21
2 	-0.948059 	-4.40032e-17 	0.87842 	-0.0518387 	4.02207e-21
2 	-0.900995 	-4.85292e-17 	0.787597 	-0.0529144 	-5.42854e-21
2 	-0.876272 	-5.07208e-17 	0.679565 	-0.0515147 	-4.01988e-21
2 	-0.851886 	-4.48071e-17 	0.714175 	-0.0105443 	-8.42531e-21
2 	-0.803473 	-3.76615e-17 	0.595089 	-0.00376318 	-2.80656e-21
2 	-0.753096 	-3.74524e-17 	0.467165 	0.0024424 	2.96229e-21
2 	-0.71814 	-3.83767e-17 	0.34012 	0.00503667 	7.72453e-21
2 	-0.692197 	-3.7545e-17 	0.375632 	0.0607995 	-9.08609e-21
2 	-0.649352 	-3.747e-17 	0.247985 	0.0664449 	-2.87618e-22
2 	-0.596093 	-3.59978e-17 	0.136085 	0.0637354 	-3.51026e-21
2 	-0.541991 	-3.50827e-17 	0.0470274 	0.0497914 	1.3494e-20
2 	-0.502352 	-3.52256e-17 	-0.0141405 	0.0259326 	-1.11575e-20
2 	-0.474727 	-3.50998e-17 	-0.0235259 	0.113179 	2.10313e-20
2 	-0.431525 	-3.67761e-17 	-0.0729825 	0.0902344 	1.99994e-20
2 	-0.375304 	-3.95517e-17 	-0.0929976 	0.0574335 	2.29795e-20
2 	-0.318526 	-3.87104e-17 	-0.0874037 	0.0180949 	3.69691e-21
2 	-0.261272 	-3.63218e-17 	-0.061341 	-0.0245894 	2.72519e-20
2 	-0.203624 	-3.69048e-17 	-0.019934 	-0.0695325 	-9.92926e-23
2 	-0.145668 	-3.87722e-17 	0.0338011 	-0.115418 	-5.4871e-20
2 	-0.0874897 	-3.70676e-17 	0.0982235 	-0.159152 	-4.07438e-21
2 	-0.0291781 	-3.87305e-17 	0.172379 	-0.199453 	-5.50307e-21
2 	0.0291781 	-4.8098e-17 	0.254146 	-0.236002 	6.17877e-21
2 	0.0874897 	-4.85168e-17 	0.341382 	-0.268331 	4.04768e-21
2 	0.145668 	-4.38029e-17 	0.432053 	-0.296299 	8.09881e-20
2 	0.203624 	-4.08946e-17 	0.524246 	-0.320002 	1.92457e-21
2 	0.261272 	-4.15259e-17 	0.616393 	-0.339691 	-6.60781e-20
2 	0.318526 	-4.21799e-17 	0.707399 	-0.355705 	-6.59857e-21
2 	0.375304 	-3.7817e-17 	0.796627 	-0.368409 	-6.64512e-20
2 	0.431525 	-3.46945e-17 	0.883653 	-0.377965 	-7.46092e-20
2 	0.474727 	-3.39422e-17 	0.967936 	-0.384218 	-1.32631e-19
2 	0.502352 	-3.37209e-17 	0.994477 	-0.467646 	6.64125e-20
2 	0.541991 	-3.71644e-17 	1.06944 	-0.463521 	-1.53391e-19
2 	0.596093 	-4.32836e-17 	1.13764 	-0.454526 	1.00115e-19
2 	0.649352 	-4.85723e-17 	1.19745 	-0.440595 	3.5498e-20
2 	0.692197 	-5.188e-17 	1.24749 	-0.422032 	6.08086e-20
2 	0.71814 	-5.30587e-17 	1.23137 	-0.469196 	1.04319e-19
2 	0.753096 	-5.38455e-17 	1.26525 	-0.442311 	5.74066e-21
2 	0.803473 	-5.30138e-17 	1.29031 	-0.413414 	3.18681e-20
2 	0.851886 	-5.30313e-17 	1.30748 	-0.383479 	-8.32816e-20
2 	0.876272 	-5.3047e-17 	1.2693 	-0.412283 	-1.37125e-20
2 	0.900995 	-5.11313e-17 	1.28013 	-0.381379 	-5.23727e-20
2 	0.948059 	-5.04217e-17 	1.2869 	-0.351871 	6.91687e-20
2 	0.993217 	-5.19971e-17 	1.29078 	-0.32445 	-7.57489e-20
2 	1.01586 	-5.37466e-17 	1.25128 	-0.346551 	1.16319e-19
2 	1.03863 	-5.34138e-17 	1.25656 	-0.317442 	-1.10432e-20
2 	1.07757 	-5.19809e-17 	1.26005 	-0.289987 	0
2 	1.112 	-5.19809e-17 	1.2572 	-0.278509 	0
2 	1.14768 	-5.19809e-17 	1.25238 	-0.267237 	0
2 	1.18466 	-5.19809e-17 	1.24673 	-0.255633 	0
2 	1.22296 	-5.19809e-17 	1.2407 	-0.244135 	0
2 	1.26266 	-5.06799e-17 	1.23452 	-0.232814 	0
2 	1.30379 	-4.87717e-17 	1.22829 	-0.221663 	0
2 	1.34641 	-4.88584e-17 	1.22204 	-0.210692 	0
2 	1.39057 	-4.95523e-17 	1.21583 	-0.199916 	0
2 	1.43633 	-5.02462e-17 	1.20967 	-0.189346 	0
2 	1.48375 	-5.09401e-17 	1.20358 	-0.178992 	0
2 	1.53288 	-5.22412e-17 	1.19757 	-0.168868 	0
2 	1.58379 	-5.2935e-17 	1.19167 	-0.158987 	0
2 	1.63654 	-5.30218e-17 	1.18589 	-0.149359 	0
2 	1.6912 	-5.57106e-17 	1.18026 	-0.139996 	0
2 	1.74784 	-5.77055e-17 	1.1748 	-0.130909 	0
2 	1.80652 	-5.83994e-17 	1.16951 	-0.122105 	0
2 	1.86734 	-5.77923e-17 	1.16439 	-0.113594 	0
2 	1.93035 	-5.64912e-17 	1.15945 	-0.10538 	0
2 	1.99564 	-5.64912e-17 	1.15469 	-0.0974717 	0
2 	2.06329 	-5.47565e-17 	1.15009 	-0.0898738 	0
2 	2.1334 	-5.30218e-17 	1.14566 	-0.082592 	0
2 	2.20604 	-5.17207e-17 	1.14138 	-0.0756307 	0
2 	2.2813 	-5.04197e-17 	1.13727 	-0.0689933 	0
2 	2.35929 	-5.04197e-17 	1.13332 	-0.0626816 	0
2 	2.44011 	-5.04197e-17 	1.12954 	-0.0566961 	0
2 	2.52385 	-5.17207e-17 	1.12593 	-0.0510349 	0
2 	2.61061 	-5.17207e-17 	1.12249 	-0.0456946 	0
2 	2.70052 	-5.04197e-17 	1.11924 	-0.0406691 	0
2 	2.79368 	-5.04197e-17 	1.11617 	-0.0359501 	0
2 	2.89021 	-5.11136e-17 	1.11331 	-0.0315267 	0
2 	2.99024 	-5.12003e-17 	1.11065 	-0.0273849 	0
2 	3.09388 	-5.05932e-17 	1.10821 	-0.0235076 	0
2 	3.20128 	-5.05932e-17 	1.106 	-0.0198743 	0
2 	3.31256 	-5.05932e-17 	1.10404 	-0.0164604 	0
2 	3.42786 	-5.05932e-17 	1.10235 	-0.0132366 	0
2 	3.54734 	-5.12871e-17 	1.10093 	-0.0101683 	0
2 	3.67115 	-5.26748e-17 	1.09982 	-0.00721409 	0
2 	3.79943 	-5.33687e-17 	1.09905 	-0.00432761 	0
2 	3.93236 	-5.3603e-17 	1.09864 	-0.00144427 	0
