2 	-3.93236 	-1.24028e-18 	1.11897 	0.00117764 	0
2 	-3.79943 	-3.9291e-18 	1.11971 	0.00351801 	0
2 	-3.67115 	-4.53626e-18 	1.12111 	0.00581553 	0
2 	-3.54734 	-6.87813e-18 	1.12312 	0.00810556 	0
2 	-3.42786 	-8.61286e-18 	1.1257 	0.010404 	0
2 	-3.31256 	-9.9139e-18 	1.12879 	0.0127266 	0
2 	-3.20128 	-1.19088e-17 	1.13236 	0.0150844 	0
2 	-3.09388 	-1.32966e-17 	1.13639 	0.0174846 	0
2 	-2.99024 	-1.52915e-17 	1.14084 	0.0199313 	0
2 	-2.89021 	-1.72865e-17 	1.14569 	0.0224255 	0
2 	-2.79368 	-1.79804e-17 	1.15091 	0.0249659 	0
2 	-2.70052 	-1.79804e-17 	1.15649 	0.0275487 	0
2 	-2.61061 	-2.12763e-17 	1.16241 	0.0301681 	0
2 	-2.52385 	-2.39652e-17 	1.16864 	0.0328164 	0
2 	-2.44011 	-2.70877e-17 	1.17517 	0.0354844 	0
2 	-2.35929 	-3.15112e-17 	1.18198 	0.0381613 	0
2 	-2.2813 	-3.22051e-17 	1.18906 	0.040835 	0
2 	-2.20604 	-3.22051e-17 	1.19641 	0.0434924 	0
2 	-2.1334 	-3.42e-17 	1.204 	0.0461196 	0
2 	-2.06329 	-3.6195e-17 	1.21183 	0.0487019 	0
2 	-1.99564 	-3.6195e-17 	1.21991 	0.0512246 	0
2 	-1.93035 	-3.6195e-17 	1.22823 	0.0536726 	0
2 	-1.86734 	-3.6195e-17 	1.23679 	0.0560311 	0
2 	-1.80652 	-3.55878e-17 	1.24559 	0.0582849 	0
2 	-1.74784 	-3.49807e-17 	1.25461 	0.0604182 	0
2 	-1.6912 	-3.56745e-17 	1.26384 	0.0624141 	0
2 	-1.63654 	-3.70623e-17 	1.27324 	0.064255 	0
2 	-1.58379 	-3.84501e-17 	1.28278 	0.0659224 	0
2 	-1.53288 	-3.9144e-17 	1.29245 	0.067398 	0
2 	-1.48375 	-3.9144e-17 	1.30221 	0.0686646 	0
2 	-1.43633 	-3.98379e-17 	1.31203 	0.069706 	0
2 	-1.39057 	-4.05318e-17 	1.32185 	0.0705065 	0
2 	-1.34641 	-4.25267e-17 	1.3316 	0.0710489 	0
2 	-1.30379 	-4.52155e-17 	1.3411 	0.071312 	0
2 	-1.26266 	-4.59094e-17 	1.35014 	0.0712699 	0
2 	-1.22296 	-4.48686e-17 	1.35839 	0.0708951 	0
2 	-1.18466 	-4.38277e-17 	1.36544 	0.0701323 	0
2 	-1.14768 	-4.38277e-17 	1.37081 	0.0688037 	0
2 	-1.112 	-4.38277e-17 	1.37397 	0.066658 	0
2 	-1.07757 	-4.38277e-17 	1.37442 	0.0643932 	0
2 	-1.03863 	-4.20514e-17 	1.37111 	0.0651104 	1.05961e-20
2 	-1.01586 	-3.9958e-17 	1.35839 	0.0739397 	-1.00344e-19
2 	-0.993217 	-4.09841e-17 	1.33884 	0.0350991 	-5.16423e-20
2 	-0.948059 	-4.40032e-17 	1.30962 	0.0351984 	-4.46845e-20
2 	-0.900995 	-4.85292e-17 	1.26709 	0.0318163 	3.39602e-20
2 	-0.876272 	-5.07208e-17 	1.2114 	0.0242373 	1.46683e-20
2 	-0.851886 	-4.48071e-17 	1.16898 	-0.01556 	5.0126e-20
2 	-0.803473 	-3.76615e-17 	1.09442 	-0.0306509 	-4.17734e-21
2 	-0.753096 	-3.74524e-17 	1.01503 	-0.0509521 	-1.5482e-20
2 	-0.71814 	-3.83767e-17 	0.935365 	-0.0754678 	-5.83559e-20
2 	-0.692197 	-3.7545e-17 	0.875143 	-0.111777 	9.38402e-20
2 	-0.649352 	-3.747e-17 	0.793999 	-0.142297 	-1.73205e-20
2 	-0.596093 	-3.59978e-17 	0.716535 	-0.175813 	-4.90575e-20
2 	-0.541991 	-3.50827e-17 	0.639698 	-0.212128 	7.14166e-20
2 	-0.502352 	-3.52256e-17 	0.560587 	-0.251442 	-3.95014e-20
2 	-0.474727 	-3.50998e-17 	0.486871 	-0.284214 	5.75528e-20
2 	-0.431525 	-3.67761e-17 	0.400832 	-0.328957 	3.30551e-20
2 	-0.375304 	-3.95517e-17 	0.313364 	-0.376288 	3.07029e-20
2 	-0.318526 	-3.87104e-17 	0.227577 	-0.425369 	2.58133e-21
2 	-0.261272 	-3.63218e-17 	0.147381 	-0.474862 	2.28176e-20
2 	-0.203624 	-3.69048e-17 	0.0771072 	-0.522992 	-6.49924e-22
2 	-0.145668 	-3.87722e-17 	0.0213416 	-0.567638 	-4.10806e-20
2 	-0.0874897 	-3.70676e-17 	-0.0154892 	-0.606426 	-3.38344e-21
2 	-0.0291781 	-3.87305e-17 	-0.0297284 	-0.636981 	-3.44891e-21
2 	0.0291781 	-4.8098e-17 	-0.0189234 	-0.65727 	3.5623e-21
2 	0.0874897 	-4.85168e-17 	0.0173373 	-0.666103 	1.88742e-21
2 	0.145668 	-4.38029e-17 	0.0768177 	-0.663604 	4.09636e-20
2 	0.203624 	-4.08946e-17 	0.154729 	-0.651666 	4.08445e-22
2 	0.261272 	-4.15259e-17 	0.24508 	-0.633356 	-3.23824e-20
2 	0.318526 	-4.21799e-17 	0.341729 	-0.611642 	-3.85761e-21
2 	0.375304 	-3.7817e-17 	0.43965 	-0.588591 	-2.87277e-20
2 	0.431525 	-3.46945e-17 	0.535446 	-0.565047 	-3.31412e-20
2 	0.474727 	-3.39422e-17 	0.626898 	-0.541031 	-5.09782e-20
2 	0.502352 	-3.37209e-17 	0.579116 	-0.520191 	2.04127e-20
2 	0.541991 	-3.71644e-17 	0.663071 	-0.493887 	-5.28311e-20
2 	0.596093 	-4.32836e-17 	0.739818 	-0.468221 	3.49391e-20
2 	0.649352 	-4.85723e-17 	0.808553 	-0.442996 	1.42112e-20
2 	0.692197 	-5.188e-17 	0.868874 	-0.418162 	2.75608e-20
2 	0.71814 	-5.30587e-17 	0.815552 	-0.390706 	2.60782e-20
2 	0.753096 	-5.38455e-17 	0.868667 	-0.368596 	-1.8397e-22
2 	0.803473 	-5.30138e-17 	0.914291 	-0.347578 	1.92733e-20
2 	0.851886 	-5.30313e-17 	0.9532 	-0.327585 	-2.48183e-20
2 	0.876272 	-5.3047e-17 	0.904604 	-0.301344 	1.65295e-21
2 	0.900995 	-5.11313e-17 	0.940152 	-0.285494 	-1.58057e-20
2 	0.948059 	-5.04217e-17 	0.971062 	-0.270651 	2.62053e-20
2 	0.993217 	-5.19971e-17 	0.998388 	-0.258322 	-2.57722e-20
2 	1.01586 	-5.37466e-17 	0.957928 	-0.235382 	1.67669e-20
2 	1.03863 	-5.34138e-17 	0.984829 	-0.225812 	-1.69559e-21
2 	1.07757 	-5.19809e-17 	1.00406 	-0.204245 	0
2 	1.112 	-5.19809e-17 	1.01471 	-0.191845 	0
2 	1.14768 	-5.19809e-17 	1.02329 	-0.180351 	0
2 	1.18466 	-5.19809e-17 	1.03059 	-0.168978 	0
2 	1.22296 	-5.19809e-17 	1.03709 	-0.157873 	0
2 	1.26266 	-5.06799e-17 	1.04306 	-0.14711 	0
2 	1.30379 	-4.87717e-17 	1.04865 	-0.136694 	0
2 	1.34641 	-4.88584e-17 	1.05393 	-0.126631 	0
2 	1.39057 	-4.95523e-17 	1.05893 	-0.116934 	0
2 	1.43633 	-5.02462e-17 	1.06367 	-0.107616 	0
2 	1.48375 	-5.09401e-17 	1.06814 	-0.0986918 	0
2 	1.53288 	-5.22412e-17 	1.07235 	-0.0901735 	0
2 	1.58379 	-5.2935e-17 	1.0763 	-0.0820721 	0
2 	1.63654 	-5.30218e-17 	1.07997 	-0.0743962 	0
2 	1.6912 	-5.57106e-17 	1.08339 	-0.0671511 	0
2 	1.74784 	-5.77055e-17 	1.08655 	-0.0603394 	0
2 	1.80652 	-5.83994e-17 	1.08946 	-0.0539608 	0
2 	1.86734 	-5.77923e-17 	1.09212 	-0.0480125 	0
2 	1.93035 	-5.64912e-17 	1.09452 	-0.0424894 	0
2 	1.99564 	-5.64912e-17 	1.09667 	-0.0373851 	0
2 	2.06329 	-5.47565e-17 	1.09854 	-0.0326911 	0
2 	2.1334 	-5.30218e-17 	1.10014 	-0.0283973 	0
2 	2.20604 	-5.17207e-17 	1.10146 	-0.0244921 	0
2 	2.2813 	-5.04197e-17 	1.10251 	-0.0209619 	0
2 	2.35929 	-5.04197e-17 	1.10329 	-0.0177908 	0
2 	2.44011 	-5.04197e-17 	1.10382 	-0.0149621 	0
2 	2.52385 	-5.17207e-17 	1.10411 	-0.0124575 	0
2 	2.61061 	-5.17207e-17 	1.10418 	-0.0102575 	0
2 	2.70052 	-5.04197e-17 	1.10406 	-0.00834214 	0
2 	2.79368 	-5.04197e-17 	1.10378 	-0.00669107 	0
2 	2.89021 	-5.11136e-17 	1.10336 	-0.00528323 	0
2 	2.99024 	-5.12003e-17 	1.10283 	-0.00409801 	0
2 	3.09388 	-5.05932e-17 	1.10222 	-0.00311442 	0
2 	3.20128 	-5.05932e-17 	1.10157 	-0.00231115 	0
2 	3.31256 	-5.05932e-17 	1.10092 	-0.00166786 	0
2 	3.42786 	-5.05932e-17 	1.10029 	-0.00116349 	0
2 	3.54734 	-5.12871e-17 	1.09972 	-0.000776063 	0
2 	3.67115 	-5.26748e-17 	1.09924 	-0.000482713 	0
2 	3.79943 	-5.33687e-17 	1.09889 	-0.00026174 	0
2 	3.93236 	-5.3603e-17 	1.09871 	-8.04184e-05 	0
