2 	-3.93236 	-1.24028e-18 	0.000782785
2 	-3.79943 	-3.9291e-18 	0.000422992
2 	-3.67115 	-4.53626e-18 	-0.000262839
2 	-3.54734 	-6.87813e-18 	-0.0012493
2 	-3.42786 	-8.61286e-18 	-0.00251409
2 	-3.31256 	-9.9139e-18 	-0.00403936
2 	-3.20128 	-1.19088e-17 	-0.00581015
2 	-3.09388 	-1.32966e-17 	-0.0078138
2 	-2.99024 	-1.52915e-17 	-0.0100396
2 	-2.89021 	-1.72865e-17 	-0.0124782
2 	-2.79368 	-1.79804e-17 	-0.0151217
2 	-2.70052 	-1.79804e-17 	-0.0179628
2 	-2.61061 	-2.12763e-17 	-0.0209953
2 	-2.52385 	-2.39652e-17 	-0.0242133
2 	-2.44011 	-2.70877e-17 	-0.0276115
2 	-2.35929 	-3.15112e-17 	-0.0311853
2 	-2.2813 	-3.22051e-17 	-0.0349301
2 	-2.20604 	-3.22051e-17 	-0.038842
2 	-2.1334 	-3.42e-17 	-0.0429175
2 	-2.06329 	-3.6195e-17 	-0.0471535
2 	-1.99564 	-3.6195e-17 	-0.0515477
2 	-1.93035 	-3.6195e-17 	-0.0560981
2 	-1.86734 	-3.6195e-17 	-0.0608037
2 	-1.80652 	-3.55878e-17 	-0.065664
2 	-1.74784 	-3.49807e-17 	-0.0706793
2 	-1.6912 	-3.56745e-17 	-0.0758503
2 	-1.63654 	-3.70623e-17 	-0.0811781
2 	-1.58379 	-3.84501e-17 	-0.0866641
2 	-1.53288 	-3.9144e-17 	-0.0923102
2 	-1.48375 	-3.9144e-17 	-0.0981185
2 	-1.43633 	-3.98379e-17 	-0.104092
2 	-1.39057 	-4.05318e-17 	-0.110232
2 	-1.34641 	-4.25267e-17 	-0.116542
2 	-1.30379 	-4.52155e-17 	-0.123023
2 	-1.26266 	-4.59094e-17 	-0.129671
2 	-1.22296 	-4.48686e-17 	-0.136476
2 	-1.18466 	-4.38277e-17 	-0.143434
2 	-1.14768 	-4.38277e-17 	-0.150564
2 	-1.112 	-4.38277e-17 	-0.157802
2 	-1.07757 	-4.38277e-17 	-0.164607
2 	-1.03863 	-4.20514e-17 	-0.171326
2 	-1.01586 	-3.9958e-17 	-0.185061
2 	-0.993217 	-4.09841e-17 	-0.176203
2 	-0.948059 	-4.40032e-17 	-0.189579
2 	-0.900995 	-4.85292e-17 	-0.203038
2 	-0.876272 	-5.07208e-17 	-0.216711
2 	-0.851886 	-4.48071e-17 	-0.201407
2 	-0.803473 	-3.76615e-17 	-0.213582
2 	-0.753096 	-3.74524e-17 	-0.226694
2 	-0.71814 	-3.83767e-17 	-0.238399
2 	-0.692197 	-3.7545e-17 	-0.2145
2 	-0.649352 	-3.747e-17 	-0.223927
2 	-0.596093 	-3.59978e-17 	-0.233172
2 	-0.541991 	-3.50827e-17 	-0.242115
2 	-0.502352 	-3.52256e-17 	-0.250477
2 	-0.474727 	-3.50998e-17 	-0.223526
2 	-0.431525 	-3.67761e-17 	-0.231453
2 	-0.375304 	-3.95517e-17 	-0.23885
2 	-0.318526 	-3.87104e-17 	-0.245477
2 	-0.261272 	-3.63218e-17 	-0.251119
2 	-0.203624 	-3.69048e-17 	-0.255572
2 	-0.145668 	-3.87722e-17 	-0.258635
2 	-0.0874897 	-3.70676e-17 	-0.260185
2 	-0.0291781 	-3.87305e-17 	-0.259964
2 	0.0291781 	-4.8098e-17 	-0.257655
2 	0.0874897 	-4.85168e-17 	-0.252905
2 	0.145668 	-4.38029e-17 	-0.245679
2 	0.203624 	-4.08946e-17 	-0.236017
2 	0.261272 	-4.15259e-17 	-0.224686
2 	0.318526 	-4.21799e-17 	-0.212649
2 	0.375304 	-3.7817e-17 	-0.200895
2 	0.431525 	-3.46945e-17 	-0.190258
2 	0.474727 	-3.39422e-17 	-0.181302
2 	0.502352 	-3.37209e-17 	-0.138496
2 	0.541991 	-3.71644e-17 	-0.130698
2 	0.596093 	-4.32836e-17 	-0.125593
2 	0.649352 	-4.85723e-17 	-0.1229
2 	0.692197 	-5.188e-17 	-0.122202
2 	0.71814 	-5.30587e-17 	-0.0827518
2 	0.753096 	-5.38455e-17 	-0.0844054
2 	0.803473 	-5.30138e-17 	-0.0875075
2 	0.851886 	-5.30313e-17 	-0.0915887
2 	0.876272 	-5.3047e-17 	-0.0567131
2 	0.900995 	-5.11313e-17 	-0.0623042
2 	0.948059 	-5.04217e-17 	-0.0684369
2 	0.993217 	-5.19971e-17 	-0.0756362
2 	1.01586 	-5.37466e-17 	-0.044554
2 	1.03863 	-5.34138e-17 	-0.0508849
2 	1.07757 	-5.19809e-17 	-0.0493439
2 	1.112 	-5.19809e-17 	-0.0477738
2 	1.14768 	-5.19809e-17 	-0.0460257
2 	1.18466 	-5.19809e-17 	-0.0444263
2 	1.22296 	-5.19809e-17 	-0.0429704
2 	1.26266 	-5.06799e-17 	-0.0416229
2 	1.30379 	-4.87717e-17 	-0.0403703
2 	1.34641 	-4.88584e-17 	-0.0392032
2 	1.39057 	-4.95523e-17 	-0.038112
2 	1.43633 	-5.02462e-17 	-0.0370867
2 	1.48375 	-5.09401e-17 	-0.0361174
2 	1.53288 	-5.22412e-17 	-0.0351944
2 	1.58379 	-5.2935e-17 	-0.0343081
2 	1.63654 	-5.30218e-17 	-0.0334493
2 	1.6912 	-5.57106e-17 	-0.0326093
2 	1.74784 	-5.77055e-17 	-0.0317801
2 	1.80652 	-5.83994e-17 	-0.0309546
2 	1.86734 	-5.77923e-17 	-0.0301266
2 	1.93035 	-5.64912e-17 	-0.029291
2 	1.99564 	-5.64912e-17 	-0.0284438
2 	2.06329 	-5.47565e-17 	-0.027582
2 	2.1334 	-5.30218e-17 	-0.0267038
2 	2.20604 	-5.17207e-17 	-0.0258087
2 	2.2813 	-5.04197e-17 	-0.0248974
2 	2.35929 	-5.04197e-17 	-0.0239719
2 	2.44011 	-5.04197e-17 	-0.0230355
2 	2.52385 	-5.17207e-17 	-0.0220928
2 	2.61061 	-5.17207e-17 	-0.0211496
2 	2.70052 	-5.04197e-17 	-0.0202128
2 	2.79368 	-5.04197e-17 	-0.0192902
2 	2.89021 	-5.11136e-17 	-0.0183906
2 	2.99024 	-5.12003e-17 	-0.017524
2 	3.09388 	-5.05932e-17 	-0.016701
2 	3.20128 	-5.05932e-17 	-0.0159332
2 	3.31256 	-5.05932e-17 	-0.0152328
2 	3.42786 	-5.05932e-17 	-0.0146126
2 	3.54734 	-5.12871e-17 	-0.0140861
2 	3.67115 	-5.26748e-17 	-0.0136674
2 	3.79943 	-5.33687e-17 	-0.0133716
2 	3.93236 	-5.3603e-17 	-0.013215
