0 	0.504591 	0 	0.0249284 	-0.000219181 	-2.93502e-21
0 	0.514047 	0 	0.0747044 	0.000174042 	7.98644e-21
0 	0.524064 	0 	0.12594 	0.00230286 	-9.27916e-21
0 	0.534678 	-1.73472e-18 	0.1786 	0.00611923 	-1.23718e-21
0 	0.545922 	-3.46945e-18 	0.232631 	0.0115722 	-5.14042e-23
0 	0.557836 	-2.08167e-18 	0.287957 	0.0186707 	2.18414e-21
0 	0.570457 	6.93889e-19 	0.344472 	0.0274111 	-4.07474e-21
0 	0.583829 	2.08167e-18 	0.402037 	0.0377584 	-7.01372e-22
0 	0.597997 	2.42861e-18 	0.460475 	0.0496486 	1.6614e-22
0 	0.613006 	2.77556e-18 	0.519567 	0.0629878 	2.30893e-21
0 	0.628908 	2.77556e-18 	0.579048 	0.0776493 	-6.24344e-23
0 	0.645756 	1.04083e-18 	0.638607 	0.0934713 	2.69593e-21
0 	0.663606 	1.04083e-18 	0.697883 	0.110256 	1.64071e-21
0 	0.682517 	1.38778e-18 	0.756469 	0.127767 	9.30159e-22
0 	0.702552 	0 	0.813913 	0.145737 	-1.61978e-20
0 	0.723779 	0 	0.869731 	0.163865 	4.17064e-22
0 	0.746268 	0 	0.92341 	0.181824 	1.14637e-20
0 	0.770095 	0 	0.974426 	0.199273 	-9.11528e-21
0 	0.795338 	0 	1.02226 	0.215862 	7.80502e-21
0 	0.822082 	0 	1.06641 	0.231253 	-1.52426e-20
0 	0.850417 	0 	1.10643 	0.245127 	2.58758e-21
0 	0.880436 	0 	1.14191 	0.257207 	-1.40933e-20
0 	0.91224 	0 	1.17252 	0.267267 	4.4079e-21
0 	0.945936 	0 	1.198 	0.27515 	-6.31001e-22
