0.371185 	0.371185 	0 	0.0030858 	0.00159435 	1.88754e-19
0.388817 	0.388817 	7.31842e-19 	0.0030858 	0.00159435 	1.88754e-19
0.395584 	0.395584 	7.31842e-19 	0.0030858 	0.00159435 	1.88754e-19
0.404432 	0.404432 	-4.56564e-19 	0.050701 	-0.0126119 	-5.42976e-19
0.406514 	0.406514 	-4.33681e-19 	0.050701 	-0.0126119 	-5.42976e-19
0.430784 	0.430784 	1.75761e-18 	0.050701 	-0.0126119 	-5.42976e-19
0.462805 	0.462805 	4.47933e-18 	0.132007 	-0.0238286 	-4.44957e-19
0.470555 	0.470555 	5.37764e-18 	0.132007 	-0.0238286 	-4.44957e-19
0.480352 	0.480352 	3.67387e-18 	0.132007 	-0.0238286 	-4.44957e-19
0.501063 	0.501063 	7.50494e-19 	0.155446 	-0.0289043 	3.41837e-19
0.542719 	0.542719 	8.951e-18 	0.268859 	-0.0384428 	3.46569e-19
0.595992 	0.595992 	2.47794e-17 	0.398007 	-0.0424342 	5.22468e-19
0.629194 	0.629194 	2.87219e-17 	0.353805 	-0.041825 	-5.57305e-19
0.675722 	0.675722 	2.70617e-17 	0.482427 	-0.0444841 	-1.75878e-19
0.750312 	0.750312 	2.08167e-18 	0.614691 	-0.0430257 	-2.53797e-19
0.830874 	0.830874 	4.51028e-18 	0.743951 	-0.0370266 	9.32524e-20
0.917885 	0.917885 	1.52656e-17 	0.927558 	-0.0177605 	2.05527e-19
1.01186 	1.01186 	-9.31872e-18 	1.02003 	0.00434973 	4.45088e-19
1.06066 	1.06066 	-1.14492e-17 	1.11738 	0.0169815 	1.10089e-19
1.09434 	1.09434 	-1.04083e-17 	1.08949 	0.00271632 	0
1.12802 	1.12802 	-1.11022e-17 	1.15187 	0.0187817 	0
1.16425 	1.16425 	-1.04083e-17 	1.14003 	0.00782127 	0
1.20048 	1.20048 	-7.63278e-18 	1.18995 	0.0200614 	0
1.23946 	1.23946 	-4.16334e-18 	1.1798 	0.0102803 	0
1.27843 	1.27843 	-1.38778e-18 	1.22025 	0.0210561 	0
1.32035 	1.32035 	-1.38778e-18 	1.21049 	0.0119197 	0
1.36227 	1.36227 	0 	1.2426 	0.0213538 	0
1.40737 	1.40737 	-2.77556e-18 	1.23404 	0.0127194 	0
1.45246 	1.45246 	-4.51028e-18 	1.25845 	0.0208638 	0
1.50097 	1.50097 	-1.04083e-18 	1.25114 	0.0126676 	0
1.54948 	1.54948 	1.73184e-19 	1.24297 	0.00459246 	0
1.60166 	1.60166 	1.73184e-19 	1.26226 	0.0118762 	0
1.65384 	1.65384 	1.32731e-19 	1.25525 	0.00426807 	0
1.65384 	1.65384 	-8.24809e-19 	1.27323 	0.0177228 	0
1.70997 	1.70997 	9.09915e-19 	1.26805 	0.0104725 	0
1.7661 	1.7661 	4.71037e-19 	1.27361 	0.015309 	0
1.82648 	1.82648 	4.98132e-18 	1.26935 	0.00860781 	0
1.88686 	1.88686 	-5.93216e-18 	1.26437 	0.00209181 	0
1.88686 	1.88686 	9.02056e-18 	1.27053 	0.0125529 	0
1.95181 	1.95181 	3.92829e-18 	1.26706 	0.00644025 	0
2.01676 	2.01676 	5.82172e-18 	1.26494 	0.0096342 	0
2.08662 	2.08662 	4.78088e-18 	1.26213 	0.00414417 	0
2.15649 	2.15649 	8.81746e-19 	1.25773 	0.00673453 	0
2.23164 	2.23164 	-8.52978e-19 	1.25543 	0.00188661 	0
2.30679 	2.30679 	-4.79231e-18 	1.24966 	0.00401689 	0
2.38763 	2.38763 	-9.64954e-18 	1.24776 	-0.000168001 	0
2.46848 	2.46848 	-1.24432e-17 	1.24137 	0.0016298 	0
