0.355127 	0.355127 	4.85723e-18 	0.715055 	-0.73386 	8.94292e-19
0.357142 	0.357142 	9.34226e-18 	-1.05556 	1.11908 	-3.11684e-18
0.357584 	0.357584 	8.84709e-18 	-1.05556 	1.11908 	-3.11684e-18
0.358789 	0.358789 	5.74983e-18 	-1.05556 	1.11908 	-3.11684e-18
0.361353 	0.361353 	1.73472e-18 	-4.50243 	4.73852 	-3.98672e-18
0.363078 	0.363078 	-1.00031e-18 	-5.1975 	1.83732 	3.99329e-17
0.365251 	0.365251 	-3.53597e-18 	-5.55059 	2.13713 	2.75925e-17
0.368948 	0.368948 	-6.05601e-18 	-4.30892 	1.70077 	-4.02619e-17
0.372818 	0.372818 	-6.33606e-18 	-2.60911 	0.814858 	-3.962e-17
0.376871 	0.376871 	-6.4677e-18 	-1.10136 	0.0209401 	9.19206e-18
0.381114 	0.381114 	-6.16496e-18 	-0.0668115 	-0.414384 	1.07088e-17
0.385557 	0.385557 	-6.05889e-18 	0.488372 	-0.517159 	4.01073e-17
0.390208 	0.390208 	-1.13596e-17 	0.657483 	-0.426706 	-1.27575e-17
0.395078 	0.395078 	-1.47379e-17 	0.549729 	-0.265563 	-2.56801e-17
0.400177 	0.400177 	-1.6264e-17 	0.288743 	-0.104985 	3.03216e-17
0.405516 	0.405516 	-1.91057e-17 	-0.000602888 	0.0202435 	-1.10131e-17
0.411106 	0.411106 	-2.03145e-17 	-0.226558 	0.0978313 	-5.29987e-18
0.416959 	0.416959 	-2.05551e-17 	-0.352383 	0.130263 	-1.17055e-18
0.423087 	0.423087 	-2.20884e-17 	-0.38689 	0.128329 	-3.07413e-18
0.427759 	0.427759 	-2.42684e-17 	-0.360694 	0.106402 	4.23857e-18
0.429297 	0.429297 	-2.57606e-17 	-0.386736 	0.392628 	-4.99043e-18
0.429539 	0.429539 	-2.68604e-17 	-0.386736 	0.392628 	-4.99043e-18
0.429782 	0.429782 	-2.68171e-17 	-0.386736 	0.392628 	-4.99043e-18
0.431283 	0.431283 	-2.63045e-17 	-0.360694 	0.106402 	4.23857e-18
0.435519 	0.435519 	-2.5848e-17 	-0.306137 	0.0772699 	-1.80145e-18
0.438955 	0.438955 	-2.59112e-17 	-0.332474 	0.351067 	4.98295e-18
0.443253 	0.443253 	-2.63678e-17 	-0.253024 	0.288175 	-3.7386e-18
0.450617 	0.450617 	-2.63678e-17 	-0.178197 	0.224923 	-5.53712e-19
0.456739 	0.456739 	-2.46331e-17 	-0.118985 	0.171292 	-1.59935e-19
0.459095 	0.459095 	-2.35537e-17 	-0.118985 	0.171292 	-1.59935e-19
0.460683 	0.460683 	-2.52884e-17 	-0.118985 	0.171292 	-1.59935e-19
0.4664 	0.4664 	-2.63678e-17 	-0.0757777 	0.12949 	-8.51098e-19
0.474853 	0.474853 	-2.63678e-17 	-0.0449561 	0.0985408 	3.84462e-19
0.483702 	0.483702 	-2.63678e-17 	-0.0226975 	0.076202 	-1.75375e-18
0.492968 	0.492968 	-2.74086e-17 	-0.00585769 	0.0601907 	1.29487e-18
0.502669 	0.502669 	-2.67147e-17 	0.00825329 	0.0487899 	-4.47938e-19
0.512827 	0.512827 	-2.84495e-17 	0.0212646 	0.0407087 	1.09034e-18
0.523462 	0.523462 	-3.19189e-17 	0.0341364 	0.0349733 	-9.31561e-19
0.534597 	0.534597 	-3.19189e-17 	0.0474889 	0.0308783 	1.37473e-18
0.546255 	0.546255 	-3.01842e-17 	0.0617118 	0.0279288 	2.31078e-18
0.558462 	0.558462 	-3.29597e-17 	0.0770583 	0.0257851 	5.04878e-19
0.571243 	0.571243 	-3.40006e-17 	0.0936966 	0.0242226 	2.07052e-18
0.584624 	0.584624 	-3.05311e-17 	0.11174 	0.0231008 	-2.35804e-18
0.598634 	0.598634 	-3.05311e-17 	0.131265 	0.0223366 	1.11508e-18
0.613304 	0.613304 	-3.50414e-17 	0.152316 	0.0218744 	3.17371e-18
0.628662 	0.628662 	-4.12864e-17 	0.174894 	0.0216522 	1.38748e-18
0.644743 	0.644743 	-4.19803e-17 	0.198927 	0.0215707 	-5.02155e-18
0.66158 	0.66158 	-3.92048e-17 	0.224486 	0.0218163 	-1.35897e-18
0.679209 	0.679209 	-3.98986e-17 	0.250346 	0.0221695 	6.70699e-18
0.688226 	0.688226 	1.249e-17 	0.250346 	0.0221695 	6.70699e-18
0.697666 	0.697666 	3.67761e-17 	0.279762 	0.0209219 	4.35296e-18
0.707107 	0.707107 	3.81764e-17 	0.342104 	0.00224068 	-5.76315e-19
0.737558 	0.737558 	3.66488e-17 	0.420078 	0.00053155 	0
0.779517 	0.779517 	3.57833e-17 	0.531436 	0.00192602 	0
0.81107 	0.81107 	3.58691e-17 	0.544246 	-0.00643975 	0
0.854547 	0.854547 	3.25588e-17 	0.649845 	-0.00169592 	0
0.887242 	0.887242 	3.08166e-17 	0.644992 	-0.00902112 	0
0.930386 	0.930386 	3.261e-17 	0.746099 	-0.00140989 	0
0.96617 	0.96617 	3.3637e-17 	0.844557 	0.00900968 	0
1.00127 	1.00127 	3.24178e-17 	0.829208 	1.30936e-05 	0
1.04795 	1.04795 	3.26727e-17 	0.920569 	0.0113806 	0
1.08433 	1.08433 	3.20614e-17 	0.905032 	0.001632 	0
1.1327 	1.1327 	2.80655e-17 	0.988275 	0.0134363 	0
1.17039 	1.17039 	2.49713e-17 	0.972982 	0.00320515 	0
1.22051 	1.22051 	2.46244e-17 	1.04743 	0.0150018 	0
1.25956 	1.25956 	2.33845e-17 	1.03238 	0.00460593 	0
1.30118 	1.30118 	2.4007e-17 	1.09763 	0.0160478 	0
1.35196 	1.35196 	2.30061e-17 	1.15256 	0.0272511 	0
1.3939 	1.3939 	2.38233e-17 	1.13909 	0.0165681 	0
1.44771 	1.44771 	2.67667e-17 	1.18453 	0.0268254 	0
1.49116 	1.49116 	2.65499e-17 	1.17227 	0.0165749 	0
1.54692 	1.54692 	2.30804e-17 	1.20877 	0.0258081 	0
1.59194 	1.59194 	1.77733e-17 	1.19781 	0.0161158 	0
1.64911 	1.64911 	1.91757e-17 	1.22614 	0.0243012 	0
1.69637 	1.69637 	2.08138e-17 	1.24542 	0.0312703 	0
1.7447 	1.7447 	1.88254e-17 	1.23755 	0.0224082 	0
1.80457 	1.80457 	1.98944e-17 	1.25065 	0.0283717 	0
1.85466 	1.85466 	2.17998e-17 	1.24393 	0.0202328 	0
1.91669 	1.91669 	2.05814e-17 	1.2519 	0.0252977 	0
1.96859 	1.96859 	1.84748e-17 	1.24619 	0.0178704 	0
2.03287 	2.03287 	1.62131e-17 	1.25002 	0.0221513 	0
2.08665 	2.08665 	1.77081e-17 	1.2452 	0.0154057 	0
2.15326 	2.15326 	-6.79245e-18 	1.24577 	0.0190161 	0
2.20898 	2.20898 	-6.90802e-18 	1.2417 	0.0129102 	0
2.27316 	2.27316 	-9.49696e-18 	1.23979 	0.0159568 	0
2.33574 	2.33574 	-1.09901e-17 	1.23515 	0.0182917 	0
2.39557 	2.39557 	-9.94923e-18 	1.2326 	0.0130198 	0
