-0.377952 	0.377952 	1.03899e-17 	0.224225 	0.225357 	-1.12103e-19
-0.428703 	0.428703 	-4.34862e-20 	0.493144 	0.457957 	3.89196e-19
-0.483517 	0.483517 	-4.52296e-18 	0.670994 	0.546292 	2.57854e-19
-0.542719 	0.542719 	-6.51529e-18 	0.776719 	0.547841 	2.96682e-19
-0.582807 	0.582807 	-5.82046e-18 	0.841535 	0.503521 	5.08765e-19
-0.605642 	0.605642 	-6.37469e-18 	0.870491 	0.511265 	-4.54706e-19
-0.629496 	0.629496 	-7.8417e-18 	0.841535 	0.503521 	5.08765e-19
-0.648884 	0.648884 	-7.84391e-18 	0.882529 	0.443915 	7.46987e-19
-0.675722 	0.675722 	1.38778e-18 	0.90844 	0.452377 	-2.10544e-20
-0.737017 	0.737017 	1.73472e-18 	0.934605 	0.392633 	8.16899e-20
-0.762453 	0.762453 	1.29418e-19 	0.934605 	0.392633 	8.16899e-20
-0.775748 	0.775748 	8.23308e-19 	0.934605 	0.392633 	8.16899e-20
-0.830874 	0.830874 	-1.38778e-18 	0.954984 	0.338882 	1.61226e-19
-0.917885 	0.917885 	-3.1225e-18 	0.97204 	0.292211 	-7.07645e-19
-1.01186 	1.01186 	1.04083e-18 	0.988421 	0.251715 	-7.34859e-19
-1.06066 	1.06066 	0 	0.975866 	0.223758 	1.69111e-19
-1.06066 	1.06066 	3.46945e-19 	1.00559 	0.231035 	2.81494e-20
-1.09434 	1.09434 	9.3598e-19 	0.988296 	0.225473 	0
-1.1611 	1.1611 	3.71154e-18 	1.00025 	0.21657 	0
-1.19733 	1.19733 	5.55112e-18 	0.9924 	0.186085 	0
-1.23946 	1.23946 	6.95234e-18 	1.00251 	0.180101 	0
-1.31418 	1.31418 	1.14626e-17 	1.01211 	0.173961 	0
-1.3561 	1.3561 	1.45717e-17 	1.00058 	0.149931 	0
-1.40737 	1.40737 	1.58701e-17 	1.00917 	0.145601 	0
-1.49204 	1.49204 	-8.69404e-19 	1.01739 	0.140429 	0
-1.54055 	1.54055 	2.85665e-17 	1.00879 	0.119384 	0
-1.60166 	1.60166 	3.14221e-18 	1.01549 	0.11542 	0
-1.6987 	1.6987 	8.69333e-18 	1.02179 	0.110677 	0
-1.75483 	1.75483 	1.11022e-17 	1.0132 	0.0924956 	0
-1.82648 	1.82648 	1.06056e-17 	1.01822 	0.0887774 	0
-1.93883 	1.93883 	1.06056e-17 	1.02281 	0.0843305 	0
-2.00378 	2.00378 	1.11022e-17 	1.01468 	0.0687216 	0
-2.08662 	2.08662 	8.03975e-18 	1.018 	0.0650958 	0
-2.21785 	2.21785 	4.5703e-18 	1.02097 	0.0608078 	0
-2.293 	2.293 	4.16334e-18 	1.01299 	0.0475505 	0
-2.38763 	2.38763 	3.55627e-18 	1.01492 	0.0440551 	0
