0.3568 	0.3568 	2.11312e-19 	0.000212569 	-7.46215e-05 	-8.94374e-21
0.363486 	0.363486 	-9.17481e-19 	0.0015477 	-0.000649102 	-5.49595e-21
0.37057 	0.37057 	-2.25542e-18 	0.00410908 	-0.00141722 	-8.38593e-20
0.378074 	0.378074 	-2.70384e-18 	0.00795942 	-0.00239097 	4.15629e-20
0.386025 	0.386025 	-3.18239e-18 	0.0131684 	-0.00357584 	-7.28433e-20
0.394449 	0.394449 	-4.86112e-18 	0.0198256 	-0.00495239 	2.1613e-19
0.403374 	0.403374 	-1.72547e-18 	0.0280222 	-0.00649376 	-1.46706e-19
0.41283 	0.41283 	2.86526e-18 	0.0378467 	-0.00816957 	-5.73239e-20
0.422847 	0.422847 	-3.34984e-19 	0.0493857 	-0.00994428 	-1.18465e-19
0.433461 	0.433461 	-2.25567e-19 	0.062724 	-0.0117763 	9.34917e-20
0.444705 	0.444705 	1.62938e-18 	0.0779441 	-0.0136178 	9.72255e-21
0.456619 	0.456619 	-1.06885e-18 	0.0951251 	-0.0154144 	1.35933e-19
0.46924 	0.46924 	-1.33449e-18 	0.114343 	-0.0171047 	1.836e-19
0.482612 	0.482612 	-2.27119e-18 	0.135668 	-0.0186201 	-2.95315e-20
0.49678 	0.49678 	-2.48485e-18 	0.159168 	-0.0198837 	-9.06822e-20
0.511789 	0.511789 	5.30754e-19 	0.184903 	-0.0208097 	-1.03008e-19
0.527691 	0.527691 	1.19912e-18 	0.212931 	-0.0213014 	-1.95585e-19
0.544539 	0.544539 	6.59779e-19 	0.243308 	-0.0212496 	-8.03918e-20
0.562389 	0.562389 	-1.81854e-19 	0.276092 	-0.0205279 	3.18811e-19
0.5813 	0.5813 	-4.21903e-18 	0.31136 	-0.0189882 	-4.06397e-19
0.601335 	0.601335 	-1.08443e-17 	0.349234 	-0.0164612 	1.46616e-19
0.622562 	0.622562 	-1.74263e-17 	0.389961 	-0.0127359 	-1.89689e-19
0.645051 	0.645051 	-2.01485e-17 	0.434171 	-0.00739259 	-2.09252e-20
0.668878 	0.668878 	-1.88433e-17 	0.483509 	-3.74848e-05 	9.98478e-20
0.694121 	0.694121 	-1.64039e-17 	0.542079 	0.00555796 	4.36463e-20
0.707107 	0.707107 	-1.4853e-17 	0.646819 	-0.00167731 	-5.39756e-20
