-0.3568 	0.3568 	-2.10393e-19 	0.0288859 	0.02987 	-3.33204e-21
-0.363486 	0.363486 	3.74786e-18 	0.0842613 	0.0865405 	-2.69575e-20
-0.37057 	0.37057 	8.10249e-18 	0.139113 	0.141389 	3.72607e-20
-0.378074 	0.378074 	1.12567e-17 	0.193204 	0.194102 	-1.98348e-20
-0.386025 	0.386025 	1.55267e-17 	0.246293 	0.24435 	-4.09589e-20
-0.394449 	0.394449 	1.86401e-17 	0.298152 	0.291767 	7.05858e-20
-0.403374 	0.403374 	2.03377e-17 	0.348559 	0.335987 	-4.74437e-20
-0.41283 	0.41283 	1.92228e-17 	0.397289 	0.376651 	-3.31234e-21
-0.422847 	0.422847 	1.99079e-17 	0.444122 	0.41342 	-5.52743e-20
-0.433461 	0.433461 	1.84588e-17 	0.488851 	0.445985 	3.16299e-20
-0.444705 	0.444705 	1.71987e-17 	0.53129 	0.474075 	7.30332e-20
-0.456619 	0.456619 	2.07296e-17 	0.571275 	0.497479 	-4.65073e-20
-0.46924 	0.46924 	1.96404e-17 	0.608678 	0.516049 	3.48122e-20
-0.482612 	0.482612 	2.07763e-17 	0.643409 	0.529722 	-4.54038e-20
-0.49678 	0.49678 	2.83807e-17 	0.675426 	0.538524 	-7.03758e-20
-0.511789 	0.511789 	2.89215e-17 	0.704738 	0.542575 	1.62815e-20
-0.527691 	0.527691 	2.73825e-17 	0.731405 	0.542099 	-9.74553e-20
-0.544539 	0.544539 	2.91508e-17 	0.755544 	0.537411 	-4.22694e-20
-0.562389 	0.562389 	2.97445e-17 	0.77732 	0.528912 	1.76462e-19
-0.5813 	0.5813 	2.70496e-17 	0.796943 	0.517075 	-2.32675e-19
-0.601335 	0.601335 	2.19721e-17 	0.814654 	0.502429 	-4.89244e-20
-0.622562 	0.622562 	1.93184e-17 	0.830682 	0.485547 	8.00603e-20
-0.645051 	0.645051 	1.78538e-17 	0.845339 	0.46687 	-1.75983e-20
-0.668878 	0.668878 	1.7711e-17 	0.859438 	0.446365 	6.62427e-20
-0.694121 	0.694121 	1.80474e-17 	0.872856 	0.425134 	3.2893e-20
-0.707107 	0.707107 	1.79087e-17 	0.880372 	0.390183 	-8.009e-21
