2 	-3.93236 	-1.24028e-18 	1.12151 	0.000985061 	0
2 	-3.79943 	-3.9291e-18 	1.12226 	0.00294251 	0
2 	-3.67115 	-4.53626e-18 	1.12369 	0.0048564 	0
2 	-3.54734 	-6.87813e-18 	1.12575 	0.0067552 	0
2 	-3.42786 	-8.61286e-18 	1.12837 	0.00864803 	0
2 	-3.31256 	-9.9139e-18 	1.13151 	0.0105454 	0
2 	-3.20128 	-1.19088e-17 	1.13515 	0.0124535 	0
2 	-3.09388 	-1.32966e-17 	1.13923 	0.0143753 	0
2 	-2.99024 	-1.52915e-17 	1.14374 	0.0163109 	0
2 	-2.89021 	-1.72865e-17 	1.14864 	0.0182581 	0
2 	-2.79368 	-1.79804e-17 	1.1539 	0.0202123 	0
2 	-2.70052 	-1.79804e-17 	1.15951 	0.0221666 	0
2 	-2.61061 	-2.12763e-17 	1.16544 	0.0241126 	0
2 	-2.52385 	-2.39652e-17 	1.17166 	0.0260398 	0
2 	-2.44011 	-2.70877e-17 	1.17817 	0.0279363 	0
2 	-2.35929 	-3.15112e-17 	1.18493 	0.0297889 	0
2 	-2.2813 	-3.22051e-17 	1.19194 	0.0315831 	0
2 	-2.20604 	-3.22051e-17 	1.19917 	0.0333032 	0
2 	-2.1334 	-3.42e-17 	1.20662 	0.0349327 	0
2 	-2.06329 	-3.6195e-17 	1.21428 	0.0364547 	0
2 	-1.99564 	-3.6195e-17 	1.22214 	0.0378517 	0
2 	-1.93035 	-3.6195e-17 	1.2302 	0.0391063 	0
2 	-1.86734 	-3.6195e-17 	1.23847 	0.0402007 	0
2 	-1.80652 	-3.55878e-17 	1.24691 	0.0411173 	0
2 	-1.74784 	-3.49807e-17 	1.25553 	0.0418373 	0
2 	-1.6912 	-3.56745e-17 	1.26429 	0.0423412 	0
2 	-1.63654 	-3.70623e-17 	1.27315 	0.0426087 	0
2 	-1.58379 	-3.84501e-17 	1.28209 	0.0426189 	0
2 	-1.53288 	-3.9144e-17 	1.29108 	0.0423514 	0
2 	-1.48375 	-3.9144e-17 	1.30007 	0.0417871 	0
2 	-1.43633 	-3.98379e-17 	1.30903 	0.0409081 	0
2 	-1.39057 	-4.05318e-17 	1.31787 	0.0396977 	0
2 	-1.34641 	-4.25267e-17 	1.32645 	0.038138 	0
2 	-1.30379 	-4.52155e-17 	1.33456 	0.0362091 	0
2 	-1.26266 	-4.59094e-17 	1.34188 	0.0338865 	0
2 	-1.22296 	-4.48686e-17 	1.34796 	0.0311389 	0
2 	-1.18466 	-4.38277e-17 	1.35228 	0.0279146 	0
2 	-1.14768 	-4.38277e-17 	1.35424 	0.0240993 	0
2 	-1.112 	-4.38277e-17 	1.35323 	0.0195091 	0
2 	-1.07757 	-4.38277e-17 	1.34873 	0.0143912 	0
2 	-1.03863 	-4.20514e-17 	1.3381 	0.00966762 	8.89065e-21
2 	-1.01586 	-3.9958e-17 	1.31433 	0.01148 	-8.39587e-20
2 	-0.993217 	-4.09841e-17 	1.28804 	-0.018933 	-4.03439e-20
2 	-0.948059 	-4.40032e-17 	1.24663 	-0.0249404 	-3.35511e-20
2 	-0.900995 	-4.85292e-17 	1.19156 	-0.0341401 	2.5896e-20
2 	-0.876272 	-5.07208e-17 	1.12404 	-0.047717 	1.27574e-20
2 	-0.851886 	-4.48071e-17 	1.08023 	-0.0748935 	3.79479e-20
2 	-0.803473 	-3.76615e-17 	0.996333 	-0.0947471 	-3.10055e-22
2 	-0.753096 	-3.74524e-17 	0.909871 	-0.119566 	-1.18622e-20
2 	-0.71814 	-3.83767e-17 	0.825757 	-0.148872 	-4.29335e-20
2 	-0.692197 	-3.7545e-17 	0.765591 	-0.1676 	6.66485e-20
2 	-0.649352 	-3.747e-17 	0.679603 	-0.202426 	-1.16248e-20
2 	-0.596093 	-3.59978e-17 	0.596433 	-0.240902 	-3.40654e-20
2 	-0.541991 	-3.50827e-17 	0.51299 	-0.282678 	5.02179e-20
2 	-0.502352 	-3.52256e-17 	0.427743 	-0.32757 	-2.8931e-20
2 	-0.474727 	-3.50998e-17 	0.35428 	-0.335832 	4.11302e-20
2 	-0.431525 	-3.67761e-17 	0.265679 	-0.383485 	2.42571e-20
2 	-0.375304 	-3.95517e-17 	0.180958 	-0.432486 	2.35788e-20
2 	-0.318526 	-3.87104e-17 	0.10463 	-0.48139 	2.28714e-21
2 	-0.261272 	-3.63218e-17 	0.0414506 	-0.528319 	1.99644e-20
2 	-0.203624 	-3.69048e-17 	-0.00396062 	-0.571146 	-3.46532e-22
2 	-0.145668 	-3.87722e-17 	-0.0277403 	-0.60765 	-3.77026e-20
2 	-0.0874897 	-3.70676e-17 	-0.0277447 	-0.635818 	-2.67253e-21
2 	-0.0291781 	-3.87305e-17 	-0.00334497 	-0.654577 	-3.37847e-21
2 	0.0291781 	-4.8098e-17 	0.0436547 	-0.663971 	3.60787e-21
2 	0.0874897 	-4.85168e-17 	0.109251 	-0.665223 	1.57412e-21
2 	0.145668 	-4.38029e-17 	0.188249 	-0.66036 	4.4226e-20
2 	0.203624 	-4.08946e-17 	0.275452 	-0.651421 	3.29986e-22
2 	0.261272 	-4.15259e-17 	0.366626 	-0.639888 	-3.70495e-20
2 	0.318526 	-4.21799e-17 	0.45884 	-0.626333 	-4.54095e-21
2 	0.375304 	-3.7817e-17 	0.550078 	-0.610651 	-3.40032e-20
2 	0.431525 	-3.46945e-17 	0.638596 	-0.59257 	-3.96195e-20
2 	0.474727 	-3.39422e-17 	0.722645 	-0.571972 	-6.26432e-20
2 	0.502352 	-3.37209e-17 	0.681385 	-0.556023 	2.59934e-20
2 	0.541991 	-3.71644e-17 	0.755949 	-0.532545 	-6.68455e-20
2 	0.596093 	-4.32836e-17 	0.823707 	-0.507884 	4.44275e-20
2 	0.649352 	-4.85723e-17 	0.883935 	-0.48229 	1.75992e-20
2 	0.692197 	-5.188e-17 	0.93637 	-0.456087 	3.32677e-20
2 	0.71814 	-5.30587e-17 	0.883843 	-0.434673 	3.68786e-20
2 	0.753096 	-5.38455e-17 	0.928944 	-0.410805 	5.47902e-22
2 	0.803473 	-5.30138e-17 	0.967621 	-0.387392 	2.18374e-20
2 	0.851886 	-5.30313e-17 	1.00061 	-0.364615 	-3.36197e-20
2 	0.876272 	-5.3047e-17 	0.950702 	-0.344462 	-3.14272e-22
2 	0.900995 	-5.11313e-17 	0.981016 	-0.32562 	-2.13519e-20
2 	0.948059 	-5.04217e-17 	1.00774 	-0.307721 	3.30666e-20
2 	0.993217 	-5.19971e-17 	1.03172 	-0.292378 	-3.36043e-20
2 	1.01586 	-5.37466e-17 	0.989153 	-0.275284 	3.10582e-20
2 	1.03863 	-5.34138e-17 	1.01333 	-0.261734 	-3.02926e-21
2 	1.07757 	-5.19809e-17 	1.03089 	-0.238019 	0
2 	1.112 	-5.19809e-17 	1.03944 	-0.224933 	0
2 	1.14768 	-5.19809e-17 	1.04585 	-0.212623 	0
2 	1.18466 	-5.19809e-17 	1.05111 	-0.20035 	0
2 	1.22296 	-5.19809e-17 	1.0557 	-0.188305 	0
2 	1.26266 	-5.06799e-17 	1.05988 	-0.176561 	0
2 	1.30379 	-4.87717e-17 	1.06378 	-0.165125 	0
2 	1.34641 	-4.88584e-17 	1.06745 	-0.154012 	0
2 	1.39057 	-4.95523e-17 	1.07092 	-0.14324 	0
2 	1.43633 	-5.02462e-17 	1.07419 	-0.132826 	0
2 	1.48375 	-5.09401e-17 	1.07728 	-0.122789 	0
2 	1.53288 	-5.22412e-17 	1.08017 	-0.113145 	0
2 	1.58379 	-5.2935e-17 	1.08288 	-0.103909 	0
2 	1.63654 	-5.30218e-17 	1.08541 	-0.0950937 	0
2 	1.6912 	-5.57106e-17 	1.08776 	-0.0867083 	0
2 	1.74784 	-5.77055e-17 	1.08995 	-0.0787601 	0
2 	1.80652 	-5.83994e-17 	1.09196 	-0.0712531 	0
2 	1.86734 	-5.77923e-17 	1.0938 	-0.0641892 	0
2 	1.93035 	-5.64912e-17 	1.09547 	-0.0575681 	0
2 	1.99564 	-5.64912e-17 	1.09696 	-0.0513875 	0
2 	2.06329 	-5.47565e-17 	1.09825 	-0.0456434 	0
2 	2.1334 	-5.30218e-17 	1.09935 	-0.0403296 	0
2 	2.20604 	-5.17207e-17 	1.10023 	-0.0354378 	0
2 	2.2813 	-5.04197e-17 	1.10091 	-0.0309574 	0
2 	2.35929 	-5.04197e-17 	1.10139 	-0.0268758 	0
2 	2.44011 	-5.04197e-17 	1.10167 	-0.0231781 	0
2 	2.52385 	-5.17207e-17 	1.10177 	-0.0198477 	0
2 	2.61061 	-5.17207e-17 	1.1017 	-0.0168664 	0
2 	2.70052 	-5.04197e-17 	1.10149 	-0.0142148 	0
2 	2.79368 	-5.04197e-17 	1.10114 	-0.0118723 	0
2 	2.89021 	-5.11136e-17 	1.10069 	-0.00981709 	0
2 	2.99024 	-5.12003e-17 	1.10015 	-0.00802697 	0
2 	3.09388 	-5.05932e-17 	1.09955 	-0.00647892 	0
2 	3.20128 	-5.05932e-17 	1.09893 	-0.00514918 	0
2 	3.31256 	-5.05932e-17 	1.09831 	-0.00401314 	0
2 	3.42786 	-5.05932e-17 	1.09772 	-0.00304536 	0
2 	3.54734 	-5.12871e-17 	1.09719 	-0.00221903 	0
2 	3.67115 	-5.26748e-17 	1.09675 	-0.00150507 	0
2 	3.79943 	-5.33687e-17 	1.09642 	-0.000874036 	0
2 	3.93236 	-5.3603e-17 	1.09625 	-0.000284964 	0
