2 	-3.93236 	-1.24028e-18 	1.11756 	-0.000274195 	0
2 	-3.79943 	-3.9291e-18 	1.11805 	-0.000808998 	0
2 	-3.67115 	-4.53626e-18 	1.11898 	-0.00135014 	0
2 	-3.54734 	-6.87813e-18 	1.1203 	-0.00189824 	0
2 	-3.42786 	-8.61286e-18 	1.12195 	-0.00246527 	0
2 	-3.31256 	-9.9139e-18 	1.12388 	-0.00305938 	0
2 	-3.20128 	-1.19088e-17 	1.12604 	-0.0036875 	0
2 	-3.09388 	-1.32966e-17 	1.12838 	-0.0043566 	0
2 	-2.99024 	-1.52915e-17 	1.13084 	-0.00507297 	0
2 	-2.89021 	-1.72865e-17 	1.13339 	-0.00584245 	0
2 	-2.79368 	-1.79804e-17 	1.13596 	-0.00667042 	0
2 	-2.70052 	-1.79804e-17 	1.13852 	-0.00756193 	0
2 	-2.61061 	-2.12763e-17 	1.14102 	-0.0085214 	0
2 	-2.52385 	-2.39652e-17 	1.1434 	-0.00955264 	0
2 	-2.44011 	-2.70877e-17 	1.14562 	-0.0106589 	0
2 	-2.35929 	-3.15112e-17 	1.14763 	-0.0118428 	0
2 	-2.2813 	-3.22051e-17 	1.14939 	-0.0131062 	0
2 	-2.20604 	-3.22051e-17 	1.15086 	-0.0144504 	0
2 	-2.1334 	-3.42e-17 	1.15201 	-0.0158757 	0
2 	-2.06329 	-3.6195e-17 	1.15279 	-0.0173816 	0
2 	-1.99564 	-3.6195e-17 	1.15319 	-0.0189663 	0
2 	-1.93035 	-3.6195e-17 	1.15318 	-0.0206261 	0
2 	-1.86734 	-3.6195e-17 	1.15271 	-0.0223555 	0
2 	-1.80652 	-3.55878e-17 	1.15176 	-0.0241466 	0
2 	-1.74784 	-3.49807e-17 	1.15027 	-0.0259899 	0
2 	-1.6912 	-3.56745e-17 	1.14821 	-0.0278742 	0
2 	-1.63654 	-3.70623e-17 	1.14552 	-0.0297874 	0
2 	-1.58379 	-3.84501e-17 	1.14216 	-0.0317159 	0
2 	-1.53288 	-3.9144e-17 	1.13809 	-0.0336439 	0
2 	-1.48375 	-3.9144e-17 	1.13328 	-0.0355509 	0
2 	-1.43633 	-3.98379e-17 	1.12764 	-0.0374091 	0
2 	-1.39057 	-4.05318e-17 	1.12109 	-0.0391794 	0
2 	-1.34641 	-4.25267e-17 	1.11348 	-0.0408076 	0
2 	-1.30379 	-4.52155e-17 	1.10457 	-0.0422219 	0
2 	-1.26266 	-4.59094e-17 	1.09406 	-0.0433316 	0
2 	-1.22296 	-4.48686e-17 	1.08159 	-0.0440331 	0
2 	-1.18466 	-4.38277e-17 	1.06677 	-0.0442252 	0
2 	-1.14768 	-4.38277e-17 	1.0492 	-0.043799 	0
2 	-1.112 	-4.38277e-17 	1.02855 	-0.0425345 	0
2 	-1.07757 	-4.38277e-17 	1.00446 	-0.040199 	0
2 	-1.03863 	-4.20514e-17 	0.968931 	-0.0370639 	-2.32421e-21
2 	-1.01586 	-3.9958e-17 	0.911962 	-0.0467824 	2.49502e-20
2 	-0.993217 	-4.09841e-17 	0.93225 	-0.0108149 	3.7902e-21
2 	-0.948059 	-4.40032e-17 	0.866401 	-0.00964347 	3.28442e-21
2 	-0.900995 	-4.85292e-17 	0.78361 	-0.00722948 	-5.4714e-21
2 	-0.876272 	-5.07208e-17 	0.683006 	-0.000554483 	-5.20142e-21
2 	-0.851886 	-4.48071e-17 	0.727978 	0.0394514 	-8.46757e-21
2 	-0.803473 	-3.76615e-17 	0.61717 	0.0524657 	-5.14852e-21
2 	-0.753096 	-3.74524e-17 	0.493581 	0.0679134 	3.43723e-21
2 	-0.71814 	-3.83767e-17 	0.366095 	0.0822815 	7.75846e-21
2 	-0.692197 	-3.7545e-17 	0.418457 	0.129992 	-7.398e-21
2 	-0.649352 	-3.747e-17 	0.288415 	0.147847 	-9.69102e-22
2 	-0.596093 	-3.59978e-17 	0.169747 	0.158604 	-4.6417e-21
2 	-0.541991 	-3.50827e-17 	0.0723053 	0.157583 	1.45733e-20
2 	-0.502352 	-3.52256e-17 	0.00240181 	0.144206 	-1.13908e-20
2 	-0.474727 	-3.50998e-17 	0.00759627 	0.225087 	2.1883e-20
2 	-0.431525 	-3.67761e-17 	-0.0520542 	0.210988 	2.01535e-20
2 	-0.375304 	-3.95517e-17 	-0.0817251 	0.184671 	2.27495e-20
2 	-0.318526 	-3.87104e-17 	-0.0846731 	0.148762 	3.55583e-21
2 	-0.261272 	-3.63218e-17 	-0.0650667 	0.106696 	2.65902e-20
2 	-0.203624 	-3.69048e-17 	-0.0272577 	0.0622634 	-2.34848e-22
2 	-0.145668 	-3.87722e-17 	0.024152 	0.016262 	-5.45346e-20
2 	-0.0874897 	-3.70676e-17 	0.0874516 	-0.0294969 	-4.38849e-21
2 	-0.0291781 	-3.87305e-17 	0.161572 	-0.072115 	-5.52092e-21
2 	0.0291781 	-4.8098e-17 	0.243694 	-0.111308 	6.20555e-21
2 	0.0874897 	-4.85168e-17 	0.331232 	-0.146526 	4.53542e-21
2 	0.145668 	-4.38029e-17 	0.421754 	-0.177566 	8.08222e-20
2 	0.203624 	-4.08946e-17 	0.513086 	-0.204484 	2.23697e-21
2 	0.261272 	-4.15259e-17 	0.603533 	-0.227567 	-6.43989e-20
2 	0.318526 	-4.21799e-17 	0.692104 	-0.247286 	-6.06147e-21
2 	0.375304 	-3.7817e-17 	0.778517 	-0.264209 	-6.55382e-20
2 	0.431525 	-3.46945e-17 	0.862939 	-0.278754 	-7.29791e-20
2 	0.474727 	-3.39422e-17 	0.945636 	-0.290978 	-1.32258e-19
2 	0.502352 	-3.37209e-17 	0.98518 	-0.383221 	6.80879e-20
2 	0.541991 	-3.71644e-17 	1.06205 	-0.38647 	-1.54675e-19
2 	0.596093 	-4.32836e-17 	1.13383 	-0.385331 	1.00907e-19
2 	0.649352 	-4.85723e-17 	1.19852 	-0.379265 	3.53284e-20
2 	0.692197 	-5.188e-17 	1.25408 	-0.368089 	5.99391e-20
2 	0.71814 	-5.30587e-17 	1.25324 	-0.426737 	1.08379e-19
2 	0.753096 	-5.38455e-17 	1.29075 	-0.404762 	6.33767e-21
2 	0.803473 	-5.30138e-17 	1.31845 	-0.379853 	3.06825e-20
2 	0.851886 	-5.30313e-17 	1.33713 	-0.353068 	-8.55665e-20
2 	0.876272 	-5.3047e-17 	1.30749 	-0.390202 	-1.51532e-20
2 	0.900995 	-5.11313e-17 	1.31736 	-0.36041 	-5.37488e-20
2 	0.948059 	-5.04217e-17 	1.3224 	-0.331658 	7.0025e-20
2 	0.993217 	-5.19971e-17 	1.32392 	-0.304538 	-7.70818e-20
2 	1.01586 	-5.37466e-17 	1.28837 	-0.332241 	1.21764e-19
2 	1.03863 	-5.34138e-17 	1.29053 	-0.302608 	-1.15275e-20
2 	1.07757 	-5.19809e-17 	1.29153 	-0.276417 	0
2 	1.112 	-5.19809e-17 	1.28734 	-0.265961 	0
2 	1.14768 	-5.19809e-17 	1.28129 	-0.255734 	0
2 	1.18466 	-5.19809e-17 	1.27442 	-0.245103 	0
2 	1.22296 	-5.19809e-17 	1.26719 	-0.234538 	0
2 	1.26266 	-5.06799e-17 	1.2598 	-0.224118 	0
2 	1.30379 	-4.87717e-17 	1.25236 	-0.213838 	0
2 	1.34641 	-4.88584e-17 	1.24495 	-0.203704 	0
2 	1.39057 	-4.95523e-17 	1.23758 	-0.193729 	0
2 	1.43633 	-5.02462e-17 	1.23029 	-0.183923 	0
2 	1.48375 	-5.09401e-17 	1.2231 	-0.174297 	0
2 	1.53288 	-5.22412e-17 	1.21601 	-0.164862 	0
2 	1.58379 	-5.2935e-17 	1.20906 	-0.155628 	0
2 	1.63654 	-5.30218e-17 	1.20226 	-0.146607 	0
2 	1.6912 	-5.57106e-17 	1.19563 	-0.13781 	0
2 	1.74784 	-5.77055e-17 	1.18919 	-0.129247 	0
2 	1.80652 	-5.83994e-17 	1.18296 	-0.120926 	0
2 	1.86734 	-5.77923e-17 	1.17693 	-0.112854 	0
2 	1.93035 	-5.64912e-17 	1.17112 	-0.105039 	0
2 	1.99564 	-5.64912e-17 	1.1655 	-0.0974855 	0
2 	2.06329 	-5.47565e-17 	1.16009 	-0.0902008 	0
2 	2.1334 	-5.30218e-17 	1.15487 	-0.0831906 	0
2 	2.20604 	-5.17207e-17 	1.14985 	-0.0764602 	0
2 	2.2813 	-5.04197e-17 	1.14502 	-0.0700138 	0
2 	2.35929 	-5.04197e-17 	1.14039 	-0.0638547 	0
2 	2.44011 	-5.04197e-17 	1.13596 	-0.0579847 	0
2 	2.52385 	-5.17207e-17 	1.13174 	-0.0524037 	0
2 	2.61061 	-5.17207e-17 	1.12773 	-0.0471099 	0
2 	2.70052 	-5.04197e-17 	1.12395 	-0.0420995 	0
2 	2.79368 	-5.04197e-17 	1.12039 	-0.037366 	0
2 	2.89021 	-5.11136e-17 	1.11707 	-0.0329006 	0
2 	2.99024 	-5.12003e-17 	1.114 	-0.0286916 	0
2 	3.09388 	-5.05932e-17 	1.11119 	-0.024724 	0
2 	3.20128 	-5.05932e-17 	1.10865 	-0.0209793 	0
2 	3.31256 	-5.05932e-17 	1.1064 	-0.0174349 	0
2 	3.42786 	-5.05932e-17 	1.10446 	-0.0140637 	0
2 	3.54734 	-5.12871e-17 	1.10284 	-0.0108326 	0
2 	3.67115 	-5.26748e-17 	1.10158 	-0.00770222 	0
2 	3.79943 	-5.33687e-17 	1.10069 	-0.00462767 	0
2 	3.93236 	-5.3603e-17 	1.10023 	-0.00154572 	0
