/*--------------------------------*- C++ -*----------------------------------*\
  =========                 |
  \\      /  F ield         | OpenFOAM: The Open Source CFD Toolbox
   \\    /   O peration     | Website:  https://openfoam.org
    \\  /    A nd           | Version:  7
     \\/     M anipulation  |
\*---------------------------------------------------------------------------*/
FoamFile
{
    version     2.0;
    format      ascii;
    class       volScalarField;
    location    "20";
    object      p;
}
// * * * * * * * * * * * * * * * * * * * * * * * * * * * * * * * * * * * * * //

dimensions      [0 2 -2 0 0 0 0];

internalField   nonuniform List<scalar> 
5600
(
-0.111986
-0.116571
-0.117626
-0.119665
-0.121476
-0.123126
-0.12498
-0.125332
-0.127512
-0.125604
-0.112285
-0.116803
-0.117844
-0.119863
-0.121671
-0.123295
-0.125207
-0.125412
-0.127858
-0.12558
-0.112876
-0.117259
-0.118272
-0.120249
-0.122049
-0.123618
-0.125653
-0.125541
-0.128552
-0.125513
-0.113744
-0.117928
-0.118894
-0.120805
-0.122592
-0.124065
-0.126303
-0.125657
-0.129603
-0.125369
-0.114865
-0.11879
-0.119688
-0.121505
-0.123269
-0.124595
-0.127135
-0.125678
-0.131013
-0.125094
-0.116213
-0.119824
-0.120628
-0.122316
-0.124045
-0.125155
-0.128118
-0.125513
-0.132778
-0.124602
-0.117758
-0.121005
-0.121684
-0.123202
-0.124881
-0.125694
-0.129212
-0.125064
-0.134883
-0.123782
-0.11947
-0.122308
-0.122826
-0.124125
-0.125733
-0.126159
-0.130373
-0.124275
-0.137173
-0.122745
-0.121318
-0.123707
-0.124021
-0.125049
-0.126559
-0.126502
-0.131519
-0.12334
-0.138864
-0.121891
-0.123276
-0.12518
-0.125245
-0.125945
-0.127326
-0.126708
-0.132299
-0.122531
-0.140258
-0.120633
-0.125322
-0.12671
-0.126472
-0.126785
-0.128004
-0.126958
-0.132654
-0.12157
-0.141341
-0.119318
-0.127444
-0.128284
-0.127686
-0.127549
-0.128421
-0.127205
-0.132736
-0.12054
-0.141631
-0.118493
-0.129634
-0.129896
-0.128881
-0.128279
-0.128686
-0.127296
-0.132481
-0.119725
-0.140609
-0.118539
-0.131898
-0.131547
-0.130053
-0.128926
-0.128837
-0.127272
-0.131795
-0.119322
-0.137927
-0.11912
-0.134248
-0.133245
-0.131218
-0.129506
-0.128868
-0.127158
-0.130688
-0.11931
-0.133714
-0.119121
-0.136712
-0.134999
-0.132401
-0.130054
-0.128808
-0.126923
-0.129237
-0.119403
-0.128628
-0.117515
-0.139326
-0.13684
-0.133627
-0.130608
-0.12871
-0.126527
-0.127524
-0.119189
-0.123355
-0.114061
-0.142139
-0.138797
-0.134936
-0.131209
-0.128627
-0.125966
-0.125583
-0.118346
-0.118085
-0.109221
-0.145201
-0.140909
-0.136377
-0.131898
-0.128585
-0.125278
-0.123416
-0.116723
-0.112556
-0.103751
-0.148541
-0.143238
-0.138002
-0.132709
-0.128579
-0.124511
-0.121036
-0.114272
-0.106604
-0.0982271
-0.152232
-0.145825
-0.139861
-0.133653
-0.128606
-0.12368
-0.118451
-0.110993
-0.100678
-0.0924245
-0.156342
-0.148719
-0.141997
-0.13473
-0.128696
-0.122748
-0.115634
-0.106966
-0.0950327
-0.0854762
-0.160932
-0.151975
-0.144427
-0.135945
-0.128891
-0.121642
-0.112544
-0.102421
-0.0891271
-0.0785114
-0.166057
-0.155652
-0.14714
-0.137346
-0.129192
-0.120277
-0.109157
-0.0974304
-0.0830918
-0.0716466
-0.171774
-0.159793
-0.150106
-0.139015
-0.129522
-0.118591
-0.105447
-0.0921212
-0.0768884
-0.0647582
-0.178135
-0.164417
-0.153322
-0.141013
-0.129762
-0.116542
-0.101411
-0.0865447
-0.0705336
-0.0578745
-0.185194
-0.169497
-0.15685
-0.143298
-0.129794
-0.114109
-0.0970499
-0.080737
-0.0640431
-0.0509056
-0.19299
-0.174969
-0.160814
-0.145724
-0.12952
-0.111275
-0.0923659
-0.0747101
-0.0574085
-0.0438424
-0.201541
-0.180753
-0.165334
-0.148091
-0.128856
-0.10803
-0.0873569
-0.0684617
-0.0506237
-0.0366427
-0.210818
-0.186786
-0.170436
-0.150219
-0.127729
-0.104359
-0.0820151
-0.0619806
-0.0436679
-0.0292854
-0.220759
-0.19305
-0.175979
-0.151973
-0.126069
-0.100238
-0.0763257
-0.0552488
-0.0365198
-0.0217433
-0.231123
-0.199567
-0.181663
-0.153246
-0.123822
-0.0956397
-0.0702673
-0.0482444
-0.0291533
-0.0139948
-0.241699
-0.206368
-0.187087
-0.153926
-0.120936
-0.0905293
-0.0638127
-0.0409421
-0.0215424
-0.00601869
-0.252195
-0.213457
-0.191854
-0.15389
-0.117366
-0.0848715
-0.0569316
-0.0333152
-0.0136607
0.00220337
-0.262318
-0.220763
-0.195634
-0.153001
-0.113066
-0.0786308
-0.0495917
-0.0253358
-0.00548262
0.0106882
-0.271793
-0.22811
-0.198193
-0.151122
-0.107985
-0.0717716
-0.0417613
-0.016977
0.00301681
0.0194509
-0.280382
-0.235205
-0.199386
-0.148135
-0.102069
-0.0642585
-0.0334102
-0.00821319
0.0118605
0.0285039
-0.287876
-0.241666
-0.199118
-0.143943
-0.0952652
-0.0560567
-0.0245106
0.000979141
0.0210673
0.037852
-0.294097
-0.24706
-0.197324
-0.13847
-0.08752
-0.047132
-0.0150369
0.010621
0.03065
0.0474863
-0.298886
-0.250964
-0.193934
-0.131665
-0.0787873
-0.0374521
-0.00496628
0.0207311
0.040615
0.0573843
-0.302096
-0.253006
-0.188867
-0.123486
-0.0690271
-0.0269888
0.00572026
0.0313262
0.0509672
0.0675279
-0.303584
-0.252886
-0.182039
-0.1139
-0.0582081
-0.0157194
0.0170371
0.0424193
0.0617161
0.0779408
-0.303199
-0.250374
-0.173376
-0.102884
-0.0463075
-0.00362713
0.0289949
0.0540187
0.0728716
0.0887134
-0.300776
-0.245311
-0.162817
-0.0904197
-0.0333124
0.00930105
0.0416057
0.0661265
0.0844215
0.0999733
-0.29614
-0.237587
-0.150319
-0.0764986
-0.0192166
0.0230788
0.0548847
0.0787355
0.0963252
0.111723
-0.289103
-0.227138
-0.135854
-0.0611177
-0.00401223
0.0377174
0.0688349
0.0918121
0.10859
0.123647
-0.279478
-0.213931
-0.119412
-0.0442743
0.0123202
0.0532032
0.0834078
0.105284
0.121326
0.135687
-0.267088
-0.197958
-0.101
-0.0259642
0.0297977
0.0694647
0.098477
0.119234
0.134469
0.147894
-0.251775
-0.179228
-0.0806347
-0.00620335
0.0483556
0.0864008
0.114135
0.133634
0.14795
0.160289
-0.233412
-0.157764
-0.0583269
0.0149247
0.0677618
0.104178
0.130347
0.148451
0.161722
0.172862
-0.211915
-0.133625
-0.0340658
0.0372505
0.0881259
0.122685
0.147077
0.163647
0.175747
0.185584
-0.187248
-0.106964
-0.00787531
0.0607688
0.109403
0.141854
0.164281
0.179183
0.189986
0.198412
-0.159428
-0.0780171
0.0200224
0.0856286
0.131534
0.161619
0.181906
0.195013
0.2044
0.211294
-0.12852
-0.0468221
0.0495458
0.111658
0.154445
0.181912
0.199897
0.211093
0.218948
0.224183
-0.0946783
-0.0128678
0.0801364
0.138681
0.178052
0.202661
0.21819
0.227376
0.233594
0.237052
-0.0581548
0.0235373
0.111931
0.166544
0.202257
0.22379
0.23672
0.243814
0.248293
0.249834
-0.0190326
0.0619303
0.144909
0.195111
0.226948
0.245213
0.255424
0.260362
0.262944
0.262251
0.023072
0.101298
0.178888
0.224253
0.25201
0.266845
0.274247
0.276967
0.277352
0.273801
0.0673958
0.141658
0.213651
0.253835
0.277322
0.288595
0.29313
0.29355
0.29131
0.284335
0.113546
0.182921
0.248979
0.283704
0.302761
0.310372
0.311995
0.30998
0.304795
0.294962
0.161149
0.224881
0.284651
0.313702
0.328197
0.332076
0.330734
0.3261
0.317894
0.308037
0.209805
0.267279
0.320443
0.34366
0.353501
0.353603
0.349236
0.341865
0.331084
0.321238
0.259104
0.309826
0.356127
0.373405
0.378537
0.374841
0.367408
0.357309
0.344352
0.333939
0.308628
0.352217
0.391471
0.402759
0.403167
0.395675
0.385164
0.372402
0.357514
0.346163
0.357951
0.394143
0.426243
0.431545
0.427251
0.415994
0.402424
0.387092
0.370396
0.357828
0.406649
0.435291
0.46021
0.459584
0.450649
0.435684
0.41911
0.401308
0.382881
0.368931
0.454303
0.475352
0.49314
0.486698
0.473223
0.454637
0.435138
0.414972
0.39487
0.379445
0.500502
0.514019
0.524809
0.512715
0.494836
0.472746
0.450426
0.428009
0.40629
0.389348
0.544846
0.551
0.554996
0.537464
0.515358
0.489908
0.464894
0.440344
0.417075
0.39861
0.586957
0.586009
0.58349
0.560784
0.534661
0.506025
0.478462
0.451909
0.427168
0.407206
0.62648
0.618769
0.610091
0.582519
0.552625
0.521002
0.491057
0.46264
0.436515
0.415109
0.663083
0.64902
0.634608
0.602524
0.569138
0.534751
0.502607
0.472477
0.44507
0.422293
0.696456
0.676526
0.656867
0.620664
0.584094
0.547189
0.513046
0.481365
0.452788
0.428735
0.726313
0.701074
0.676707
0.636817
0.597398
0.558243
0.522317
0.489256
0.459631
0.434415
0.752398
0.722476
0.693987
0.650873
0.608965
0.567846
0.530365
0.496104
0.465563
0.439315
0.774486
0.740567
0.708581
0.662736
0.618721
0.57594
0.537144
0.501871
0.470555
0.443421
0.792389
0.755209
0.720385
0.672325
0.626603
0.582475
0.542615
0.506524
0.474579
0.446719
0.805952
0.766289
0.729313
0.679575
0.63256
0.587412
0.546747
0.510037
0.477616
0.4492
0.815059
0.773723
0.735302
0.684437
0.636552
0.59072
0.549515
0.512391
0.47965
0.450858
0.819633
0.777454
0.738307
0.686876
0.638555
0.592379
0.550903
0.513571
0.480669
0.451688
0.819633
0.777454
0.738307
0.686876
0.638555
0.592379
0.550903
0.513571
0.480669
0.451688
0.815059
0.773723
0.735302
0.684437
0.636552
0.59072
0.549515
0.512391
0.47965
0.450858
0.805952
0.766289
0.729313
0.679575
0.63256
0.587412
0.546747
0.510037
0.477616
0.4492
0.792389
0.755209
0.720385
0.672325
0.626603
0.582475
0.542615
0.506524
0.474579
0.446719
0.774486
0.740567
0.708581
0.662736
0.618721
0.57594
0.537144
0.501871
0.470555
0.443421
0.752398
0.722476
0.693987
0.650873
0.608965
0.567846
0.530365
0.496104
0.465564
0.439315
0.726313
0.701075
0.676708
0.636817
0.597398
0.558243
0.522317
0.489256
0.459631
0.434415
0.696456
0.676526
0.656867
0.620664
0.584094
0.547189
0.513046
0.481365
0.452788
0.428735
0.663083
0.64902
0.634608
0.602524
0.569138
0.534751
0.502607
0.472477
0.44507
0.422293
0.62648
0.618769
0.610091
0.582519
0.552625
0.521002
0.491057
0.46264
0.436515
0.415109
0.586957
0.586009
0.58349
0.560784
0.534661
0.506025
0.478462
0.451909
0.427168
0.407206
0.544846
0.551
0.554996
0.537464
0.515358
0.489908
0.464894
0.440344
0.417076
0.39861
0.500502
0.51402
0.524809
0.512715
0.494836
0.472746
0.450426
0.428009
0.406291
0.389348
0.454304
0.475352
0.49314
0.486699
0.473223
0.454637
0.435138
0.414972
0.394871
0.379445
0.40665
0.435292
0.46021
0.459584
0.450649
0.435684
0.41911
0.401308
0.382881
0.368931
0.357951
0.394144
0.426243
0.431545
0.427251
0.415994
0.402425
0.387092
0.370396
0.357828
0.308628
0.352218
0.391471
0.402759
0.403167
0.395676
0.385164
0.372402
0.357514
0.346163
0.259104
0.309826
0.356127
0.373405
0.378537
0.374841
0.367408
0.357309
0.344352
0.333939
0.209805
0.267279
0.320443
0.34366
0.353501
0.353603
0.349236
0.341865
0.331084
0.321238
0.161149
0.224882
0.284651
0.313703
0.328197
0.332076
0.330734
0.3261
0.317894
0.308037
0.113547
0.182921
0.248979
0.283705
0.302761
0.310372
0.311995
0.30998
0.304795
0.294962
0.0673961
0.141658
0.213652
0.253835
0.277322
0.288595
0.29313
0.29355
0.29131
0.284335
0.0230723
0.101299
0.178888
0.224254
0.25201
0.266845
0.274247
0.276967
0.277352
0.273801
-0.0190323
0.0619306
0.144909
0.195111
0.226948
0.245214
0.255424
0.260362
0.262944
0.262252
-0.0581545
0.0235376
0.111932
0.166544
0.202257
0.22379
0.23672
0.243814
0.248293
0.249834
-0.094678
-0.0128676
0.0801366
0.138681
0.178052
0.202662
0.21819
0.227376
0.233594
0.237052
-0.12852
-0.0468218
0.0495461
0.111658
0.154445
0.181912
0.199897
0.211094
0.218948
0.224183
-0.159427
-0.0780168
0.0200227
0.0856289
0.131534
0.161619
0.181907
0.195014
0.2044
0.211294
-0.187248
-0.106964
-0.00787503
0.0607691
0.109403
0.141854
0.164281
0.179183
0.189986
0.198412
-0.211914
-0.133625
-0.0340655
0.0372508
0.0881262
0.122685
0.147077
0.163648
0.175747
0.185584
-0.233412
-0.157764
-0.0583266
0.0149249
0.067762
0.104178
0.130347
0.148451
0.161722
0.172863
-0.251774
-0.179228
-0.0806344
-0.00620308
0.0483559
0.0864011
0.114136
0.133634
0.14795
0.160289
-0.267087
-0.197958
-0.100999
-0.0259639
0.029798
0.069465
0.0984773
0.119235
0.134469
0.147895
-0.279478
-0.213931
-0.119412
-0.044274
0.0123205
0.0532035
0.0834081
0.105284
0.121327
0.135687
-0.289102
-0.227138
-0.135854
-0.0611174
-0.00401195
0.0377177
0.0688352
0.0918124
0.108591
0.123647
-0.296139
-0.237587
-0.150319
-0.0764983
-0.0192163
0.0230791
0.054885
0.0787358
0.0963256
0.111723
-0.300776
-0.24531
-0.162817
-0.0904195
-0.0333121
0.00930134
0.041606
0.0661268
0.0844218
0.0999737
-0.303199
-0.250374
-0.173375
-0.102884
-0.0463073
-0.00362683
0.0289953
0.0540191
0.072872
0.0887138
-0.303584
-0.252886
-0.182038
-0.1139
-0.0582078
-0.0157191
0.0170374
0.0424197
0.0617164
0.0779411
-0.302096
-0.253006
-0.188867
-0.123485
-0.0690268
-0.0269885
0.00572059
0.0313265
0.0509676
0.0675283
-0.298885
-0.250964
-0.193934
-0.131665
-0.078787
-0.0374518
-0.00496594
0.0207315
0.0406154
0.0573847
-0.294097
-0.24706
-0.197323
-0.13847
-0.0875197
-0.0471317
-0.0150365
0.0106213
0.0306504
0.0474867
-0.287876
-0.241666
-0.199118
-0.143942
-0.0952648
-0.0560564
-0.0245102
0.000979524
0.0210677
0.0378524
-0.280381
-0.235205
-0.199385
-0.148135
-0.102069
-0.0642582
-0.0334099
-0.00821279
0.0118609
0.0285044
-0.271793
-0.228109
-0.198193
-0.151122
-0.107985
-0.0717712
-0.0417609
-0.0169766
0.00301724
0.0194514
-0.262317
-0.220763
-0.195633
-0.153
-0.113066
-0.0786305
-0.0495913
-0.0253354
-0.00548216
0.0106887
-0.252195
-0.213457
-0.191854
-0.15389
-0.117366
-0.0848712
-0.0569312
-0.0333147
-0.0136602
0.00220388
-0.241698
-0.206368
-0.187087
-0.153926
-0.120936
-0.0905289
-0.0638123
-0.0409417
-0.0215419
-0.00601816
-0.231123
-0.199566
-0.181662
-0.153245
-0.123821
-0.0956394
-0.0702669
-0.0482439
-0.0291528
-0.0139942
-0.220758
-0.19305
-0.175979
-0.151973
-0.126069
-0.100238
-0.0763253
-0.0552483
-0.0365193
-0.0217428
-0.210818
-0.186785
-0.170436
-0.150218
-0.127728
-0.104359
-0.0820147
-0.0619801
-0.0436673
-0.0292848
-0.201541
-0.180752
-0.165334
-0.148091
-0.128856
-0.10803
-0.0873564
-0.0684611
-0.0506231
-0.036642
-0.19299
-0.174969
-0.160814
-0.145724
-0.129519
-0.111275
-0.0923654
-0.0747096
-0.0574079
-0.0438417
-0.185193
-0.169497
-0.15685
-0.143298
-0.129794
-0.114108
-0.0970495
-0.0807365
-0.0640425
-0.0509049
-0.178135
-0.164416
-0.153322
-0.141012
-0.129762
-0.116542
-0.101411
-0.0865441
-0.070533
-0.0578737
-0.171773
-0.159793
-0.150106
-0.139015
-0.129522
-0.11859
-0.105446
-0.0921206
-0.0768877
-0.0647574
-0.166057
-0.155651
-0.14714
-0.137346
-0.129192
-0.120276
-0.109156
-0.0974298
-0.0830911
-0.0716458
-0.160931
-0.151975
-0.144427
-0.135945
-0.128891
-0.121641
-0.112543
-0.10242
-0.0891263
-0.0785104
-0.156342
-0.148718
-0.141997
-0.13473
-0.128696
-0.122748
-0.115634
-0.106965
-0.0950319
-0.0854753
-0.152232
-0.145825
-0.139861
-0.133653
-0.128606
-0.123679
-0.11845
-0.110992
-0.100677
-0.0924235
-0.148541
-0.143238
-0.138002
-0.132709
-0.128579
-0.124511
-0.121036
-0.114271
-0.106603
-0.0982259
-0.145201
-0.140908
-0.136377
-0.131898
-0.128584
-0.125278
-0.123416
-0.116723
-0.112555
-0.10375
-0.142139
-0.138797
-0.134936
-0.131208
-0.128626
-0.125966
-0.125582
-0.118345
-0.118084
-0.10922
-0.139326
-0.13684
-0.133626
-0.130607
-0.128709
-0.126527
-0.127524
-0.119188
-0.123354
-0.114059
-0.136711
-0.134999
-0.1324
-0.130054
-0.128808
-0.126922
-0.129237
-0.119402
-0.128627
-0.117513
-0.134248
-0.133244
-0.131217
-0.129506
-0.128868
-0.127158
-0.130688
-0.119309
-0.133712
-0.119119
-0.131897
-0.131547
-0.130053
-0.128926
-0.128837
-0.127272
-0.131794
-0.119321
-0.137926
-0.119119
-0.129634
-0.129896
-0.128881
-0.128278
-0.128686
-0.127295
-0.132481
-0.119724
-0.140608
-0.118537
-0.127444
-0.128284
-0.127686
-0.127549
-0.128421
-0.127205
-0.132736
-0.120539
-0.14163
-0.118492
-0.125322
-0.12671
-0.126472
-0.126785
-0.128004
-0.126958
-0.132653
-0.121569
-0.14134
-0.119316
-0.123276
-0.12518
-0.125244
-0.125945
-0.127326
-0.126708
-0.132299
-0.122531
-0.140257
-0.120632
-0.121318
-0.123706
-0.124021
-0.125049
-0.126559
-0.126502
-0.131518
-0.123339
-0.138863
-0.121889
-0.11947
-0.122307
-0.122825
-0.124124
-0.125733
-0.126158
-0.130373
-0.124274
-0.137172
-0.122744
-0.117758
-0.121005
-0.121684
-0.123201
-0.124881
-0.125693
-0.129212
-0.125063
-0.134882
-0.12378
-0.116213
-0.119824
-0.120628
-0.122316
-0.124045
-0.125155
-0.128118
-0.125512
-0.132778
-0.124601
-0.114865
-0.11879
-0.119688
-0.121505
-0.123269
-0.124594
-0.127135
-0.125678
-0.131013
-0.125093
-0.113744
-0.117928
-0.118893
-0.120805
-0.122592
-0.124065
-0.126303
-0.125656
-0.129603
-0.125368
-0.112876
-0.117259
-0.118272
-0.120249
-0.122049
-0.123618
-0.125653
-0.12554
-0.128552
-0.125513
-0.112285
-0.116803
-0.117844
-0.119863
-0.121671
-0.123295
-0.125207
-0.125412
-0.127857
-0.12558
-0.111985
-0.116571
-0.117626
-0.119665
-0.121476
-0.123126
-0.12498
-0.125332
-0.127512
-0.125604
-0.125982
-0.125874
-0.125664
-0.12534
-0.124871
-0.124237
-0.123408
-0.12235
-0.121008
-0.11931
-0.117145
-0.114354
-0.110693
-0.105847
-0.0992501
-0.0904059
-0.0783693
-0.0614173
-0.0421237
-0.0102559
-0.126171
-0.126048
-0.125826
-0.125494
-0.125019
-0.124379
-0.123548
-0.122489
-0.121152
-0.119462
-0.11731
-0.114537
-0.110897
-0.10608
-0.0995129
-0.090704
-0.0787096
-0.0617463
-0.0423985
-0.00999781
-0.126532
-0.126378
-0.126128
-0.125783
-0.125295
-0.124645
-0.123809
-0.122752
-0.121422
-0.119748
-0.11762
-0.114883
-0.111282
-0.10652
-0.100007
-0.0912663
-0.0793498
-0.0623702
-0.0429331
-0.00953277
-0.127035
-0.126831
-0.126533
-0.126169
-0.125664
-0.125002
-0.124161
-0.123107
-0.121789
-0.120139
-0.118044
-0.115356
-0.111809
-0.107122
-0.100691
-0.0920317
-0.0802164
-0.0632255
-0.0436931
-0.0089599
-0.127656
-0.127364
-0.12699
-0.126601
-0.126079
-0.125407
-0.124563
-0.123515
-0.122214
-0.120594
-0.118539
-0.115911
-0.112425
-0.107821
-0.101457
-0.0929177
-0.0812167
-0.0642295
-0.0446322
-0.00842866
-0.128431
-0.127925
-0.127444
-0.127028
-0.126492
-0.125812
-0.12497
-0.123934
-0.122656
-0.121071
-0.119061
-0.1165
-0.113077
-0.108563
-0.102297
-0.0938554
-0.0822576
-0.0652717
-0.045711
-0.00820948
-0.129448
-0.128438
-0.127839
-0.127397
-0.126852
-0.126172
-0.12534
-0.124324
-0.123072
-0.121528
-0.119563
-0.117073
-0.113711
-0.109288
-0.103138
-0.0947626
-0.0832786
-0.0662211
-0.0468065
-0.00876816
-0.129722
-0.128986
-0.128163
-0.127655
-0.127116
-0.126448
-0.125635
-0.124646
-0.123426
-0.121927
-0.120007
-0.117586
-0.114279
-0.109941
-0.103881
-0.09558
-0.0841393
-0.0672106
-0.0475973
-0.00997029
-0.129557
-0.129353
-0.12835
-0.127766
-0.127245
-0.126602
-0.125816
-0.124863
-0.123681
-0.122229
-0.120353
-0.117998
-0.114734
-0.110405
-0.104477
-0.0962466
-0.0848657
-0.0679481
-0.048263
-0.0111215
-0.128854
-0.129308
-0.128324
-0.127696
-0.127199
-0.126594
-0.125847
-0.124939
-0.123798
-0.122398
-0.120562
-0.118271
-0.115055
-0.110976
-0.10491
-0.096716
-0.0853936
-0.0684442
-0.0487265
-0.012182
-0.127395
-0.128616
-0.127958
-0.127382
-0.126925
-0.126374
-0.12568
-0.124827
-0.123732
-0.122389
-0.120591
-0.118356
-0.115159
-0.111094
-0.105118
-0.0969495
-0.0856826
-0.0686961
-0.048937
-0.0131479
-0.125234
-0.127132
-0.127065
-0.12671
-0.126338
-0.125867
-0.125253
-0.124469
-0.123428
-0.122148
-0.120391
-0.118211
-0.114908
-0.111007
-0.105074
-0.0969118
-0.0856997
-0.0686939
-0.0488803
-0.0139839
-0.122806
-0.124881
-0.125504
-0.125536
-0.125318
-0.124976
-0.12448
-0.12379
-0.122817
-0.121612
-0.119906
-0.117808
-0.11477
-0.11064
-0.104733
-0.0965722
-0.0854142
-0.0684317
-0.0485565
-0.0146624
-0.120546
-0.122138
-0.123316
-0.123757
-0.123737
-0.12359
-0.123266
-0.122704
-0.121823
-0.120712
-0.119069
-0.117027
-0.113913
-0.109924
-0.104059
-0.0959041
-0.0848019
-0.0679055
-0.0479754
-0.0151696
-0.118221
-0.119155
-0.120651
-0.121352
-0.121518
-0.121623
-0.121521
-0.121128
-0.120373
-0.119381
-0.117821
-0.115851
-0.1128
-0.108843
-0.10302
-0.0948891
-0.0838484
-0.0671137
-0.0471558
-0.0155023
-0.11548
-0.115992
-0.11761
-0.118349
-0.118656
-0.119041
-0.119189
-0.118999
-0.118411
-0.11757
-0.116122
-0.114245
-0.11125
-0.107356
-0.101594
-0.093519
-0.0825521
-0.0660597
-0.0461224
-0.0156656
-0.112059
-0.112579
-0.114184
-0.114792
-0.115218
-0.115875
-0.116268
-0.116307
-0.115921
-0.115257
-0.113953
-0.112196
-0.109244
-0.105458
-0.0997789
-0.0917999
-0.0809271
-0.0647559
-0.044907
-0.0156727
-0.108055
-0.108891
-0.110338
-0.110754
-0.111313
-0.112207
-0.112825
-0.11311
-0.11295
-0.112486
-0.111349
-0.109747
-0.107145
-0.103163
-0.0975998
-0.0897638
-0.079016
-0.0632384
-0.0435603
-0.0155492
-0.103968
-0.105074
-0.106123
-0.106331
-0.106999
-0.108047
-0.10886
-0.109398
-0.109487
-0.109254
-0.10833
-0.106915
-0.104354
-0.100548
-0.0951122
-0.0874638
-0.0768811
-0.0615598
-0.0421391
-0.0153264
-0.0998568
-0.101111
-0.101466
-0.101411
-0.102108
-0.103233
-0.104212
-0.104989
-0.105334
-0.105355
-0.104676
-0.10346
-0.100809
-0.0974556
-0.0922305
-0.0848228
-0.0744415
-0.0596255
-0.0405592
-0.0149742
-0.0921633
-0.0956948
-0.0960229
-0.096145
-0.0969927
-0.0982583
-0.0994309
-0.100399
-0.10093
-0.101121
-0.100645
-0.0996675
-0.0975978
-0.0937871
-0.0885983
-0.0813621
-0.0711671
-0.0569306
-0.0384099
-0.0143566
-0.0815412
-0.0870247
-0.0882967
-0.0885463
-0.0894268
-0.0909113
-0.0923944
-0.0936328
-0.0943973
-0.0947856
-0.0945004
-0.0936026
-0.0914658
-0.0882562
-0.0833967
-0.0765056
-0.0667004
-0.0532946
-0.0356498
-0.0134234
-0.0709995
-0.0775766
-0.0795989
-0.0800752
-0.0810411
-0.0827345
-0.0845187
-0.0860402
-0.087052
-0.0876554
-0.087595
-0.0868976
-0.0850997
-0.0822389
-0.0776292
-0.0711227
-0.061804
-0.0493119
-0.03274
-0.012382
-0.0607848
-0.0675935
-0.0701838
-0.0710502
-0.0722144
-0.0741034
-0.0761539
-0.077957
-0.0792309
-0.080069
-0.0802522
-0.0798176
-0.0783349
-0.075772
-0.0714888
-0.0654446
-0.0567112
-0.0451828
-0.0298243
-0.0113001
-0.0501716
-0.0571254
-0.0602356
-0.0615789
-0.0630305
-0.0651243
-0.0674149
-0.069493
-0.071043
-0.0721348
-0.0725749
-0.0724117
-0.0712183
-0.0689828
-0.0651112
-0.0595882
-0.0515242
-0.0409911
-0.0269415
-0.0101988
-0.0393932
-0.0464189
-0.0499665
-0.0517878
-0.0535708
-0.055887
-0.058404
-0.060746
-0.06258
-0.0639427
-0.0646548
-0.064772
-0.0638945
-0.0620365
-0.0586141
-0.0536527
-0.0463261
-0.036808
-0.0241221
-0.00910753
-0.0287387
-0.0356585
-0.0395432
-0.0418125
-0.0439401
-0.0464915
-0.0492272
-0.0518196
-0.0539368
-0.0555826
-0.0565843
-0.0570008
-0.0564716
-0.055013
-0.0520783
-0.0477162
-0.0411829
-0.0326921
-0.0213911
-0.00805085
-0.0182631
-0.0249824
-0.0291158
-0.0317854
-0.0342489
-0.0370384
-0.0399851
-0.0428124
-0.045205
-0.0471392
-0.0484465
-0.0491812
-0.0490237
-0.0479844
-0.0455716
-0.0418414
-0.0361414
-0.0286849
-0.0187628
-0.00704188
-0.00809078
-0.014544
-0.018836
-0.0218432
-0.0246158
-0.0276333
-0.0307788
-0.0338229
-0.0364768
-0.0386969
-0.0403194
-0.0413861
-0.0416171
-0.0410166
-0.0391535
-0.0360793
-0.031235
-0.0248137
-0.0162449
-0.00608617
0.00164653
-0.00447672
-0.00884275
-0.0121192
-0.0151614
-0.0183856
-0.0217113
-0.024951
-0.027847
-0.0303431
-0.0322815
-0.0336884
-0.0343195
-0.0341732
-0.0328755
-0.0304736
-0.0264923
-0.0210988
-0.0138438
-0.00518569
0.0108703
0.0051103
0.000739416
-0.0027382
-0.00600315
-0.00940457
-0.0128868
-0.0162983
-0.0194134
-0.0221694
-0.0244159
-0.0261639
-0.0272003
-0.0275187
-0.0268081
-0.0250658
-0.0219402
-0.0175576
-0.0115664
-0.00434101
0.0195023
0.0141178
0.00979776
0.0061826
0.00274424
-0.000800895
-0.00441279
-0.00796991
-0.0112781
-0.0142725
-0.0168121
-0.0188938
-0.0203308
-0.0211111
-0.0209632
-0.0198938
-0.0176073
-0.0142077
-0.00942092
-0.0035527
0.027467
0.0224592
0.0182323
0.0145348
0.0109698
0.00731532
0.00360203
-7.37268e-05
-0.00354704
-0.00675464
-0.00956574
-0.0119661
-0.0137902
-0.0150201
-0.0154256
-0.0150089
-0.0135286
-0.0110691
-0.0074176
-0.00282228
0.0347026
0.030059
0.0259529
0.0222179
0.0185679
0.0148365
0.0110492
0.00728143
0.00367131
0.000278179
-0.00277797
-0.00547427
-0.00766346
-0.0093223
-0.0102572
-0.0104631
-0.00974319
-0.00816609
-0.00556942
-0.00215262
0.041155
0.0368501
0.0328791
0.0291406
0.0254402
0.0216601
0.0178232
0.0139878
0.0102682
0.00671824
0.00344693
0.000483359
-0.00204113
-0.00409873
-0.00552544
-0.00631038
-0.00629289
-0.00552696
-0.0038922
-0.00154788
0.0467655
0.0427649
0.0389317
0.0352133
0.0314895
0.0276834
0.0238174
0.0199357
0.0161319
0.0124537
0.00899937
0.00580222
0.00297973
0.00056315
-0.00130731
-0.0026208
-0.00322554
-0.00318463
-0.00240542
-0.00101376
0.0514798
0.0477397
0.0440353
0.0403497
0.0366206
0.0328048
0.0289247
0.0250136
0.0211475
0.0173684
0.0137644
0.0103713
0.00729519
0.00456978
0.00231756
0.000558721
-0.000593532
-0.00117892
-0.00113391
-0.000558505
0.055223
0.0516928
0.0480991
0.0444499
0.0407262
0.0369106
0.0330264
0.0290985
0.0251891
0.0213348
0.0176154
0.0140678
0.0107891
0.00781516
0.00525478
0.00313028
0.00153527
0.000440979
-0.000106998
-0.000190886
0.05788
0.0545023
0.050992
0.047374
0.0436594
0.0398487
0.0359658
0.03203
0.0280936
0.0241891
0.0203899
0.0167335
0.0133101
0.0101571
0.00737305
0.00498123
0.00306529
0.00160674
0.000632341
7.32915e-05
0.0593894
0.0560803
0.0526061
0.0489995
0.0452857
0.0414744
0.0375895
0.0336473
0.0296946
0.0257618
0.021918
0.0182016
0.0146982
0.0114468
0.0085389
0.00600043
0.00390634
0.00224515
0.00103475
0.00021762
0.0661632
0.0567111
0.0474358
0.0383551
0.0294781
0.020803
0.0123238
0.00403347
-0.00407534
-0.0120097
-0.0197787
-0.0273882
-0.0348471
-0.0421576
-0.0493159
-0.0563458
-0.0631607
-0.0700379
-0.0765878
-0.0844893
0.0706112
0.0616286
0.0528106
0.0441637
0.0356881
0.0273797
0.0192328
0.0112431
0.00340607
-0.00428125
-0.0118214
-0.0192166
-0.0264598
-0.0335659
-0.0404831
-0.0473329
-0.0538717
-0.0606816
-0.0668664
-0.0743139
0.0749635
0.0665215
0.0582391
0.0501144
0.0421455
0.0343296
0.0266637
0.0191451
0.0117722
0.00454172
-0.00254408
-0.00949582
-0.0162956
-0.0229947
-0.0295135
-0.0360507
-0.0423204
-0.0489112
-0.0551769
-0.062599
0.0792058
0.0712764
0.0634846
0.0558265
0.0483024
0.0409121
0.0336552
0.026529
0.0195332
0.0126605
0.0059145
-0.000728444
-0.00724829
-0.0137179
-0.0200582
-0.0264578
-0.032701
-0.0391965
-0.0455981
-0.052605
0.0832515
0.0757969
0.0684576
0.0612296
0.0541135
0.0471091
0.0402156
0.0334284
0.0267463
0.0201583
0.0136675
0.00724715
0.000917719
-0.00537904
-0.0115747
-0.0177798
-0.023849
-0.0299612
-0.0359867
-0.0423438
0.0870765
0.0800739
0.0731692
0.066359
0.0596431
0.0530206
0.0464903
0.0400471
0.0336902
0.0274102
0.0212122
0.0150799
0.0090343
0.00304877
-0.00282867
-0.00864365
-0.0143407
-0.020012
-0.0257304
-0.0317707
0.0906906
0.0841233
0.0776397
0.0712371
0.0649159
0.0586752
0.0525147
0.0464316
0.0404269
0.0344968
0.0286472
0.0228724
0.0171847
0.0115717
0.00604429
0.000575415
-0.00485039
-0.0102696
-0.0157874
-0.0215117
0.094092
0.0879424
0.0818637
0.0758553
0.0699184
0.064053
0.0582599
0.0525386
0.0468906
0.0413149
0.0358136
0.0303825
0.0250209
0.0197198
0.0144713
0.00927121
0.00410014
-0.00102305
-0.00620326
-0.0115111
0.0972864
0.0915302
0.0858357
0.0802036
0.074635
0.0691306
0.0636912
0.0583173
0.0530092
0.0477659
0.0425859
0.0374668
0.0324053
0.0274023
0.0224532
0.0175711
0.0127349
0.00796385
0.0031385
-0.0017994
0.100283
0.0948883
0.0895532
0.0842759
0.0790553
0.0738921
0.0687874
0.0637421
0.0587563
0.0538302
0.0489631
0.0441565
0.0394094
0.0347268
0.0301027
0.0255457
0.0210277
0.016563
0.0120512
0.00746128
0.103044
0.0979936
0.0929985
0.0880556
0.0831635
0.0783231
0.0735362
0.0688046
0.0641294
0.0595121
0.0549531
0.0504542
0.0460138
0.0416344
0.0373081
0.0330417
0.0288137
0.0246426
0.020449
0.0162118
0.105569
0.100844
0.0961669
0.0915364
0.086952
0.082415
0.0779279
0.0734928
0.0691115
0.0647854
0.0605149
0.0563013
0.0521431
0.0480429
0.0439959
0.04001
0.0360695
0.0321901
0.0283043
0.0243978
0.107872
0.103447
0.0990625
0.0947196
0.0904188
0.0861622
0.0819521
0.077791
0.0736807
0.069623
0.0656187
0.0616697
0.0577756
0.0539397
0.0501586
0.0464388
0.0427668
0.0391552
0.03555
0.0319456
0.109943
0.10579
0.101672
0.0975916
0.0935499
0.0895493
0.0855924
0.0816818
0.0778197
0.0740082
0.0702487
0.0665434
0.0628924
0.0592984
0.055759
0.0522792
0.0488492
0.0454799
0.0421299
0.0387988
0.111777
0.107868
0.103989
0.100145
0.0963366
0.0925666
0.0888377
0.0851527
0.0815141
0.0779242
0.0743847
0.0708975
0.0674633
0.0640847
0.0607603
0.0574946
0.0542806
0.0511272
0.0480035
0.0449112
0.113365
0.10967
0.106003
0.102367
0.098764
0.0951971
0.0916689
0.0881824
0.0847401
0.0813443
0.0779969
0.0747001
0.071455
0.0682638
0.0651263
0.0620459
0.0590181
0.0560497
0.0531187
0.0502279
0.114697
0.111187
0.107702
0.104245
0.100819
0.097427
0.0940711
0.0907545
0.0874797
0.0842492
0.0810649
0.0779288
0.0748425
0.071808
0.0688255
0.065898
0.0630227
0.0602048
0.0574298
0.0546998
0.115741
0.112381
0.109045
0.105735
0.102454
0.0992049
0.0959901
0.0928124
0.0896743
0.086578
0.0835256
0.080519
0.0775598
0.0746498
0.0717897
0.0689817
0.0662247
0.063522
0.060865
0.0582547
0.116512
0.113271
0.11005
0.106853
0.103682
0.10054
0.0974299
0.0943535
0.0913137
0.0883126
0.0853521
0.0824342
0.0795604
0.0767325
0.0739516
0.0712195
0.0685363
0.0659044
0.0633194
0.060782
0.116851
0.113691
0.110553
0.107439
0.104352
0.101293
0.0982625
0.0952639
0.0922986
0.0893683
0.0864745
0.0836186
0.0808017
0.078025
0.0752895
0.0725961
0.069945
0.0673375
0.064771
0.062245
0.286307
0.275264
0.263993
0.253347
0.242092
0.230356
0.218643
0.207027
0.195436
0.18388
0.172412
0.161065
0.149857
0.138806
0.127924
0.117163
0.10628
0.0957475
0.0856231
0.0757896
0.279658
0.268586
0.256161
0.24565
0.235179
0.224089
0.212982
0.202089
0.19128
0.1805
0.169792
0.159192
0.148705
0.138322
0.128047
0.117937
0.108268
0.0986043
0.0890749
0.0797527
0.271852
0.261323
0.248507
0.238153
0.22864
0.218477
0.208046
0.197826
0.187766
0.177739
0.167754
0.157863
0.14809
0.13844
0.128936
0.119615
0.110472
0.10136
0.0923704
0.083573
0.263351
0.253595
0.241015
0.230861
0.222134
0.212932
0.203233
0.19364
0.184275
0.174992
0.165736
0.156551
0.147474
0.138515
0.129679
0.120978
0.11244
0.103939
0.095534
0.0872863
0.254716
0.245787
0.233837
0.224017
0.215916
0.207616
0.198713
0.189754
0.181026
0.172436
0.163881
0.155368
0.146941
0.13862
0.130409
0.122314
0.114345
0.106409
0.0985562
0.0908339
0.246233
0.238073
0.226955
0.217607
0.210029
0.202508
0.194401
0.1861
0.177972
0.170018
0.162123
0.154255
0.146447
0.138726
0.131102
0.123575
0.116145
0.108743
0.101411
0.0941861
0.238047
0.230578
0.220384
0.211623
0.204528
0.19767
0.190315
0.182682
0.175141
0.167773
0.160488
0.153228
0.146004
0.138845
0.131766
0.124768
0.117846
0.110943
0.1041
0.0973477
0.230242
0.223402
0.214156
0.206053
0.199431
0.193141
0.186463
0.179484
0.172519
0.165697
0.158969
0.152273
0.145597
0.138965
0.132393
0.125885
0.119436
0.112999
0.106618
0.100316
0.222882
0.216627
0.208312
0.200894
0.194739
0.188945
0.182867
0.176501
0.170093
0.163786
0.157569
0.151386
0.145219
0.139081
0.132991
0.126957
0.120968
0.114952
0.108992
0.103105
0.216017
0.210309
0.202882
0.196143
0.190444
0.185093
0.179541
0.173735
0.167855
0.162033
0.156284
0.150567
0.14486
0.139163
0.13349
0.127851
0.122259
0.116747
0.111236
0.105737
0.209682
0.204485
0.197885
0.191797
0.186536
0.181582
0.176492
0.171189
0.165797
0.16043
0.155112
0.149822
0.144538
0.139261
0.133999
0.128767
0.123573
0.11843
0.113284
0.108147
0.203903
0.199175
0.193329
0.187849
0.183001
0.178408
0.173722
0.168865
0.163918
0.158969
0.154049
0.149147
0.144249
0.139352
0.134463
0.129592
0.124748
0.119939
0.115133
0.110337
0.198695
0.194391
0.189217
0.184291
0.179827
0.175559
0.171229
0.166764
0.162214
0.157645
0.153086
0.148536
0.143984
0.13943
0.134878
0.130337
0.125813
0.121314
0.116819
0.112333
0.194065
0.190137
0.185549
0.181116
0.177002
0.173028
0.169008
0.164883
0.160682
0.156452
0.152218
0.147982
0.143741
0.139493
0.135243
0.130998
0.126763
0.122545
0.118332
0.114127
0.190018
0.186415
0.182325
0.178319
0.174518
0.170804
0.167053
0.163219
0.15932
0.155387
0.151439
0.147481
0.143514
0.139536
0.135554
0.131571
0.127594
0.123628
0.119667
0.115713
0.186557
0.183227
0.179549
0.175901
0.172369
0.168882
0.16536
0.161772
0.158128
0.154449
0.150747
0.14703
0.143299
0.139556
0.135805
0.132051
0.1283
0.124556
0.120816
0.117083
0.183691
0.180581
0.177228
0.173868
0.170559
0.167261
0.163928
0.160541
0.157106
0.153636
0.15014
0.146626
0.143094
0.13955
0.135996
0.132438
0.128879
0.125325
0.121773
0.118229
0.181443
0.178495
0.175384
0.17224
0.169102
0.165951
0.162764
0.159531
0.156257
0.152949
0.149614
0.146258
0.142885
0.139498
0.1361
0.132698
0.129296
0.125898
0.122506
0.119118
0.179851
0.177003
0.174046
0.171044
0.168021
0.164972
0.161888
0.158765
0.155607
0.152418
0.149204
0.145969
0.142717
0.139451
0.136175
0.132893
0.129608
0.126325
0.123044
0.119771
0.179002
0.176186
0.173286
0.170332
0.167342
0.164321
0.161269
0.158184
0.155071
0.151932
0.148772
0.145595
0.142405
0.139206
0.136002
0.132796
0.129594
0.126398
0.123211
0.120027
0.298558
0.3003
0.305661
0.309918
0.315623
0.318676
0.321143
0.3188
0.314035
0.300842
0.297044
0.298543
0.303196
0.30672
0.31112
0.312965
0.313444
0.309716
0.302165
0.290268
0.295364
0.296596
0.300472
0.303208
0.306245
0.306884
0.305513
0.300636
0.291768
0.280868
0.293502
0.294458
0.297489
0.299416
0.301046
0.300507
0.297464
0.291609
0.282114
0.271455
0.291448
0.292126
0.294259
0.295364
0.295596
0.293907
0.289436
0.282693
0.272845
0.262206
0.289195
0.289595
0.290793
0.291056
0.289948
0.287138
0.281495
0.273948
0.263903
0.253337
0.286738
0.28686
0.287108
0.286504
0.284154
0.280262
0.273674
0.265449
0.255323
0.24492
0.284081
0.283919
0.283228
0.281735
0.278262
0.273351
0.266013
0.257272
0.247145
0.236958
0.28123
0.280777
0.279187
0.276789
0.272321
0.266488
0.258561
0.249469
0.239401
0.229456
0.278204
0.277445
0.27502
0.27172
0.266384
0.259753
0.251375
0.242075
0.232123
0.222438
0.275029
0.273948
0.270767
0.266596
0.26051
0.253222
0.244514
0.235122
0.22534
0.215936
0.271743
0.270322
0.266476
0.261496
0.25477
0.246964
0.238035
0.228644
0.21908
0.209974
0.268395
0.266621
0.262202
0.256503
0.249242
0.241047
0.231995
0.222677
0.213365
0.204571
0.265047
0.262917
0.258013
0.251705
0.244011
0.235538
0.226446
0.217255
0.208217
0.19974
0.261777
0.259302
0.253994
0.247196
0.239169
0.230511
0.22144
0.212414
0.203658
0.195493
0.25868
0.255885
0.25025
0.243079
0.234809
0.226041
0.217036
0.208193
0.199712
0.191842
0.255873
0.252798
0.246906
0.239465
0.231034
0.222214
0.213297
0.204638
0.19641
0.188807
0.253492
0.250192
0.244108
0.236484
0.22796
0.219127
0.210306
0.20181
0.193797
0.186418
0.251704
0.248242
0.242028
0.234292
0.22572
0.2169
0.208161
0.199794
0.191943
0.184731
0.250704
0.24715
0.240868
0.233075
0.224487
0.215679
0.206994
0.198703
0.190948
0.183833
0.311819
0.314075
0.324019
0.332883
0.346582
0.360516
0.376987
0.393812
0.411918
0.429814
0.311746
0.314001
0.323924
0.332759
0.346425
0.360293
0.376704
0.393433
0.41144
0.429193
0.311599
0.313854
0.323733
0.332513
0.34611
0.359849
0.37614
0.392677
0.410486
0.427952
0.31138
0.313635
0.323447
0.332146
0.34564
0.359185
0.375296
0.391545
0.409055
0.426089
0.31109
0.313344
0.323068
0.331659
0.345016
0.358304
0.374176
0.390039
0.40715
0.423606
0.31073
0.312983
0.322595
0.331055
0.34424
0.35721
0.372785
0.388162
0.404774
0.420505
0.310302
0.312554
0.322031
0.330338
0.343315
0.355908
0.371127
0.385919
0.40193
0.416787
0.309809
0.312059
0.321376
0.329511
0.342243
0.354405
0.369209
0.383312
0.398624
0.412456
0.309252
0.3115
0.320634
0.328577
0.341026
0.352705
0.367037
0.380349
0.394861
0.40752
0.308634
0.310878
0.319807
0.327542
0.339669
0.350818
0.364616
0.377033
0.390651
0.401984
0.307959
0.310198
0.318899
0.326409
0.338174
0.348751
0.361952
0.373374
0.386001
0.395859
0.30723
0.309462
0.3179
0.32518
0.336546
0.346514
0.359052
0.369378
0.380925
0.389154
0.30645
0.308675
0.316844
0.323857
0.334789
0.344117
0.35592
0.365056
0.375432
0.38188
0.305624
0.307825
0.315755
0.322449
0.332909
0.34157
0.35256
0.36042
0.369535
0.374046
0.304756
0.306958
0.314529
0.320968
0.330913
0.338881
0.348977
0.355485
0.363244
0.365661
0.303845
0.306015
0.313267
0.319421
0.328808
0.33606
0.345176
0.350269
0.356562
0.356728
0.302892
0.305012
0.311951
0.317804
0.326597
0.333113
0.341158
0.344791
0.349487
0.347238
0.301902
0.303972
0.31059
0.316129
0.324298
0.330053
0.336941
0.339086
0.342031
0.337211
0.300878
0.302896
0.309203
0.314419
0.321954
0.326919
0.332573
0.333156
0.33411
0.326604
0.299824
0.30175
0.307714
0.312555
0.3194
0.323504
0.32781
0.326775
0.325317
0.314884
0.299824
0.30175
0.307714
0.312555
0.3194
0.323504
0.32781
0.326775
0.325317
0.314884
0.300879
0.302896
0.309203
0.314419
0.321954
0.326919
0.332573
0.333156
0.33411
0.326604
0.301902
0.303972
0.31059
0.31613
0.324298
0.330053
0.336941
0.339086
0.342031
0.337211
0.302892
0.305012
0.311951
0.317804
0.326598
0.333113
0.341158
0.344791
0.349487
0.347238
0.303845
0.306015
0.313267
0.319421
0.328808
0.336061
0.345176
0.350269
0.356562
0.356728
0.304756
0.306958
0.314529
0.320968
0.330913
0.338881
0.348977
0.355485
0.363244
0.365662
0.305624
0.307825
0.315755
0.322449
0.332909
0.34157
0.35256
0.36042
0.369535
0.374046
0.30645
0.308675
0.316844
0.323857
0.334789
0.344117
0.35592
0.365056
0.375432
0.38188
0.30723
0.309462
0.3179
0.32518
0.336546
0.346515
0.359052
0.369378
0.380925
0.389154
0.307959
0.310198
0.318899
0.326409
0.338174
0.348751
0.361952
0.373374
0.386002
0.395859
0.308634
0.310878
0.319807
0.327542
0.339669
0.350818
0.364616
0.377033
0.390651
0.401984
0.309252
0.3115
0.320634
0.328577
0.341027
0.352705
0.367037
0.380349
0.394861
0.40752
0.309809
0.312059
0.321376
0.329511
0.342243
0.354405
0.369209
0.383312
0.398624
0.412457
0.310302
0.312554
0.322031
0.330338
0.343315
0.355908
0.371127
0.385919
0.40193
0.416787
0.31073
0.312983
0.322595
0.331055
0.34424
0.35721
0.372785
0.388163
0.404774
0.420505
0.31109
0.313344
0.323068
0.331659
0.345016
0.358304
0.374176
0.390039
0.40715
0.423606
0.31138
0.313635
0.323447
0.332146
0.34564
0.359185
0.375296
0.391545
0.409055
0.426089
0.311599
0.313854
0.323733
0.332513
0.34611
0.359849
0.37614
0.392677
0.410486
0.427952
0.311746
0.314001
0.323924
0.332759
0.346425
0.360293
0.376704
0.393433
0.41144
0.429193
0.311819
0.314075
0.324019
0.332883
0.346582
0.360516
0.376987
0.393812
0.411918
0.429814
0.250704
0.24715
0.240868
0.233076
0.224487
0.21568
0.206994
0.198703
0.190948
0.183833
0.251705
0.248242
0.242028
0.234292
0.225721
0.2169
0.208161
0.199794
0.191944
0.184731
0.253492
0.250193
0.244108
0.236485
0.22796
0.219128
0.210306
0.20181
0.193797
0.186419
0.255873
0.252799
0.246906
0.239465
0.231035
0.222214
0.213298
0.204638
0.19641
0.188807
0.258681
0.255886
0.25025
0.243079
0.234809
0.226041
0.217036
0.208193
0.199712
0.191842
0.261777
0.259302
0.253994
0.247197
0.239169
0.230511
0.22144
0.212415
0.203658
0.195493
0.265047
0.262918
0.258013
0.251705
0.244011
0.235538
0.226446
0.217255
0.208217
0.19974
0.268395
0.266621
0.262202
0.256503
0.249242
0.241047
0.231995
0.222677
0.213365
0.204571
0.271743
0.270322
0.266476
0.261496
0.25477
0.246964
0.238036
0.228644
0.21908
0.209974
0.275029
0.273948
0.270768
0.266596
0.26051
0.253222
0.244514
0.235122
0.225341
0.215936
0.278204
0.277445
0.27502
0.27172
0.266384
0.259754
0.251375
0.242075
0.232124
0.222439
0.28123
0.280777
0.279187
0.276789
0.272321
0.266489
0.258561
0.249469
0.239402
0.229456
0.284081
0.283919
0.283229
0.281736
0.278262
0.273352
0.266013
0.257273
0.247145
0.236958
0.286738
0.28686
0.287108
0.286505
0.284154
0.280262
0.273674
0.26545
0.255324
0.244921
0.289195
0.289595
0.290793
0.291056
0.289948
0.287139
0.281495
0.273948
0.263904
0.253337
0.291448
0.292126
0.294259
0.295364
0.295596
0.293907
0.289436
0.282693
0.272845
0.262206
0.293502
0.294458
0.297489
0.299416
0.301046
0.300507
0.297464
0.291609
0.282114
0.271455
0.295364
0.296596
0.300472
0.303208
0.306245
0.306884
0.305513
0.300636
0.291768
0.280868
0.297044
0.298543
0.303196
0.30672
0.31112
0.312965
0.313444
0.309717
0.302165
0.290268
0.298558
0.3003
0.305661
0.309918
0.315623
0.318676
0.321144
0.3188
0.314035
0.300843
0.179002
0.176187
0.173286
0.170332
0.167342
0.164322
0.161269
0.158185
0.155071
0.151932
0.148772
0.145595
0.142406
0.139207
0.136002
0.132797
0.129594
0.126399
0.123212
0.120028
0.179851
0.177003
0.174046
0.171045
0.168022
0.164973
0.161888
0.158766
0.155607
0.152418
0.149204
0.145969
0.142717
0.139451
0.136175
0.132893
0.129609
0.126325
0.123045
0.119772
0.181443
0.178496
0.175384
0.172241
0.169102
0.165951
0.162764
0.159532
0.156257
0.152949
0.149615
0.146259
0.142885
0.139498
0.136101
0.132699
0.129296
0.125899
0.122506
0.119118
0.183692
0.180582
0.177229
0.173869
0.170559
0.167261
0.163928
0.160541
0.157106
0.153636
0.150141
0.146626
0.143095
0.13955
0.135997
0.132438
0.128879
0.125325
0.121774
0.118229
0.186557
0.183228
0.179549
0.175901
0.172369
0.168882
0.16536
0.161773
0.158129
0.154449
0.150748
0.147031
0.1433
0.139557
0.135806
0.132052
0.1283
0.124556
0.120816
0.117083
0.190018
0.186415
0.182325
0.178319
0.174518
0.170804
0.167053
0.16322
0.159321
0.155388
0.15144
0.147482
0.143514
0.139537
0.135554
0.131571
0.127595
0.123629
0.119667
0.115714
0.194065
0.190137
0.185549
0.181116
0.177003
0.173028
0.169008
0.164883
0.160682
0.156453
0.152218
0.147983
0.143741
0.139494
0.135244
0.130998
0.126764
0.122546
0.118332
0.114128
0.198695
0.194391
0.189217
0.184291
0.179828
0.17556
0.17123
0.166764
0.162214
0.157645
0.153087
0.148536
0.143985
0.139431
0.134879
0.130337
0.125814
0.121314
0.116819
0.112334
0.203903
0.199175
0.193329
0.18785
0.183002
0.178408
0.173723
0.168866
0.163918
0.158969
0.154049
0.149147
0.144249
0.139352
0.134463
0.129593
0.124749
0.11994
0.115134
0.110337
0.209682
0.204485
0.197885
0.191798
0.186536
0.181583
0.176493
0.171189
0.165798
0.16043
0.155112
0.149822
0.144539
0.139261
0.134
0.128767
0.123574
0.11843
0.113285
0.108147
0.216017
0.21031
0.202883
0.196143
0.190445
0.185093
0.179542
0.173735
0.167855
0.162034
0.156284
0.150568
0.14486
0.139164
0.133491
0.127851
0.122259
0.116748
0.111236
0.105738
0.222883
0.216627
0.208312
0.200894
0.194739
0.188946
0.182868
0.176501
0.170094
0.163787
0.157569
0.151387
0.14522
0.139081
0.132991
0.126957
0.120968
0.114953
0.108992
0.103106
0.230242
0.223403
0.214157
0.206053
0.199431
0.193141
0.186463
0.179484
0.172519
0.165697
0.15897
0.152273
0.145598
0.138966
0.132394
0.125885
0.119436
0.113
0.106619
0.100316
0.238047
0.230578
0.220384
0.211623
0.204528
0.19767
0.190315
0.182683
0.175142
0.167773
0.160488
0.153228
0.146004
0.138845
0.131766
0.124768
0.117847
0.110943
0.104101
0.0973482
0.246234
0.238073
0.226955
0.217607
0.210029
0.202509
0.194402
0.1861
0.177972
0.170019
0.162124
0.154256
0.146447
0.138727
0.131103
0.123575
0.116146
0.108743
0.101411
0.0941866
0.254717
0.245787
0.233837
0.224018
0.215916
0.207617
0.198713
0.189755
0.181026
0.172437
0.163881
0.155368
0.146941
0.138621
0.13041
0.122315
0.114345
0.106409
0.0985566
0.0908343
0.263351
0.253596
0.241016
0.230861
0.222134
0.212932
0.203234
0.19364
0.184276
0.174992
0.165736
0.156551
0.147475
0.138515
0.129679
0.120978
0.112441
0.10394
0.0955344
0.0872867
0.271852
0.261324
0.248508
0.238153
0.228641
0.218477
0.208046
0.197826
0.187766
0.177739
0.167754
0.157864
0.14809
0.138441
0.128937
0.119615
0.110472
0.10136
0.0923708
0.0835734
0.279658
0.268586
0.256161
0.24565
0.235179
0.224089
0.212982
0.202089
0.19128
0.1805
0.169793
0.159193
0.148705
0.138323
0.128048
0.117937
0.108268
0.0986047
0.0890753
0.0797531
0.286307
0.275264
0.263993
0.253347
0.242093
0.230356
0.218643
0.207027
0.195436
0.18388
0.172413
0.161066
0.149857
0.138806
0.127924
0.117163
0.10628
0.0957478
0.0856235
0.07579
0.116852
0.113691
0.110553
0.10744
0.104352
0.101293
0.0982629
0.0952643
0.092299
0.0893688
0.086475
0.0836191
0.0808022
0.0780255
0.07529
0.0725966
0.0699455
0.067338
0.0647715
0.0622455
0.116512
0.113271
0.110051
0.106854
0.103683
0.100541
0.0974303
0.094354
0.0913142
0.0883131
0.0853526
0.0824347
0.0795609
0.076733
0.0739521
0.07122
0.0685368
0.0659049
0.06332
0.0607825
0.115741
0.112382
0.109045
0.105735
0.102455
0.0992054
0.0959906
0.0928129
0.0896748
0.0865785
0.0835261
0.0805195
0.0775603
0.0746503
0.0717902
0.0689822
0.0662252
0.0635225
0.0608655
0.0582552
0.114698
0.111187
0.107702
0.104246
0.10082
0.0974275
0.0940716
0.090755
0.0874802
0.0842497
0.0810654
0.0779293
0.074843
0.0718085
0.068826
0.0658985
0.0630233
0.0602053
0.0574303
0.0547004
0.113365
0.10967
0.106003
0.102367
0.0987645
0.0951976
0.0916694
0.0881829
0.0847406
0.0813448
0.0779975
0.0747006
0.0714555
0.0682643
0.0651268
0.0620464
0.0590186
0.0560503
0.0531193
0.0502284
0.111778
0.107868
0.10399
0.100146
0.0963371
0.0925671
0.0888382
0.0851532
0.0815147
0.0779248
0.0743852
0.070898
0.0674639
0.0640853
0.0607609
0.0574952
0.0542812
0.0511278
0.048004
0.0449118
0.109944
0.10579
0.101673
0.097592
0.0935504
0.0895498
0.0855929
0.0816823
0.0778202
0.0740087
0.0702493
0.0665439
0.0628929
0.0592989
0.0557596
0.0522798
0.0488498
0.0454805
0.0421305
0.0387994
0.107872
0.103447
0.099063
0.0947201
0.0904193
0.0861627
0.0819526
0.0777915
0.0736813
0.0696236
0.0656193
0.0616702
0.0577762
0.0539403
0.0501592
0.0464394
0.0427674
0.0391558
0.0355507
0.0319462
0.105569
0.100845
0.0961674
0.0915369
0.0869525
0.0824156
0.0779284
0.0734934
0.069112
0.064786
0.0605155
0.0563019
0.0521437
0.0480435
0.0439965
0.0400107
0.0360702
0.0321907
0.028305
0.0243985
0.103044
0.0979941
0.092999
0.0880561
0.083164
0.0783236
0.0735368
0.0688052
0.06413
0.0595127
0.0549537
0.0504548
0.0460144
0.041635
0.0373087
0.0330423
0.0288143
0.0246433
0.0204497
0.0162125
0.100284
0.0948888
0.0895537
0.0842764
0.0790559
0.0738926
0.0687879
0.0637426
0.0587569
0.0538308
0.0489637
0.0441571
0.03941
0.0347275
0.0301034
0.0255464
0.0210283
0.0165638
0.012052
0.00746204
0.0972869
0.0915307
0.0858362
0.0802041
0.0746355
0.0691311
0.0636917
0.0583178
0.0530097
0.0477664
0.0425865
0.0374674
0.032406
0.0274029
0.0224539
0.0175718
0.0127356
0.00796459
0.00313927
-0.00179861
0.0940925
0.0879429
0.0818641
0.0758558
0.0699189
0.0640535
0.0582604
0.0525391
0.0468912
0.0413155
0.0358142
0.0303831
0.0250215
0.0197205
0.014472
0.00927193
0.00410088
-0.00102228
-0.00620246
-0.0115103
0.0906911
0.0841238
0.0776402
0.0712376
0.0649164
0.0586757
0.0525152
0.0464322
0.0404275
0.0344974
0.0286478
0.022873
0.0171854
0.0115724
0.006045
0.000576152
-0.00484963
-0.0102688
-0.0157866
-0.0215109
0.087077
0.0800743
0.0731697
0.0663595
0.0596436
0.0530211
0.0464908
0.0400477
0.0336907
0.0274108
0.0212128
0.0150805
0.00903497
0.00304947
-0.00282795
-0.00864289
-0.0143399
-0.0200112
-0.0257295
-0.0317698
0.083252
0.0757973
0.0684581
0.0612301
0.054114
0.0471096
0.0402161
0.0334289
0.0267469
0.0201589
0.0136681
0.0072478
0.000918397
-0.00537833
-0.0115739
-0.017779
-0.0238482
-0.0299604
-0.0359858
-0.0423429
0.0792063
0.0712768
0.0634851
0.055827
0.0483029
0.0409126
0.0336557
0.0265295
0.0195337
0.0126611
0.00591513
-0.000727787
-0.00724761
-0.0137172
-0.0200575
-0.026457
-0.0327002
-0.0391956
-0.0455972
-0.052604
0.074964
0.0665219
0.0582395
0.0501149
0.042146
0.0343301
0.0266642
0.0191457
0.0117728
0.00454232
-0.00254344
-0.00949516
-0.0162949
-0.022994
-0.0295128
-0.0360499
-0.0423195
-0.0489103
-0.055176
-0.062598
0.0706117
0.0616291
0.0528111
0.0441642
0.0356886
0.0273802
0.0192334
0.0112436
0.00340665
-0.00428064
-0.0118208
-0.0192159
-0.0264591
-0.0335652
-0.0404823
-0.0473321
-0.0538708
-0.0606806
-0.0668654
-0.0743128
0.0661636
0.0567116
0.0474363
0.0383556
0.0294786
0.0208035
0.0123243
0.00403402
-0.00407477
-0.0120091
-0.019778
-0.0273876
-0.0348464
-0.0421569
-0.0493151
-0.0563449
-0.0631598
-0.070037
-0.0765867
-0.0844882
0.0593899
0.0560808
0.0526066
0.049
0.0452862
0.0414749
0.03759
0.0336478
0.029695
0.0257622
0.0219184
0.018202
0.0146986
0.0114471
0.00853919
0.00600068
0.00390654
0.0022453
0.00103484
0.000217649
0.0578805
0.0545028
0.0509925
0.0473745
0.0436599
0.0398492
0.0359663
0.0320305
0.0280941
0.0241896
0.0203903
0.0167339
0.0133105
0.0101575
0.00737335
0.00498148
0.00306549
0.00160689
0.00063243
7.33194e-05
0.0552236
0.0516934
0.0480997
0.0444504
0.0407267
0.0369111
0.0330269
0.029099
0.0251896
0.0213352
0.0176158
0.0140682
0.0107895
0.00781551
0.00525508
0.00313053
0.00153547
0.000441124
-0.000106911
-0.000190859
0.0514804
0.0477402
0.0440358
0.0403502
0.0366212
0.0328053
0.0289253
0.0250141
0.021148
0.0173688
0.0137649
0.0103718
0.00729559
0.00457014
0.00231787
0.000558981
-0.000593329
-0.00117877
-0.00113383
-0.000558479
0.0467661
0.0427655
0.0389323
0.0352138
0.03149
0.027684
0.023818
0.0199363
0.0161324
0.0124542
0.00899987
0.00580268
0.00298015
0.000563528
-0.00130698
-0.00262054
-0.00322534
-0.00318449
-0.00240534
-0.00101373
0.0411556
0.0368507
0.0328797
0.0291412
0.0254408
0.0216607
0.0178238
0.0139884
0.0102688
0.0067188
0.00344746
0.000483856
-0.00204067
-0.00409833
-0.00552511
-0.00631012
-0.0062927
-0.00552683
-0.00389213
-0.00154786
0.0347033
0.0300597
0.0259536
0.0222185
0.0185686
0.0148372
0.0110499
0.00728207
0.00367194
0.000278785
-0.0027774
-0.00547373
-0.00766298
-0.00932188
-0.0102569
-0.0104628
-0.009743
-0.00816598
-0.00556936
-0.00215261
0.0274676
0.0224599
0.018233
0.0145354
0.0109705
0.00731602
0.00360273
-7.30322e-05
-0.00354636
-0.00675398
-0.00956512
-0.0119655
-0.0137896
-0.0150197
-0.0154252
-0.0150087
-0.0135285
-0.011069
-0.00741757
-0.00282228
0.019503
0.0141185
0.0097985
0.00618335
0.00274499
-0.000800136
-0.00441203
-0.00796915
-0.0112773
-0.0142717
-0.0168114
-0.0188931
-0.0203303
-0.0211106
-0.0209629
-0.0198935
-0.0176071
-0.0142076
-0.00942091
-0.00355271
0.0108711
0.00511107
0.000740204
-0.0027374
-0.00600233
-0.00940375
-0.012886
-0.0162975
-0.0194126
-0.0221686
-0.0244152
-0.0261632
-0.0271997
-0.0275182
-0.0268078
-0.0250656
-0.0219401
-0.0175576
-0.0115664
-0.00434104
0.00164731
-0.0044759
-0.00884191
-0.0121183
-0.0151606
-0.0183847
-0.0217104
-0.0249501
-0.0278461
-0.0303423
-0.0322807
-0.0336876
-0.0343189
-0.0341727
-0.0328751
-0.0304734
-0.0264923
-0.0210988
-0.0138439
-0.00518574
-0.00808995
-0.0145431
-0.0188351
-0.0218423
-0.0246149
-0.0276323
-0.0307778
-0.0338219
-0.0364758
-0.0386959
-0.0403184
-0.0413853
-0.0416164
-0.0410161
-0.0391531
-0.0360792
-0.0312351
-0.0248138
-0.0162451
-0.00608624
-0.0182622
-0.0249815
-0.0291149
-0.0317844
-0.0342479
-0.0370373
-0.0399841
-0.0428113
-0.0452039
-0.0471381
-0.0484455
-0.0491802
-0.0490229
-0.0479838
-0.0455713
-0.0418413
-0.0361415
-0.0286851
-0.018763
-0.00704198
-0.0287378
-0.0356575
-0.0395422
-0.0418114
-0.043939
-0.0464904
-0.049226
-0.0518184
-0.0539356
-0.0555814
-0.0565832
-0.0569998
-0.0564707
-0.0550124
-0.052078
-0.0477162
-0.0411832
-0.0326925
-0.0213915
-0.00805098
-0.0393922
-0.0464179
-0.0499654
-0.0517867
-0.0535697
-0.0558857
-0.0584027
-0.0607447
-0.0625787
-0.0639414
-0.0646535
-0.0647708
-0.0638936
-0.0620359
-0.0586138
-0.0536529
-0.0463266
-0.0368085
-0.0241225
-0.00910769
-0.0501706
-0.0571243
-0.0602345
-0.0615777
-0.0630293
-0.065123
-0.0674136
-0.0694916
-0.0710416
-0.0721334
-0.0725735
-0.0724104
-0.0712172
-0.0689821
-0.065111
-0.0595885
-0.0515248
-0.0409918
-0.026942
-0.010199
-0.0607837
-0.0675924
-0.0701826
-0.0710489
-0.072213
-0.074102
-0.0761524
-0.0779555
-0.0792293
-0.0800675
-0.0802506
-0.0798161
-0.0783335
-0.0757713
-0.0714888
-0.0654451
-0.0567121
-0.0451837
-0.0298249
-0.0113004
-0.0709984
-0.0775754
-0.0795976
-0.0800738
-0.0810397
-0.082733
-0.0845171
-0.0860386
-0.0870503
-0.0876537
-0.0875932
-0.0868959
-0.0850981
-0.0822381
-0.0776293
-0.0711234
-0.0618051
-0.049313
-0.0327408
-0.0123823
-0.08154
-0.0870234
-0.0882953
-0.0885449
-0.0894252
-0.0909097
-0.0923927
-0.093631
-0.0943954
-0.0947837
-0.0944985
-0.0936006
-0.0914637
-0.0882553
-0.0833969
-0.0765065
-0.0667018
-0.0532959
-0.0356508
-0.0134237
-0.0921621
-0.0956934
-0.0960215
-0.0961434
-0.096991
-0.0982565
-0.0994291
-0.100397
-0.100928
-0.101119
-0.100643
-0.0996652
-0.0975949
-0.0937862
-0.0885986
-0.0813632
-0.0711687
-0.0569322
-0.038411
-0.014357
-0.0998555
-0.101109
-0.101464
-0.101409
-0.102107
-0.103232
-0.10421
-0.104987
-0.105332
-0.105353
-0.104674
-0.103458
-0.100807
-0.0974548
-0.092231
-0.0848242
-0.0744433
-0.0596272
-0.0405605
-0.0149745
-0.103967
-0.105072
-0.106121
-0.106329
-0.106997
-0.108045
-0.108858
-0.109396
-0.109485
-0.109252
-0.108328
-0.106913
-0.104349
-0.100547
-0.0951129
-0.0874654
-0.0768831
-0.0615617
-0.0421405
-0.0153267
-0.108054
-0.108889
-0.110336
-0.110752
-0.111311
-0.112205
-0.112822
-0.113108
-0.112948
-0.112484
-0.111347
-0.109745
-0.10714
-0.103162
-0.0976007
-0.0897656
-0.0790182
-0.0632404
-0.0435618
-0.0155496
-0.112057
-0.112577
-0.114182
-0.114791
-0.115216
-0.115873
-0.116266
-0.116305
-0.115919
-0.115255
-0.113951
-0.112195
-0.109246
-0.105458
-0.0997801
-0.091802
-0.0809295
-0.0647581
-0.0449085
-0.015673
-0.115478
-0.115991
-0.117608
-0.118347
-0.118654
-0.119039
-0.119186
-0.118997
-0.118409
-0.117568
-0.116121
-0.114244
-0.111252
-0.107357
-0.101595
-0.0935212
-0.0825546
-0.066062
-0.046124
-0.015666
-0.118219
-0.119153
-0.120649
-0.12135
-0.121515
-0.12162
-0.121519
-0.121125
-0.120371
-0.11938
-0.11782
-0.11585
-0.112799
-0.108844
-0.103022
-0.0948915
-0.083851
-0.067116
-0.0471574
-0.0155026
-0.120545
-0.122136
-0.123314
-0.123755
-0.123735
-0.123588
-0.123263
-0.122702
-0.121821
-0.120711
-0.119068
-0.117026
-0.11391
-0.109925
-0.104061
-0.0959068
-0.0848047
-0.067908
-0.0479771
-0.0151699
-0.122805
-0.124879
-0.125502
-0.125533
-0.125316
-0.124974
-0.124478
-0.123788
-0.122815
-0.121611
-0.119905
-0.117808
-0.114766
-0.110641
-0.104735
-0.096575
-0.0854171
-0.0684342
-0.0485581
-0.0146627
-0.125232
-0.12713
-0.127063
-0.126708
-0.126336
-0.125865
-0.12525
-0.124467
-0.123426
-0.122147
-0.120391
-0.118212
-0.114915
-0.11101
-0.105076
-0.0969147
-0.0857026
-0.0686964
-0.048882
-0.0139841
-0.127393
-0.128614
-0.127956
-0.12738
-0.126923
-0.126371
-0.125678
-0.124825
-0.12373
-0.122388
-0.120591
-0.118358
-0.115165
-0.111097
-0.105121
-0.0969525
-0.0856855
-0.0686986
-0.0489386
-0.0131481
-0.128852
-0.129307
-0.128322
-0.127694
-0.127197
-0.126592
-0.125845
-0.124937
-0.123796
-0.122397
-0.120562
-0.118272
-0.115059
-0.110979
-0.104913
-0.0967189
-0.0853964
-0.0684466
-0.0487281
-0.0121822
-0.129556
-0.129352
-0.128348
-0.127764
-0.127243
-0.1266
-0.125814
-0.124861
-0.123679
-0.122228
-0.120353
-0.118
-0.114737
-0.110407
-0.10448
-0.0962494
-0.0848684
-0.0679504
-0.0482645
-0.0111216
-0.129721
-0.128985
-0.128162
-0.127653
-0.127115
-0.126447
-0.125633
-0.124644
-0.123425
-0.121926
-0.120007
-0.117587
-0.114282
-0.109943
-0.103884
-0.0955827
-0.0841418
-0.0672128
-0.0475986
-0.00997039
-0.129447
-0.128436
-0.127838
-0.127396
-0.126851
-0.126171
-0.125339
-0.124323
-0.123071
-0.121528
-0.119563
-0.117074
-0.113713
-0.109291
-0.103141
-0.0947651
-0.0832809
-0.0662231
-0.0468077
-0.00876821
-0.12843
-0.127923
-0.127442
-0.127027
-0.12649
-0.12581
-0.124969
-0.123933
-0.122655
-0.12107
-0.119061
-0.116501
-0.113079
-0.108565
-0.102299
-0.0938576
-0.0822597
-0.0652735
-0.045712
-0.00820947
-0.127655
-0.127363
-0.126989
-0.1266
-0.126078
-0.125405
-0.124562
-0.123514
-0.122214
-0.120593
-0.118539
-0.115912
-0.112427
-0.107823
-0.101459
-0.0929196
-0.0812185
-0.064231
-0.0446331
-0.00842862
-0.127035
-0.12683
-0.126532
-0.126168
-0.125663
-0.125001
-0.12416
-0.123106
-0.121789
-0.120139
-0.118044
-0.115357
-0.11181
-0.107124
-0.100693
-0.0920332
-0.0802179
-0.0632267
-0.0436938
-0.00895985
-0.126531
-0.126378
-0.126128
-0.125783
-0.125294
-0.124645
-0.123809
-0.122751
-0.121422
-0.119748
-0.11762
-0.114883
-0.111283
-0.106521
-0.100008
-0.0912674
-0.0793508
-0.0623711
-0.0429336
-0.00953273
-0.126171
-0.126048
-0.125826
-0.125494
-0.125018
-0.124378
-0.123548
-0.122489
-0.121152
-0.119462
-0.11731
-0.114537
-0.110897
-0.10608
-0.0995135
-0.0907047
-0.0787102
-0.0617469
-0.0423988
-0.00999778
-0.125982
-0.125874
-0.125664
-0.12534
-0.124871
-0.124236
-0.123408
-0.122349
-0.121008
-0.11931
-0.117145
-0.114354
-0.110693
-0.105847
-0.0992504
-0.0904061
-0.0783695
-0.0614175
-0.0421238
-0.0102559
)
;

boundaryField
{
    inlet
    {
        type            zeroGradient;
    }
    outlet
    {
        type            fixedValue;
        value           uniform 0;
    }
    cylinder
    {
        type            zeroGradient;
    }
    top
    {
        type            symmetryPlane;
    }
    bottom
    {
        type            symmetryPlane;
    }
    defaultFaces
    {
        type            empty;
    }
}


// ************************************************************************* //
