/*--------------------------------*- C++ -*----------------------------------*\
  =========                 |
  \\      /  F ield         | OpenFOAM: The Open Source CFD Toolbox
   \\    /   O peration     | Website:  https://openfoam.org
    \\  /    A nd           | Version:  7
     \\/     M anipulation  |
\*---------------------------------------------------------------------------*/
FoamFile
{
    version     2.0;
    format      ascii;
    class       volVectorField;
    location    "0.3";
    object      U;
}
// * * * * * * * * * * * * * * * * * * * * * * * * * * * * * * * * * * * * * //

dimensions      [0 1 -1 0 0 0 0];

internalField   nonuniform List<vector> 
4032
(
(3 -1.20725e-16 0)
(3 -2.06563e-16 0)
(3 -3.03068e-17 0)
(3 -2.51218e-16 0)
(3 -1.84149e-16 0)
(3 -2.51932e-16 0)
(3 -1.45373e-16 0)
(3 -2.73141e-16 0)
(3 -6.47036e-16 0)
(3 -1.07128e-15 0)
(3 -5.39146e-16 0)
(3 -4.42751e-16 0)
(3 -8.9793e-16 0)
(3 -1.2531e-15 0)
(3 -2.79666e-16 0)
(3 -3.35595e-16 0)
(1.13602 0.0221991 0)
(0.554009 0.0218819 0)
(0.510145 0.0545015 0)
(0.404903 0.0533279 0)
(0.30791 0.0449888 0)
(0.204066 0.0395704 0)
(0.11545 0.0346391 0)
(0.030451 0.036181 0)
(3 -5.36668e-17 0)
(3 -3.52981e-16 0)
(3 1.69865e-16 0)
(3 -1.03869e-16 0)
(3 -2.19348e-16 0)
(3 -2.16266e-16 0)
(3 4.55278e-17 0)
(3 2.17124e-16 0)
(3 -5.80238e-16 0)
(3 -7.83146e-16 0)
(3 -3.59155e-16 0)
(3 -1.09949e-15 0)
(3 -1.82432e-15 0)
(3 -2.21529e-15 0)
(3 -1.27842e-15 0)
(3 -1.10258e-15 0)
(1.17208 0.104769 0)
(0.542119 0.101238 0)
(0.47636 0.15683 0)
(0.372961 0.15101 0)
(0.281045 0.129938 0)
(0.184459 0.115007 0)
(0.103493 0.102525 0)
(0.027306 0.106475 0)
(3 -1.38004e-16 0)
(3 -1.64931e-16 0)
(3 8.40992e-17 0)
(3 3.65782e-16 0)
(3 1.79568e-16 0)
(3 -3.87449e-16 0)
(3 -5.23206e-16 0)
(3 -7.36676e-16 0)
(3 -3.73757e-16 0)
(3 4.84002e-16 0)
(3 3.79879e-16 0)
(3 -6.96859e-16 0)
(3 -2.12682e-15 0)
(3 -2.51722e-15 0)
(3 -1.87991e-15 0)
(3 -1.31757e-15 0)
(1.29296 0.186728 0)
(0.563714 0.190478 0)
(0.474316 0.261501 0)
(0.376674 0.249687 0)
(0.287234 0.216113 0)
(0.192527 0.190142 0)
(0.107336 0.170834 0)
(0.0302247 0.179381 0)
(3 4.53605e-17 0)
(3 1.60192e-16 0)
(3 -3.8661e-16 0)
(3 -6.109e-16 0)
(3 -4.4567e-16 0)
(3 -1.7481e-16 0)
(3 -5.24409e-16 0)
(3 -6.22236e-16 0)
(3 -5.49167e-17 0)
(3 4.03649e-16 0)
(3 7.40876e-16 0)
(3 5.6909e-16 0)
(3 -6.31495e-16 0)
(3 -5.64007e-16 0)
(3 4.25286e-16 0)
(3 3.38006e-16 0)
(1.49202 0.26076 0)
(0.60933 0.293188 0)
(0.479142 0.36522 0)
(0.404185 0.33931 0)
(0.316021 0.303467 0)
(0.217273 0.273467 0)
(0.119325 0.251382 0)
(0.0339117 0.262794 0)
(3 2.36185e-16 0)
(3 4.54832e-17 0)
(3 -1.00117e-15 0)
(3 -1.24861e-15 0)
(3 -1.00045e-15 0)
(3 -6.32685e-16 0)
(3 -3.37424e-16 0)
(3 -1.50061e-16 0)
(3 -1.93498e-16 0)
(3 -5.19955e-16 0)
(3 2.47535e-17 0)
(3 8.44082e-16 0)
(3 5.64303e-16 0)
(3 7.11387e-16 0)
(3 1.54041e-15 0)
(3 -2.15222e-15 0)
(1.79166 0.331661 0)
(0.678168 0.413591 0)
(0.486847 0.456797 0)
(0.4633 0.406837 0)
(0.372006 0.394267 0)
(0.264573 0.369784 0)
(0.147146 0.348402 0)
(0.0459231 0.36282 0)
(3 1.23607e-16 0)
(3 -3.54632e-16 0)
(3 -3.64664e-16 0)
(3 -1.82234e-16 0)
(3 -2.55986e-16 0)
(3 -5.39814e-16 0)
(3 -7.84e-16 0)
(3 -1.08445e-15 0)
(3 -1.033e-15 0)
(3 -1.11397e-15 0)
(3 -1.04649e-15 0)
(3 -5.2028e-17 0)
(3 1.23117e-15 0)
(3 1.24924e-15 0)
(3 8.99495e-16 0)
(3 -3.69131e-16 0)
(2.30599 0.341594 0)
(0.790401 0.523232 0)
(0.543633 0.520654 0)
(0.531884 0.472322 0)
(0.429595 0.502151 0)
(0.303589 0.492042 0)
(0.166405 0.473774 0)
(0.0491956 0.49426 0)
(3 -1.70312e-16 0)
(3 -9.21026e-17 0)
(3 6.99038e-17 0)
(3 9.3506e-17 0)
(3 -1.3759e-16 0)
(3 -3.04771e-16 0)
(3 -1.11408e-16 0)
(3 -8.38052e-16 0)
(3 -1.16558e-15 0)
(3 -7.06268e-16 0)
(3 -1.01565e-15 0)
(3 -8.19605e-16 0)
(3 5.88412e-16 0)
(3 9.11081e-16 0)
(3 5.28283e-16 0)
(3 -3.63218e-16 0)
(2.89435 0.157567 0)
(0.990491 0.58235 0)
(0.620638 0.587801 0)
(0.598297 0.557667 0)
(0.489594 0.625845 0)
(0.373926 0.627799 0)
(0.243764 0.60424 0)
(0.112457 0.654406 0)
(3 -5.90342e-17 0)
(3 4.99073e-17 0)
(3 2.63452e-16 0)
(3 6.72623e-16 0)
(3 7.08588e-16 0)
(3 5.1767e-16 0)
(3 1.0944e-15 0)
(3 8.08083e-16 0)
(3 4.96975e-16 0)
(3 -3.38157e-16 0)
(3 -9.67667e-16 0)
(3 -6.33718e-16 0)
(3 -9.03673e-16 0)
(3 -9.43424e-16 0)
(3 -4.34503e-16 0)
(3 -3.70692e-16 0)
(3.01519 0.0100099 0)
(1.32086 0.595988 0)
(0.701186 0.662298 0)
(0.647261 0.664821 0)
(0.551243 0.748135 0)
(0.46839 0.748037 0)
(0.301371 0.798066 0)
(0.171553 0.966876 0)
(3 9.24176e-17 0)
(3 2.62438e-16 0)
(3 9.29728e-16 0)
(3 1.02201e-15 0)
(3 1.51956e-15 0)
(3 1.71302e-15 0)
(3 1.81081e-15 0)
(3 1.6238e-15 0)
(3 1.7343e-15 0)
(3 1.90279e-16 0)
(3 -1.21659e-15 0)
(3 -1.18757e-15 0)
(3 -9.41597e-16 0)
(3 -1.02058e-15 0)
(3 -1.19076e-15 0)
(3 -1.41154e-15 0)
(3.00013 4.11504e-05 0)
(1.98832 0.545339 0)
(0.842257 0.736664 0)
(0.689246 0.793021 0)
(0.656723 0.814729 0)
(0.610108 0.862609 0)
(0.55566 1.00773 0)
(0.673257 1.30396 0)
(3 -1.47487e-16 0)
(3 6.46023e-17 0)
(3 4.11991e-17 0)
(3 6.66417e-16 0)
(3 6.91959e-16 0)
(3 1.05986e-15 0)
(3 3.53776e-16 0)
(3 -1.10834e-18 0)
(3 -2.57335e-16 0)
(3 -8.53979e-16 0)
(3 -7.87006e-16 0)
(3 -1.72447e-15 0)
(3 -1.59873e-15 0)
(3 -1.93254e-15 0)
(3 -2.65794e-15 0)
(3 -3.42047e-15 0)
(3 1.11127e-08 0)
(2.85292 0.235855 0)
(1.09913 0.804181 0)
(0.780128 0.863095 0)
(0.794537 0.876638 0)
(0.789728 0.942352 0)
(0.831227 1.05204 0)
(1.10081 1.2299 0)
(3 -2.17889e-16 0)
(3 -2.95545e-16 0)
(3 -5.20867e-16 0)
(3 2.65666e-16 0)
(3 2.06063e-16 0)
(3 1.22719e-16 0)
(3 -1.26439e-16 0)
(3 -1.61086e-17 0)
(3 -4.48103e-16 0)
(3 -8.79579e-16 0)
(3 -8.56232e-16 0)
(3 -1.40172e-15 0)
(3 -1.15125e-15 0)
(3 -2.1466e-15 0)
(3 -2.42876e-15 0)
(3 -3.35028e-15 0)
(3 2.72792e-13 0)
(3.02308 0.0133106 0)
(1.61346 0.819278 0)
(0.898951 0.947624 0)
(0.925719 0.93895 0)
(0.945018 1.02139 0)
(1.022 1.1059 0)
(1.30886 1.20682 0)
(3 -8.63294e-17 0)
(3 -1.39886e-16 0)
(3 -2.59234e-16 0)
(3 -7.1477e-16 0)
(3 -9.87451e-16 0)
(3 -5.51645e-16 0)
(3 -1.66584e-16 0)
(3 2.328e-16 0)
(3 6.39604e-16 0)
(3 1.21807e-15 0)
(3 5.65869e-16 0)
(3 -4.71539e-17 0)
(3 -9.95668e-16 0)
(3 -1.00107e-15 0)
(3 -9.82431e-16 0)
(3 -1.60763e-15 0)
(3 -2.03149e-15 0)
(3.00022 8.75022e-05 0)
(2.713 0.427726 0)
(1.21754 0.972715 0)
(1.00475 1.04274 0)
(1.08228 1.06443 0)
(1.16237 1.11745 0)
(1.42771 1.15984 0)
(3 2.11922e-17 0)
(3 -3.54902e-17 0)
(3 -1.28658e-16 0)
(3 -5.35307e-16 0)
(3 -1.09978e-15 0)
(3 -9.31414e-16 0)
(3 -3.35047e-16 0)
(3 6.85872e-16 0)
(3 1.5036e-15 0)
(3 1.86345e-15 0)
(3 1.43707e-15 0)
(3 1.05623e-15 0)
(3 2.28123e-16 0)
(3 -4.40966e-16 0)
(3 -6.90813e-16 0)
(3 -3.44092e-16 0)
(3 -6.61018e-16 0)
(3 3.02098e-08 0)
(3.03509 0.0301894 0)
(1.86307 0.884137 0)
(1.14734 1.10474 0)
(1.19166 1.10461 0)
(1.29819 1.12371 0)
(1.4967 1.14703 0)
(3 1.19438e-16 0)
(3 -7.61529e-17 0)
(3 -1.07497e-16 0)
(3 -4.08707e-16 0)
(3 -5.76807e-16 0)
(3 -8.02514e-16 0)
(3 -4.5536e-16 0)
(3 2.43164e-16 0)
(3 6.64193e-16 0)
(3 7.06782e-16 0)
(3 8.78215e-16 0)
(3 7.63306e-16 0)
(3 9.05692e-16 0)
(3 7.39935e-16 0)
(3 6.60139e-16 0)
(3 4.13308e-16 0)
(3 -7.96598e-16 0)
(3 8.79924e-13 0)
(3.0005 0.000354162 0)
(2.9209 0.279639 0)
(1.544 1.04864 0)
(1.27541 1.18122 0)
(1.37246 1.16575 0)
(1.56755 1.13274 0)
(3 7.93145e-17 0)
(3 2.1022e-16 0)
(3 3.91334e-16 0)
(3 -4.2802e-17 0)
(3 -1.08951e-16 0)
(3 -4.67137e-17 0)
(3 -1.43063e-16 0)
(3 -1.73771e-16 0)
(3 -4.01619e-16 0)
(3 -2.09909e-16 0)
(3 4.95679e-17 0)
(3 4.15309e-16 0)
(3 4.92966e-16 0)
(3 7.00529e-16 0)
(3 8.92184e-16 0)
(3 2.87475e-16 0)
(3 -1.00388e-15 0)
(3 -1.03477e-15 0)
(3 2.08408e-07 0)
(3.00888 0.0127308 0)
(2.52904 0.613376 0)
(1.51495 1.12695 0)
(1.43352 1.22845 0)
(1.56818 1.19336 0)
(3 -2.27237e-16 0)
(3 -2.29795e-16 0)
(3 8.44612e-17 0)
(3 4.10593e-16 0)
(3 7.31112e-16 0)
(3 1.91808e-15 0)
(3 1.15649e-15 0)
(3 3.08482e-16 0)
(3 1.2399e-16 0)
(3 -3.35247e-16 0)
(3 -4.19807e-16 0)
(3 2.22572e-17 0)
(3 -3.30263e-16 0)
(3 -4.77627e-16 0)
(3 2.1566e-16 0)
(3 1.96303e-16 0)
(3 -5.81527e-17 0)
(3 -7.60121e-16 0)
(3 8.59932e-12 0)
(3.00003 6.60213e-05 0)
(3.0052 0.0652766 0)
(2.22914 0.823647 0)
(1.60703 1.18059 0)
(1.62085 1.22083 0)
(3 2.61229e-17 0)
(3 -3.16004e-16 0)
(3 -1.5234e-16 0)
(3 5.75631e-16 0)
(3 1.2893e-15 0)
(3 1.11414e-15 0)
(3 7.3419e-16 0)
(3 7.55582e-16 0)
(3 6.01551e-16 0)
(3 3.37216e-16 0)
(3 4.11095e-16 0)
(3 4.33462e-16 0)
(3 -3.17924e-17 0)
(3 -4.6216e-17 0)
(3 -1.97161e-17 0)
(3 2.85986e-16 0)
(3 -1.39105e-17 0)
(3 1.53542e-16 0)
(3 8.41872e-17 0)
(3 1.93241e-08 0)
(3.00033 0.00103559 0)
(2.94861 0.15405 0)
(2.15414 0.901765 0)
(1.76108 1.18667 0)
(3 1.97959e-16 0)
(3 -5.52558e-17 0)
(3 1.54735e-16 0)
(3 7.5136e-16 0)
(3 6.24334e-16 0)
(3 -3.20333e-16 0)
(3 -2.23461e-16 0)
(3 6.79686e-16 0)
(3 5.23158e-16 0)
(3 6.98747e-16 0)
(3 9.31453e-16 0)
(3 8.0239e-16 0)
(3 9.32533e-16 0)
(3 7.72069e-16 0)
(3 9.70639e-17 0)
(3 -4.66087e-16 0)
(3 -5.38496e-18 0)
(3 8.84367e-16 0)
(3 6.74906e-16 0)
(3 7.49665e-13 0)
(3 1.01737e-06 0)
(3.00037 0.00424503 0)
(2.89453 0.218598 0)
(2.21454 0.897685 0)
(3 -4.76983e-17 0)
(3 2.25685e-16 0)
(3 -9.52569e-17 0)
(3 -7.76936e-17 0)
(3 1.03694e-16 0)
(3 1.41555e-16 0)
(3 1.83431e-16 0)
(3 3.40723e-16 0)
(3 5.63421e-16 0)
(3 6.32397e-16 0)
(3 3.27075e-16 0)
(3 2.40984e-16 0)
(3 7.22335e-16 0)
(3 2.8355e-16 0)
(3 -6.42147e-16 0)
(3 -7.18931e-16 0)
(3 2.40539e-16 0)
(3 1.35016e-15 0)
(3 1.61271e-15 0)
(3 1.16342e-15 0)
(3 7.11238e-11 0)
(3 8.61867e-06 0)
(2.99951 0.00779704 0)
(2.88471 0.213513 0)
(3 6.5365e-17 0)
(3 3.31352e-16 0)
(3 -2.23814e-16 0)
(3 -1.9138e-16 0)
(3 3.06909e-17 0)
(3 1.04444e-15 0)
(3 7.20562e-16 0)
(3 -4.16942e-17 0)
(3 -2.58419e-17 0)
(3 2.51303e-16 0)
(3 1.08813e-17 0)
(3 -7.21699e-18 0)
(3 -1.78457e-16 0)
(3 -1.42612e-16 0)
(3 1.14521e-16 0)
(3 4.02696e-16 0)
(3 2.05687e-15 0)
(3 2.37554e-15 0)
(3 2.17124e-15 0)
(3 6.41606e-16 0)
(3 1.62028e-15 0)
(3 1.35424e-09 0)
(3 2.23281e-05 0)
(2.99889 0.00696223 0)
(3 7.57286e-18 0)
(3 1.18971e-16 0)
(3 2.58409e-17 0)
(3 -3.8317e-17 0)
(3 -1.3275e-16 0)
(3 3.05559e-16 0)
(3 6.4612e-17 0)
(3 -8.94279e-16 0)
(3 -1.16351e-15 0)
(3 -1.1442e-15 0)
(3 -8.90824e-16 0)
(3 -2.52985e-16 0)
(3 -4.09846e-16 0)
(3 -3.48341e-16 0)
(3 1.14302e-15 0)
(3 2.27972e-15 0)
(3 2.50164e-15 0)
(3 2.37915e-15 0)
(3 2.33485e-15 0)
(3 1.56565e-15 0)
(3 5.92921e-16 0)
(3 4.86744e-14 0)
(3 4.96152e-09 0)
(3 1.90285e-05 0)
(3 7.55638e-17 0)
(3 1.72695e-16 0)
(3 1.79167e-16 0)
(3 1.75565e-16 0)
(3 -1.91897e-16 0)
(3 -3.38553e-16 0)
(3 -4.5517e-16 0)
(3 -7.53661e-16 0)
(3 -7.40187e-16 0)
(3 -1.14954e-15 0)
(3 -9.55646e-16 0)
(3 -5.1241e-16 0)
(3 1.31997e-16 0)
(3 5.62866e-16 0)
(3 1.52878e-15 0)
(3 2.23894e-15 0)
(3 1.18005e-15 0)
(3 1.07071e-15 0)
(3 1.78117e-15 0)
(3 2.45108e-15 0)
(3 2.14494e-15 0)
(3 1.47251e-15 0)
(3 1.78713e-13 0)
(3 3.92861e-09 0)
(3 2.18972e-17 0)
(3 1.57527e-16 0)
(3 6.04603e-16 0)
(3 2.89358e-16 0)
(3 -5.29181e-17 0)
(3 2.79735e-17 0)
(3 -2.07366e-16 0)
(3 -1.29847e-16 0)
(3 1.68492e-16 0)
(3 3.71813e-16 0)
(3 -1.36036e-16 0)
(3 -2.8706e-16 0)
(3 -1.4255e-16 0)
(3 9.17827e-16 0)
(3 1.0307e-15 0)
(3 6.67321e-16 0)
(3 5.56068e-16 0)
(3 1.08982e-15 0)
(3 7.09187e-16 0)
(3 6.30746e-16 0)
(3 3.4483e-16 0)
(3 -5.55661e-16 0)
(3 -1.951e-15 0)
(3 1.39442e-13 0)
(3 -7.53142e-17 0)
(3 5.99392e-17 0)
(3 6.4083e-16 0)
(3 3.27223e-16 0)
(3 4.75423e-17 0)
(3 9.65528e-17 0)
(3 2.9437e-16 0)
(3 6.56174e-16 0)
(3 6.7824e-16 0)
(3 6.82324e-16 0)
(3 5.77474e-16 0)
(3 1.34061e-16 0)
(3 4.65597e-17 0)
(3 6.72178e-16 0)
(3 5.58589e-16 0)
(3 -3.98383e-16 0)
(3 8.9663e-16 0)
(3 6.0103e-16 0)
(3 -2.52656e-16 0)
(3 -8.73796e-16 0)
(3 -1.09094e-15 0)
(3 -8.62188e-16 0)
(3 -1.82942e-15 0)
(3 -1.26634e-15 0)
(3 9.00484e-17 0)
(3 -3.00637e-16 0)
(3 -1.01996e-15 0)
(3 -8.63127e-16 0)
(3 -5.50624e-16 0)
(3 -8.48619e-17 0)
(3 1.08763e-15 0)
(3 7.14385e-16 0)
(3 4.49065e-16 0)
(3 2.87312e-17 0)
(3 7.18953e-16 0)
(3 3.50913e-16 0)
(3 4.19074e-16 0)
(3 -8.46844e-17 0)
(3 -1.55748e-16 0)
(3 -3.52729e-16 0)
(3 -3.75847e-16 0)
(3 -8.1839e-16 0)
(3 -1.10452e-15 0)
(3 -4.03526e-16 0)
(3 8.91417e-16 0)
(3 1.98499e-15 0)
(3 1.32457e-15 0)
(3 5.58796e-17 0)
(3 -9.15608e-17 0)
(3 -8.13439e-16 0)
(3 -1.64523e-15 0)
(3 -1.14081e-15 0)
(3 -2.99214e-16 0)
(3 -1.2071e-16 0)
(3 2.00439e-16 0)
(3 -1.74084e-16 0)
(3 -3.35564e-17 0)
(3 -2.17969e-17 0)
(3 -8.30369e-17 0)
(3 6.74223e-17 0)
(3 2.54802e-16 0)
(3 1.60662e-16 0)
(3 8.88741e-17 0)
(3 5.46265e-16 0)
(3 -2.36515e-16 0)
(3 -3.21563e-16 0)
(3 -2.9997e-16 0)
(3 5.27018e-16 0)
(3 2.06183e-15 0)
(3 2.03402e-15 0)
(3 1.73278e-15 0)
(3 1.83689e-15 0)
(3 -2.53836e-17 0)
(3 4.09663e-17 0)
(3 2.02124e-16 0)
(3 -5.38893e-18 0)
(3 -7.27019e-17 0)
(3 -3.3227e-16 0)
(3 -1.25607e-15 0)
(3 -1.77121e-15 0)
(3 -8.0392e-16 0)
(3 1.63575e-16 0)
(3 6.62079e-16 0)
(3 8.76801e-16 0)
(3 1.05949e-15 0)
(3 3.84708e-16 0)
(3 3.24869e-16 0)
(3 4.89121e-16 0)
(3 4.43793e-16 0)
(3 7.4434e-16 0)
(3 5.08595e-16 0)
(3 7.56883e-16 0)
(3 1.24323e-15 0)
(3 1.34956e-15 0)
(3 2.29178e-15 0)
(3 3.50532e-15 0)
(3 5.58856e-17 0)
(3 1.03162e-15 0)
(3 9.50621e-16 0)
(3 6.22092e-16 0)
(3 8.4715e-17 0)
(3 -2.26022e-16 0)
(3 -5.48011e-17 0)
(3 4.55e-16 0)
(3 8.21703e-16 0)
(3 9.58738e-16 0)
(3 1.17143e-15 0)
(3 6.43409e-16 0)
(3 1.12172e-16 0)
(3 -6.99495e-16 0)
(3 -5.36301e-16 0)
(3 -6.67072e-16 0)
(3 5.289e-16 0)
(3 8.07071e-16 0)
(3 4.73112e-16 0)
(3 7.35663e-16 0)
(3 8.60678e-16 0)
(3 1.13688e-15 0)
(3 2.20952e-15 0)
(3 2.71277e-15 0)
(3 1.81213e-16 0)
(3 5.8666e-17 0)
(3 2.60017e-16 0)
(3 8.99391e-16 0)
(3 1.03264e-15 0)
(3 7.80003e-16 0)
(3 1.29261e-15 0)
(3 1.87542e-15 0)
(3 1.65034e-15 0)
(3 1.30871e-15 0)
(3 -3.95787e-16 0)
(3 -9.87501e-16 0)
(3 -1.41752e-15 0)
(3 -1.95203e-15 0)
(3 -2.01798e-15 0)
(3 -1.41632e-15 0)
(3 -8.09982e-16 0)
(3 -7.69477e-16 0)
(3 -6.18746e-16 0)
(3 5.24915e-16 0)
(3 1.72699e-15 0)
(3 2.27396e-15 0)
(3 2.462e-15 0)
(3 2.40386e-15 0)
(3 -5.45533e-17 0)
(3 -4.05425e-16 0)
(3 -1.18825e-16 0)
(3 2.20451e-16 0)
(3 3.32245e-16 0)
(3 5.95543e-16 0)
(3 9.17293e-16 0)
(3 4.93918e-16 0)
(3 2.00105e-16 0)
(3 1.55772e-17 0)
(3 1.37946e-16 0)
(3 -1.27819e-16 0)
(3 -8.24089e-16 0)
(3 -1.34883e-15 0)
(3 -1.69749e-15 0)
(3 -1.8393e-15 0)
(3 -1.53749e-15 0)
(3 -1.42803e-15 0)
(3 -7.72042e-16 0)
(3 -2.47232e-17 0)
(3 1.31499e-15 0)
(3 2.82684e-15 0)
(3 3.12144e-15 0)
(3 2.89831e-15 0)
(3 -1.48299e-16 0)
(3 1.09992e-16 0)
(3 3.15352e-16 0)
(3 7.78632e-17 0)
(3 -4.47441e-16 0)
(3 -4.65048e-16 0)
(3 -2.01379e-16 0)
(3 -5.262e-19 0)
(3 -3.60707e-16 0)
(3 -6.30707e-16 0)
(3 -4.79029e-16 0)
(3 -5.72207e-16 0)
(3 -6.03517e-16 0)
(3 -6.05481e-16 0)
(3 -8.69493e-16 0)
(3 -4.37841e-16 0)
(3 8.62657e-16 0)
(3 1.62712e-15 0)
(3 1.25944e-15 0)
(3 7.38602e-16 0)
(3 9.16301e-16 0)
(3 1.81832e-15 0)
(3 3.01874e-15 0)
(3 2.54388e-15 0)
(3 1.26047e-16 0)
(3 2.23995e-16 0)
(3 1.95594e-16 0)
(3 8.01951e-17 0)
(3 -2.93412e-16 0)
(3 -3.42863e-16 0)
(3 -5.17608e-16 0)
(3 -8.60599e-16 0)
(3 -9.12999e-16 0)
(3 -1.22796e-15 0)
(3 -1.44902e-15 0)
(3 -1.23843e-15 0)
(3 -5.25527e-16 0)
(3 4.34206e-16 0)
(3 -3.34534e-16 0)
(3 2.52445e-16 0)
(3 6.33065e-16 0)
(3 8.47586e-16 0)
(3 6.19997e-16 0)
(3 6.00592e-16 0)
(3 1.11707e-15 0)
(3 1.16635e-15 0)
(3 1.41616e-15 0)
(3 1.82503e-15 0)
(3 1.37948e-16 0)
(3 -2.70293e-17 0)
(3 -1.26989e-16 0)
(3 -2.25986e-16 0)
(3 1.29319e-16 0)
(3 1.91512e-16 0)
(3 -7.01143e-16 0)
(3 -1.14769e-15 0)
(3 -1.07027e-15 0)
(3 -7.45809e-16 0)
(3 -7.16115e-16 0)
(3 -5.12064e-16 0)
(3 -5.84154e-16 0)
(3 -9.49529e-16 0)
(3 -1.12495e-15 0)
(3 -1.18653e-15 0)
(3 -3.56683e-16 0)
(3 1.04663e-16 0)
(3 3.21215e-16 0)
(3 3.01931e-16 0)
(3 -4.78501e-17 0)
(3 1.79623e-16 0)
(3 -2.71223e-17 0)
(3 5.74478e-16 0)
(3 -1.48003e-16 0)
(3 -8.84414e-17 0)
(3 -2.30902e-16 0)
(3 -3.94859e-17 0)
(3 -1.8111e-17 0)
(3 7.8023e-17 0)
(3 -5.7223e-16 0)
(3 -6.83552e-16 0)
(3 -6.94563e-16 0)
(3 -4.6263e-16 0)
(3 -1.87198e-16 0)
(3 -2.73724e-17 0)
(3 -7.42869e-16 0)
(3 -2.12403e-15 0)
(3 -2.0075e-15 0)
(3 -1.7131e-15 0)
(3 -1.37134e-15 0)
(3 -4.83725e-16 0)
(3 4.24876e-16 0)
(3 3.58133e-17 0)
(3 -1.48416e-15 0)
(3 -1.16602e-15 0)
(3 -9.72081e-16 0)
(3 -1.40459e-16 0)
(3 -1.68556e-16 0)
(3 -3.54926e-16 0)
(3 -4.12294e-16 0)
(3 -2.21232e-16 0)
(3 -3.62861e-16 0)
(3 -1.73003e-16 0)
(3 -2.50628e-16 0)
(3 -1.58402e-15 0)
(3 -2.11998e-15 0)
(3 -2.13266e-15 0)
(3 -1.35466e-15 0)
(3 -8.68745e-16 0)
(3 -1.01332e-15 0)
(3 -1.25407e-15 0)
(3 -1.09175e-15 0)
(3 -9.04775e-16 0)
(3 -2.97204e-16 0)
(3 -1.33039e-16 0)
(3 -4.5909e-16 0)
(3 -1.0442e-15 0)
(3 -1.82197e-15 0)
(3 -2.13529e-15 0)
(3 -1.39626e-15 0)
(3 -4.77285e-16 0)
(3 -9.06963e-18 0)
(3 1.10146e-16 0)
(3 -3.93789e-17 0)
(3 -6.11939e-16 0)
(3 -8.00603e-16 0)
(3 -6.32608e-16 0)
(3 -7.80349e-16 0)
(3 -1.9221e-15 0)
(3 -1.94882e-15 0)
(3 -1.53907e-15 0)
(3 5.51554e-16 0)
(3 4.46166e-16 0)
(3 -1.3396e-16 0)
(3 -5.6815e-16 0)
(3 -6.8287e-16 0)
(3 -5.97698e-17 0)
(3 8.61209e-16 0)
(3 1.04722e-15 0)
(3 2.16823e-16 0)
(3 -5.26629e-16 0)
(3 -7.11248e-16 0)
(3 -1.19788e-15 0)
(3 -1.46118e-15 0)
(3 -1.90099e-15 0)
(3 1.64242e-16 0)
(3 2.49706e-16 0)
(3 -9.2647e-17 0)
(3 -3.25151e-16 0)
(3 -6.91372e-16 0)
(3 -1.12725e-15 0)
(3 -7.66365e-16 0)
(3 -6.5339e-16 0)
(3 7.63427e-17 0)
(3 1.7078e-15 0)
(3 1.5863e-15 0)
(3 1.26682e-15 0)
(3 7.80564e-16 0)
(3 4.58581e-16 0)
(3 2.08255e-16 0)
(3 -4.03018e-16 0)
(3 -6.27339e-16 0)
(3 -1.59595e-16 0)
(3 1.39653e-16 0)
(3 -2.75858e-16 0)
(3 1.26369e-16 0)
(3 -6.35756e-16 0)
(3 -1.69427e-15 0)
(3 -2.52855e-15 0)
(3 -2.28017e-18 0)
(3 -2.31268e-17 0)
(3 -4.37339e-18 0)
(3 1.79497e-17 0)
(3 3.07621e-16 0)
(3 2.82861e-16 0)
(3 8.00254e-16 0)
(3 1.41448e-15 0)
(3 1.31698e-15 0)
(3 2.59187e-15 0)
(3 2.50818e-15 0)
(3 2.15419e-15 0)
(3 1.82995e-15 0)
(3 1.77939e-15 0)
(3 1.77137e-15 0)
(3 3.96652e-16 0)
(3 -1.16464e-15 0)
(3 -1.91432e-15 0)
(3 -1.88891e-15 0)
(3 -1.94682e-15 0)
(3 -1.88546e-15 0)
(3 -1.84004e-15 0)
(3 -1.85815e-15 0)
(3 -2.05998e-15 0)
(3 -2.64602e-16 0)
(3 -2.88415e-16 0)
(3 -3.21823e-17 0)
(3 2.29206e-16 0)
(3 4.79015e-16 0)
(3 6.75098e-16 0)
(3 1.24768e-15 0)
(3 2.65784e-15 0)
(3 2.96192e-15 0)
(3 2.89385e-15 0)
(3 3.06362e-15 0)
(3 2.15232e-15 0)
(3 1.86621e-15 0)
(3 1.31413e-15 0)
(3 1.00307e-15 0)
(3 9.79561e-16 0)
(3 3.27771e-16 0)
(3 -1.56118e-15 0)
(3 -1.44425e-15 0)
(3 -1.3011e-15 0)
(3 -9.38523e-16 0)
(3 -7.55309e-18 0)
(3 2.2356e-16 0)
(3 -4.06058e-18 0)
(3 -1.09146e-16 0)
(3 -1.95656e-16 0)
(3 -1.6567e-16 0)
(3 6.6143e-17 0)
(3 -8.16361e-17 0)
(3 -5.51641e-17 0)
(3 2.8901e-16 0)
(3 1.71587e-15 0)
(3 2.00584e-15 0)
(3 1.82199e-15 0)
(3 1.60356e-15 0)
(3 1.00485e-15 0)
(3 1.05011e-15 0)
(3 5.2051e-16 0)
(3 2.34031e-16 0)
(3 2.91109e-16 0)
(3 -3.45511e-16 0)
(3 -5.12342e-16 0)
(3 -7.46694e-16 0)
(3 -9.06808e-16 0)
(3 -8.20927e-16 0)
(3 -3.53388e-16 0)
(3 8.83816e-17 0)
(3 2.93963e-17 0)
(1.676 1.43106 0)
(2.1816 1.37349 0)
(2.71219 1.0638 0)
(2.9947 0.76947 0)
(2.957 0.396872 0)
(2.83819 0.111018 0)
(2.58788 -0.259688 0)
(2.47328 -0.297598 0)
(2.5075 -0.195139 0)
(2.56919 -0.105986 0)
(2.63372 -0.0637763 0)
(2.70535 -0.0509045 0)
(2.78636 -0.0561067 0)
(2.83599 -0.0593854 0)
(2.82925 -0.0519131 0)
(2.8096 -0.0412602 0)
(2.7956 -0.0347242 0)
(2.8112 -0.0324185 0)
(2.8587 -0.0199245 0)
(2.92786 0.000408354 0)
(2.94822 0.00798432 0)
(2.94167 0.0112519 0)
(2.91564 0.0166241 0)
(2.89507 0.0166032 0)
(2.86079 0.0140362 0)
(2.83426 0.0116854 0)
(2.8295 0.0107544 0)
(2.84857 0.00952009 0)
(2.87876 0.0022383 0)
(2.90564 -0.00807277 0)
(2.92274 -0.0142571 0)
(2.9232 -0.0157812 0)
(2.91764 -0.0163999 0)
(2.92943 -0.0156024 0)
(2.95249 -0.0129349 0)
(2.97701 -0.00900753 0)
(2.99805 -0.00431217 0)
(3.01627 -0.00184924 0)
(3.03045 -0.00108169 0)
(3.03549 -0.000734181 0)
(3.036 -0.000539401 0)
(3.0364 2.17883e-05 0)
(3.03521 0.000587711 0)
(3.03126 0.000868313 0)
(3.02296 0.000779327 0)
(3.01001 0.000355998 0)
(3.00133 4.55326e-05 0)
(3.00002 6.74519e-07 0)
(3 -2.78485e-08 0)
(3 -2.50524e-08 0)
(3 -2.01284e-08 0)
(3 -1.14116e-08 0)
(3 -3.75e-09 0)
(3 -3.51774e-10 0)
(3 -1.98771e-12 0)
(3 1.39407e-12 0)
(3 1.1604e-12 0)
(3 6.82809e-13 0)
(3 1.76793e-13 0)
(3 8.31344e-15 0)
(3 -2.77631e-16 0)
(3 -4.44559e-16 0)
(3 -2.07594e-16 0)
(3 4.02352e-16 0)
(3 9.67964e-16 0)
(3 1.16681e-15 0)
(3 1.07309e-15 0)
(3 1.02237e-15 0)
(3 9.38775e-16 0)
(3 6.35808e-16 0)
(3 1.3667e-17 0)
(3 -6.36148e-16 0)
(3 -5.31505e-16 0)
(3 3.30991e-16 0)
(3 2.85217e-16 0)
(3 6.9907e-16 0)
(3 4.65221e-16 0)
(3 -1.19666e-16 0)
(3 5.60757e-18 0)
(3 2.34915e-16 0)
(3 1.29804e-16 0)
(3 -9.08969e-16 0)
(3 -4.83823e-16 0)
(3 -1.55909e-16 0)
(3 -4.09967e-16 0)
(3 1.72852e-16 0)
(3 1.06098e-15 0)
(3 1.20064e-15 0)
(3 1.0487e-15 0)
(3 8.2938e-16 0)
(3 7.02923e-16 0)
(3 6.33914e-16 0)
(3 2.80591e-16 0)
(3 2.23055e-16 0)
(3 8.32876e-16 0)
(3 1.18686e-15 0)
(1.96855 1.19888 0)
(2.50873 0.907601 0)
(2.80595 0.304276 0)
(2.95286 -0.0239971 0)
(3.06188 -0.161242 0)
(2.94722 -0.415233 0)
(2.87194 -0.59784 0)
(2.82897 -0.539703 0)
(2.753 -0.349057 0)
(2.70196 -0.101066 0)
(2.72562 0.00914185 0)
(2.7597 0.0120956 0)
(2.80797 -0.0206869 0)
(2.83959 -0.0388215 0)
(2.83022 -0.0462844 0)
(2.81339 -0.0625253 0)
(2.82185 -0.0625361 0)
(2.8475 -0.0443233 0)
(2.89665 -0.0106783 0)
(2.94151 0.0245439 0)
(2.95388 0.0417356 0)
(2.94746 0.044591 0)
(2.93708 0.0405987 0)
(2.91466 0.0287311 0)
(2.88642 0.0119221 0)
(2.8665 0.000701752 0)
(2.86396 4.97589e-05 0)
(2.87896 0.00659859 0)
(2.90001 0.00897019 0)
(2.91553 0.00308358 0)
(2.92081 -0.00710832 0)
(2.91134 -0.0166292 0)
(2.90642 -0.0201326 0)
(2.92219 -0.0206904 0)
(2.95149 -0.0202663 0)
(2.979 -0.0172935 0)
(2.99861 -0.0127939 0)
(3.01331 -0.00810234 0)
(3.02723 -0.00498844 0)
(3.03694 -0.00338926 0)
(3.03888 -0.00254755 0)
(3.039 -0.00159201 0)
(3.0377 0.000799472 0)
(3.03299 0.0029077 0)
(3.02289 0.00312867 0)
(3.00855 0.00143816 0)
(3.00085 0.000152648 0)
(3.00001 1.60119e-06 0)
(3 -6.51001e-08 0)
(3 -6.45577e-08 0)
(3 -5.81802e-08 0)
(3 -4.19693e-08 0)
(3 -1.60439e-08 0)
(3 -1.47189e-09 0)
(3 -9.04759e-12 0)
(3 3.34487e-12 0)
(3 3.03737e-12 0)
(3 2.01915e-12 0)
(3 5.02585e-13 0)
(3 1.8136e-14 0)
(3 -6.36404e-16 0)
(3 -6.08088e-17 0)
(3 1.85741e-16 0)
(3 9.25071e-17 0)
(3 2.14946e-16 0)
(3 1.13771e-15 0)
(3 1.37352e-15 0)
(3 1.73802e-15 0)
(3 1.92439e-15 0)
(3 1.02031e-15 0)
(3 -4.61356e-16 0)
(3 -8.2555e-16 0)
(3 -7.33383e-16 0)
(3 3.5349e-16 0)
(3 1.22708e-15 0)
(3 1.15999e-15 0)
(3 4.62462e-16 0)
(3 -4.99648e-16 0)
(3 -4.94607e-16 0)
(3 -2.64853e-16 0)
(3 1.17579e-15 0)
(3 4.47219e-16 0)
(3 7.91305e-16 0)
(3 4.75795e-16 0)
(3 5.12021e-16 0)
(3 1.26315e-15 0)
(3 2.45546e-15 0)
(3 2.43547e-15 0)
(3 1.68756e-15 0)
(3 9.75155e-16 0)
(3 9.09005e-17 0)
(3 2.66119e-16 0)
(3 1.95349e-16 0)
(3 1.06125e-16 0)
(3 3.08567e-16 0)
(3 9.59486e-16 0)
(1.88407 1.13395 0)
(2.23654 1.04562 0)
(2.53084 0.726237 0)
(2.76321 0.298365 0)
(2.88715 0.204222 0)
(2.93891 0.104007 0)
(2.94654 -0.140988 0)
(2.94899 -0.219922 0)
(2.95523 -0.152796 0)
(2.92496 -0.110039 0)
(2.90208 -0.0814682 0)
(2.90057 -0.122438 0)
(2.94168 -0.162169 0)
(2.95624 -0.138326 0)
(2.94517 -0.110281 0)
(2.93482 -0.107053 0)
(2.93364 -0.0920794 0)
(2.94328 -0.0491381 0)
(2.96452 0.00741725 0)
(2.97589 0.0248141 0)
(2.97137 0.0191343 0)
(2.96432 0.00228698 0)
(2.96392 -0.0243145 0)
(2.96403 -0.0449995 0)
(2.95858 -0.0442989 0)
(2.94891 -0.029708 0)
(2.94043 -0.0181318 0)
(2.93676 -0.0171844 0)
(2.93766 -0.0226823 0)
(2.94117 -0.0306487 0)
(2.94486 -0.0429834 0)
(2.94253 -0.0512578 0)
(2.93867 -0.0461615 0)
(2.94529 -0.0366043 0)
(2.96288 -0.0294611 0)
(2.98462 -0.0250517 0)
(3.00404 -0.0223298 0)
(3.02134 -0.0183164 0)
(3.03645 -0.011131 0)
(3.04298 -0.00409223 0)
(3.04302 -0.00128134 0)
(3.04146 0.00109551 0)
(3.03788 0.00417337 0)
(3.03168 0.00620241 0)
(3.01962 0.00506238 0)
(3.00542 0.00151889 0)
(3.00031 8.24891e-05 0)
(3 2.09372e-07 0)
(3 -1.3846e-07 0)
(3 -1.34182e-07 0)
(3 -1.22406e-07 0)
(3 -8.49313e-08 0)
(3 -2.46536e-08 0)
(3 -1.34164e-09 0)
(3 1.02275e-12 0)
(3 6.0835e-12 0)
(3 5.42986e-12 0)
(3 2.96397e-12 0)
(3 4.81332e-13 0)
(3 1.0466e-14 0)
(3 1.0384e-15 0)
(3 9.4761e-16 0)
(3 8.5584e-16 0)
(3 -3.12944e-16 0)
(3 -5.87688e-16 0)
(3 4.0194e-17 0)
(3 1.03706e-15 0)
(3 1.13164e-15 0)
(3 1.4737e-15 0)
(3 3.23914e-16 0)
(3 -8.51143e-16 0)
(3 -1.11921e-15 0)
(3 -1.32789e-15 0)
(3 -5.09312e-16 0)
(3 1.75257e-15 0)
(3 1.5392e-15 0)
(3 9.13735e-16 0)
(3 3.3135e-16 0)
(3 -4.21284e-16 0)
(3 7.35313e-16 0)
(3 1.10761e-15 0)
(3 1.40038e-15 0)
(3 1.57147e-15 0)
(3 1.25173e-15 0)
(3 1.61892e-15 0)
(3 1.30311e-15 0)
(3 1.37435e-15 0)
(3 1.67255e-15 0)
(3 1.58283e-15 0)
(3 1.00243e-15 0)
(3 5.16898e-16 0)
(3 1.93128e-16 0)
(3 1.63542e-16 0)
(3 -3.49261e-16 0)
(3 5.63953e-17 0)
(3 9.52109e-16 0)
(1.81893 1.10154 0)
(2.12592 1.01 0)
(2.38131 0.822901 0)
(2.5897 0.531083 0)
(2.71838 0.415784 0)
(2.83564 0.31612 0)
(2.95999 0.0301048 0)
(2.97767 -0.159642 0)
(3.03864 -0.160936 0)
(3.07707 -0.16289 0)
(3.0405 -0.212963 0)
(3.04698 -0.2562 0)
(3.07382 -0.260311 0)
(3.0714 -0.233175 0)
(3.07359 -0.179674 0)
(3.06566 -0.157663 0)
(3.03797 -0.131793 0)
(3.02128 -0.087536 0)
(3.01788 -0.0490337 0)
(3.01142 -0.0317901 0)
(3.0051 -0.0236188 0)
(3.00827 -0.0120176 0)
(3.02373 -0.000299515 0)
(3.04282 0.0111849 0)
(3.04851 0.030755 0)
(3.03563 0.0515282 0)
(3.01357 0.0586893 0)
(2.99269 0.045946 0)
(2.97926 0.0171371 0)
(2.97228 -0.0178124 0)
(2.9684 -0.0480696 0)
(2.96783 -0.0635111 0)
(2.97272 -0.0640119 0)
(2.98279 -0.0560315 0)
(2.99102 -0.0460147 0)
(2.99893 -0.0371937 0)
(3.0099 -0.0303638 0)
(3.02873 -0.0230866 0)
(3.04712 -0.0122239 0)
(3.05012 -0.00406033 0)
(3.04815 -0.000216889 0)
(3.04549 0.00326115 0)
(3.03987 0.00670625 0)
(3.03023 0.00805308 0)
(3.01435 0.00469369 0)
(3.00217 0.000729044 0)
(3.00004 1.33019e-05 0)
(3 -1.91464e-07 0)
(3 -1.89196e-07 0)
(3 -1.74634e-07 0)
(3 -1.44652e-07 0)
(3 -7.43425e-08 0)
(3 -1.15287e-08 0)
(3 -2.16254e-10 0)
(3 8.65358e-12 0)
(3 8.29616e-12 0)
(3 6.31179e-12 0)
(3 2.31728e-12 0)
(3 1.79047e-13 0)
(3 2.5779e-15 0)
(3 9.93168e-16 0)
(3 7.91638e-16 0)
(3 1.03879e-15 0)
(3 7.29411e-16 0)
(3 2.67022e-16 0)
(3 -2.75357e-17 0)
(3 9.58135e-16 0)
(3 -2.77403e-16 0)
(3 -6.26207e-16 0)
(3 1.25502e-17 0)
(3 8.40384e-16 0)
(3 9.00034e-16 0)
(3 7.58597e-16 0)
(3 1.98649e-15 0)
(3 1.92377e-15 0)
(3 1.82786e-15 0)
(3 1.51342e-15 0)
(3 1.20516e-15 0)
(3 1.01726e-15 0)
(3 1.31973e-15 0)
(3 1.54695e-15 0)
(3 1.92874e-15 0)
(3 2.43698e-15 0)
(3 1.96401e-15 0)
(3 1.90434e-15 0)
(3 1.80268e-15 0)
(3 6.35159e-17 0)
(3 -7.72676e-16 0)
(3 -6.63784e-16 0)
(3 1.06886e-18 0)
(3 3.97758e-16 0)
(3 3.25155e-16 0)
(3 -2.74672e-16 0)
(3 -8.77691e-16 0)
(3 -5.0642e-16 0)
(3 9.14656e-16 0)
(1.78743 1.09783 0)
(2.04719 1.00815 0)
(2.24851 0.898176 0)
(2.45266 0.687811 0)
(2.59879 0.548164 0)
(2.69655 0.504043 0)
(2.82212 0.343928 0)
(2.91101 0.134081 0)
(2.99 0.0578192 0)
(3.03884 0.0715028 0)
(3.02267 0.0108762 0)
(3.02617 -0.0787288 0)
(3.03607 -0.110026 0)
(3.0894 -0.0929531 0)
(3.09591 -0.0820179 0)
(3.08847 -0.0793917 0)
(3.07306 -0.104574 0)
(3.07677 -0.122831 0)
(3.07994 -0.11171 0)
(3.07151 -0.0838793 0)
(3.06466 -0.0541329 0)
(3.07545 -0.0409064 0)
(3.10012 -0.0419075 0)
(3.11815 -0.0443953 0)
(3.1119 -0.0315753 0)
(3.08789 -0.00765443 0)
(3.06116 0.00501717 0)
(3.03849 -0.00397897 0)
(3.01903 -0.0299717 0)
(3.00098 -0.0555305 0)
(2.9882 -0.0682621 0)
(2.9859 -0.0730751 0)
(2.99331 -0.0740285 0)
(3.00462 -0.0695488 0)
(3.01398 -0.0579131 0)
(3.02166 -0.0436899 0)
(3.02876 -0.0312479 0)
(3.04091 -0.0181068 0)
(3.05529 -0.00323105 0)
(3.05619 0.00478048 0)
(3.05311 0.00752924 0)
(3.04985 0.0101027 0)
(3.04195 0.0120574 0)
(3.027 0.00989249 0)
(3.00796 0.00306718 0)
(3.00047 0.000163433 0)
(3 3.37496e-07 0)
(3 -2.69803e-07 0)
(3 -2.59922e-07 0)
(3 -2.36058e-07 0)
(3 -1.56811e-07 0)
(3 -4.3954e-08 0)
(3 -2.27937e-09 0)
(3 3.05106e-12 0)
(3 1.06726e-11 0)
(3 9.32461e-12 0)
(3 5.15357e-12 0)
(3 9.14398e-13 0)
(3 1.99464e-14 0)
(3 -4.98049e-16 0)
(3 -2.07817e-16 0)
(3 3.26663e-16 0)
(3 9.19625e-16 0)
(3 1.56374e-15 0)
(3 -6.22671e-17 0)
(3 -1.35296e-15 0)
(3 -6.05663e-16 0)
(3 -2.5906e-16 0)
(3 -7.36989e-16 0)
(3 -1.13223e-15 0)
(3 -6.3324e-16 0)
(3 7.78223e-16 0)
(3 2.38244e-15 0)
(3 3.22633e-15 0)
(3 3.16114e-15 0)
(3 3.07149e-15 0)
(3 2.38649e-15 0)
(3 2.25304e-15 0)
(3 1.56372e-15 0)
(3 8.4443e-16 0)
(3 1.43382e-15 0)
(3 1.13452e-15 0)
(3 5.57798e-16 0)
(3 1.90689e-16 0)
(3 1.61571e-16 0)
(3 2.64737e-16 0)
(3 -4.4451e-16 0)
(3 -1.22627e-15 0)
(3 -1.66727e-15 0)
(3 -1.38921e-15 0)
(3 -6.14714e-16 0)
(3 -2.91088e-16 0)
(3 3.22494e-17 0)
(3 3.05987e-16 0)
(3 -2.69842e-16 0)
(3 1.10635e-16 0)
(1.78277 1.09564 0)
(1.98227 1.04596 0)
(2.18808 0.936023 0)
(2.34375 0.80267 0)
(2.45076 0.733861 0)
(2.60218 0.631421 0)
(2.78031 0.43159 0)
(2.84694 0.28445 0)
(2.90135 0.274267 0)
(2.95038 0.262591 0)
(2.98953 0.141492 0)
(3.01957 -9.6444e-05 0)
(3.01786 -0.0783496 0)
(3.07869 -0.0708693 0)
(3.11879 -0.0888317 0)
(3.11751 -0.103718 0)
(3.10863 -0.155478 0)
(3.11494 -0.16398 0)
(3.11789 -0.156537 0)
(3.11197 -0.142947 0)
(3.10306 -0.129388 0)
(3.11057 -0.123529 0)
(3.12737 -0.127854 0)
(3.13201 -0.128637 0)
(3.11935 -0.116091 0)
(3.09467 -0.0962406 0)
(3.06808 -0.0858105 0)
(3.04821 -0.0914391 0)
(3.03238 -0.10485 0)
(3.01652 -0.111672 0)
(3.00265 -0.106578 0)
(2.99676 -0.0953499 0)
(3.0029 -0.0832491 0)
(3.01479 -0.0725947 0)
(3.02654 -0.0659755 0)
(3.03672 -0.0607351 0)
(3.04858 -0.0461444 0)
(3.06375 -0.0208691 0)
(3.07009 0.00249301 0)
(3.06589 0.0107725 0)
(3.06187 0.0149031 0)
(3.0547 0.0184028 0)
(3.04059 0.0179494 0)
(3.01811 0.00887589 0)
(3.00232 0.00105039 0)
(3.00003 1.22375e-05 0)
(3 -3.35106e-07 0)
(3 -3.25252e-07 0)
(3 -2.90988e-07 0)
(3 -2.17997e-07 0)
(3 -9.09151e-08 0)
(3 -9.88016e-09 0)
(3 -9.73168e-11 0)
(3 1.21709e-11 0)
(3 1.13109e-11 0)
(3 7.72047e-12 0)
(3 2.28198e-12 0)
(3 1.23612e-13 0)
(3 -8.8698e-16 0)
(3 -6.00222e-16 0)
(3 -2.5217e-16 0)
(3 -1.02933e-16 0)
(3 4.60395e-16 0)
(3 -7.81776e-16 0)
(3 -1.51059e-15 0)
(3 -1.33432e-15 0)
(3 -9.31226e-16 0)
(3 -9.94305e-16 0)
(3 -1.46119e-15 0)
(3 -1.67241e-15 0)
(3 -1.21381e-15 0)
(3 9.59217e-16 0)
(3 2.51983e-15 0)
(3 3.03309e-15 0)
(3 3.14881e-15 0)
(3 3.61671e-15 0)
(3 3.1733e-15 0)
(3 2.52021e-15 0)
(3 1.88012e-15 0)
(3 6.68346e-16 0)
(3 -4.73776e-16 0)
(3 -1.00806e-15 0)
(3 -1.26611e-15 0)
(3 -1.215e-15 0)
(3 -1.24734e-15 0)
(3 -1.45206e-15 0)
(3 -1.35535e-15 0)
(3 -1.45271e-15 0)
(3 -1.45383e-15 0)
(3 -1.60679e-17 0)
(3 -6.14678e-17 0)
(3 4.48757e-16 0)
(3 1.06985e-15 0)
(3 1.42051e-15 0)
(3 1.1698e-15 0)
(3 1.09047e-15 0)
(1.76743 1.13129 0)
(1.97752 1.03479 0)
(2.11734 0.994996 0)
(2.25318 0.917844 0)
(2.41614 0.774844 0)
(2.52855 0.726414 0)
(2.62225 0.657312 0)
(2.74603 0.491142 0)
(2.82707 0.382318 0)
(2.88425 0.363266 0)
(2.90808 0.296874 0)
(2.95103 0.187158 0)
(2.96939 0.129464 0)
(3.01295 0.142987 0)
(3.07336 0.10028 0)
(3.09468 0.0424412 0)
(3.09099 -0.046855 0)
(3.07856 -0.0677309 0)
(3.10421 -0.0728556 0)
(3.11247 -0.0701917 0)
(3.12054 -0.0838887 0)
(3.12134 -0.138954 0)
(3.13041 -0.183736 0)
(3.13315 -0.202341 0)
(3.12307 -0.200403 0)
(3.10764 -0.188798 0)
(3.09211 -0.171692 0)
(3.07629 -0.165677 0)
(3.05884 -0.164986 0)
(3.0424 -0.161606 0)
(3.03283 -0.149144 0)
(3.03079 -0.126385 0)
(3.03109 -0.0980956 0)
(3.03359 -0.0745355 0)
(3.03919 -0.0548098 0)
(3.0482 -0.035563 0)
(3.06531 -0.015106 0)
(3.08255 0.00900575 0)
(3.0812 0.0218264 0)
(3.07539 0.0255539 0)
(3.06918 0.029191 0)
(3.05579 0.0291697 0)
(3.03077 0.0183599 0)
(3.00626 0.00355597 0)
(3.00019 9.11321e-05 0)
(3 -2.41486e-07 0)
(3 -3.47088e-07 0)
(3 -3.24372e-07 0)
(3 -2.5725e-07 0)
(3 -1.26254e-07 0)
(3 -1.99561e-08 0)
(3 -4.09667e-10 0)
(3 1.16881e-11 0)
(3 1.15789e-11 0)
(3 8.77642e-12 0)
(3 3.41231e-12 0)
(3 3.17525e-13 0)
(3 2.194e-15 0)
(3 -1.0569e-15 0)
(3 -7.22392e-16 0)
(3 -1.35959e-16 0)
(3 -4.38759e-17 0)
(3 -1.59781e-15 0)
(3 -2.95776e-15 0)
(3 -2.92055e-15 0)
(3 -2.33751e-15 0)
(3 -1.87265e-15 0)
(3 -1.86607e-15 0)
(3 -1.01909e-15 0)
(3 -1.49397e-16 0)
(3 -6.31136e-17 0)
(3 1.48817e-15 0)
(3 2.56131e-15 0)
(3 2.31829e-15 0)
(3 2.3447e-15 0)
(3 2.27065e-15 0)
(3 2.27866e-15 0)
(3 1.36585e-15 0)
(3 1.33087e-15 0)
(3 4.40161e-16 0)
(3 -1.34967e-15 0)
(3 -1.91947e-15 0)
(3 -1.93852e-15 0)
(3 -9.75301e-16 0)
(3 -7.50464e-16 0)
(3 -8.29963e-16 0)
(3 -1.25742e-15 0)
(3 -9.80284e-16 0)
(3 -5.01668e-16 0)
(3 -2.09152e-17 0)
(3 6.8614e-16 0)
(3 9.1461e-16 0)
(3 8.0158e-16 0)
(3 7.94176e-16 0)
(3 7.80389e-16 0)
(3 8.12445e-16 0)
(1.74266 1.20564 0)
(1.92162 1.11871 0)
(2.07074 1.03882 0)
(2.21796 0.959097 0)
(2.34622 0.876067 0)
(2.45152 0.821986 0)
(2.57961 0.722862 0)
(2.67661 0.591686 0)
(2.72495 0.55712 0)
(2.7575 0.545155 0)
(2.85276 0.427394 0)
(2.91477 0.277519 0)
(2.93752 0.223479 0)
(2.98593 0.232614 0)
(3.02747 0.217011 0)
(3.05945 0.134049 0)
(3.07159 0.0268387 0)
(3.05322 -0.0135168 0)
(3.09511 -0.0606593 0)
(3.11708 -0.0740004 0)
(3.13559 -0.116922 0)
(3.12308 -0.163617 0)
(3.11763 -0.216254 0)
(3.12465 -0.233569 0)
(3.12321 -0.238763 0)
(3.11237 -0.222981 0)
(3.10037 -0.202814 0)
(3.08645 -0.188316 0)
(3.06929 -0.181923 0)
(3.05427 -0.178742 0)
(3.04795 -0.174099 0)
(3.0526 -0.162128 0)
(3.06059 -0.136799 0)
(3.06507 -0.104162 0)
(3.07187 -0.0731743 0)
(3.08469 -0.0375409 0)
(3.09969 0.0079727 0)
(3.10026 0.0370708 0)
(3.09216 0.0436668 0)
(3.08511 0.0476606 0)
(3.07142 0.0464329 0)
(3.04262 0.0311755 0)
(3.01058 0.00759335 0)
(3.00045 0.00028938 0)
(3 3.02544e-07 0)
(3 -3.83202e-07 0)
(3 -3.61197e-07 0)
(3 -2.82584e-07 0)
(3 -1.4409e-07 0)
(3 -2.64502e-08 0)
(3 -7.27111e-10 0)
(3 9.9088e-12 0)
(3 1.08404e-11 0)
(3 8.66039e-12 0)
(3 3.80401e-12 0)
(3 4.65565e-13 0)
(3 3.95597e-15 0)
(3 -1.17057e-15 0)
(3 -1.70541e-15 0)
(3 -2.01465e-15 0)
(3 -1.14344e-15 0)
(3 -4.36671e-16 0)
(3 -1.94259e-15 0)
(3 -2.15814e-15 0)
(3 -1.49753e-15 0)
(3 -1.50388e-15 0)
(3 -1.58922e-15 0)
(3 -9.67355e-16 0)
(3 1.52155e-16 0)
(3 2.0155e-15 0)
(3 2.20074e-15 0)
(3 2.01204e-15 0)
(3 1.58134e-15 0)
(3 8.97993e-16 0)
(3 5.24782e-16 0)
(3 -5.1032e-17 0)
(3 2.16682e-16 0)
(3 9.60636e-16 0)
(3 1.37125e-15 0)
(3 9.66149e-16 0)
(3 -1.41438e-15 0)
(3 -2.46937e-15 0)
(3 -2.3543e-15 0)
(3 -1.6176e-15 0)
(3 -2.56443e-16 0)
(3 -5.16081e-17 0)
(3 -1.85889e-16 0)
(3 -3.5797e-16 0)
(3 -5.24159e-16 0)
(3 -1.10915e-15 0)
(3 -6.28496e-16 0)
(3 -1.03572e-15 0)
(3 -1.82629e-15 0)
(3 -1.01541e-15 0)
(3 -1.83262e-16 0)
(3 9.76541e-17 0)
(1.80014 1.22388 0)
(1.88939 1.21057 0)
(2.0347 1.12514 0)
(2.15444 1.05291 0)
(2.3051 0.946465 0)
(2.42112 0.854545 0)
(2.50257 0.822232 0)
(2.60799 0.718973 0)
(2.67279 0.633527 0)
(2.71169 0.615223 0)
(2.78895 0.544953 0)
(2.86678 0.418994 0)
(2.89583 0.355812 0)
(2.93866 0.354654 0)
(2.98446 0.308347 0)
(3.02552 0.206783 0)
(3.03902 0.112907 0)
(3.03801 0.0898959 0)
(3.05732 0.082956 0)
(3.10071 0.0579694 0)
(3.11457 0.0107598 0)
(3.10336 -0.0478832 0)
(3.09281 -0.0874647 0)
(3.08927 -0.0914567 0)
(3.0845 -0.0882867 0)
(3.08234 -0.0861952 0)
(3.07911 -0.0878909 0)
(3.07056 -0.0928128 0)
(3.06106 -0.0957152 0)
(3.05382 -0.0905891 0)
(3.05092 -0.0778534 0)
(3.05616 -0.0609815 0)
(3.07198 -0.0450646 0)
(3.0914 -0.0267269 0)
(3.10513 0.00077648 0)
(3.11743 0.036083 0)
(3.11982 0.0653954 0)
(3.111 0.0737414 0)
(3.10553 0.0753235 0)
(3.08612 0.0683565 0)
(3.04892 0.0432489 0)
(3.01196 0.0106401 0)
(3.00055 0.000453905 0)
(3 1.04794e-06 0)
(3 -3.25701e-07 0)
(3 -3.12846e-07 0)
(3 -2.44935e-07 0)
(3 -1.23241e-07 0)
(3 -2.28082e-08 0)
(3 -6.75854e-10 0)
(3 7.48277e-12 0)
(3 8.82842e-12 0)
(3 7.12548e-12 0)
(3 3.23563e-12 0)
(3 4.35336e-13 0)
(3 3.86845e-15 0)
(3 -3.02735e-15 0)
(3 -2.7678e-15 0)
(3 -1.91505e-15 0)
(3 -1.22903e-15 0)
(3 -8.68874e-16 0)
(3 -1.73483e-15 0)
(3 -2.09356e-15 0)
(3 -1.74997e-15 0)
(3 -5.89147e-16 0)
(3 1.9469e-17 0)
(3 2.12254e-16 0)
(3 1.02016e-15 0)
(3 1.79678e-15 0)
(3 2.14058e-15 0)
(3 2.69811e-15 0)
(3 2.37325e-15 0)
(3 1.8766e-15 0)
(3 1.19021e-15 0)
(3 4.95446e-16 0)
(3 -1.46116e-16 0)
(3 4.86481e-16 0)
(3 1.62564e-15 0)
(3 2.34371e-15 0)
(3 1.02403e-15 0)
(3 -5.52378e-16 0)
(3 -1.38705e-15 0)
(3 -1.48491e-15 0)
(3 -1.51978e-15 0)
(3 -6.97527e-16 0)
(3 -1.52928e-16 0)
(3 -2.3642e-17 0)
(3 1.46077e-16 0)
(3 -2.28985e-16 0)
(3 -7.431e-16 0)
(3 -1.03224e-15 0)
(3 -2.13953e-15 0)
(3 -2.32482e-15 0)
(3 -2.13161e-15 0)
(3 2.58343e-16 0)
(3 8.34371e-16 0)
(1.94752 1.14169 0)
(1.98926 1.22702 0)
(2.04683 1.21349 0)
(2.13743 1.14913 0)
(2.23217 1.0717 0)
(2.36692 0.951787 0)
(2.47521 0.85444 0)
(2.54462 0.811975 0)
(2.63164 0.725865 0)
(2.67841 0.687446 0)
(2.75944 0.610123 0)
(2.84208 0.48991 0)
(2.8717 0.442892 0)
(2.90727 0.439394 0)
(2.95065 0.378896 0)
(2.98328 0.290397 0)
(3.01546 0.210105 0)
(3.02329 0.170026 0)
(3.04557 0.153122 0)
(3.0892 0.107129 0)
(3.10022 0.0424245 0)
(3.09236 -0.0241164 0)
(3.09616 -0.0536088 0)
(3.09869 -0.0795955 0)
(3.10178 -0.100995 0)
(3.10414 -0.119336 0)
(3.10418 -0.13167 0)
(3.10278 -0.135166 0)
(3.10186 -0.131485 0)
(3.10259 -0.116556 0)
(3.10588 -0.086218 0)
(3.11407 -0.0449866 0)
(3.12605 0.000137049 0)
(3.13733 0.0431999 0)
(3.14347 0.0826715 0)
(3.14003 0.107595 0)
(3.13427 0.113358 0)
(3.12341 0.109064 0)
(3.09289 0.0900016 0)
(3.04794 0.0503036 0)
(3.01027 0.0107169 0)
(3.00041 0.00040232 0)
(3 8.93376e-07 0)
(3 -2.66201e-07 0)
(3 -2.60063e-07 0)
(3 -1.93556e-07 0)
(3 -8.63613e-08 0)
(3 -1.36895e-08 0)
(3 -3.45726e-10 0)
(3 5.60933e-12 0)
(3 6.40918e-12 0)
(3 5.10956e-12 0)
(3 2.21409e-12 0)
(3 2.843e-13 0)
(3 2.09302e-15 0)
(3 -3.05405e-15 0)
(3 -2.29779e-15 0)
(3 -7.69285e-16 0)
(3 -2.05009e-16 0)
(3 -2.65498e-16 0)
(3 -1.48288e-15 0)
(3 -2.08046e-15 0)
(3 -2.40142e-15 0)
(3 -2.87221e-15 0)
(3 -1.51857e-15 0)
(3 5.4681e-16 0)
(3 2.42866e-15 0)
(3 2.84227e-15 0)
(3 3.33262e-15 0)
(3 3.56283e-15 0)
(3 2.66687e-15 0)
(3 1.37502e-15 0)
(3 1.05619e-15 0)
(3 1.54955e-15 0)
(3 2.40184e-15 0)
(3 1.57496e-15 0)
(3 1.9371e-15 0)
(3 1.88553e-15 0)
(3 1.54296e-15 0)
(3 9.06888e-16 0)
(3 3.33679e-16 0)
(3 6.14982e-17 0)
(3 -7.32886e-17 0)
(3 -2.79645e-16 0)
(3 -1.16298e-15 0)
(3 -1.49877e-15 0)
(3 -1.68942e-15 0)
(3 -1.15137e-15 0)
(3 -6.37572e-16 0)
(3 -1.22375e-15 0)
(3 -1.928e-15 0)
(3 -2.01e-15 0)
(3 -1.66423e-15 0)
(3 -3.19793e-16 0)
(3 9.62426e-17 0)
(3 5.69466e-17 0)
(2.37722 0.799286 0)
(2.186 1.07063 0)
(2.14225 1.18519 0)
(2.17536 1.18916 0)
(2.23122 1.15566 0)
(2.32555 1.07678 0)
(2.4287 0.986465 0)
(2.51681 0.905305 0)
(2.59378 0.829157 0)
(2.66349 0.756468 0)
(2.735 0.684607 0)
(2.82072 0.573165 0)
(2.85487 0.520407 0)
(2.87783 0.509859 0)
(2.91929 0.43638 0)
(2.96252 0.361867 0)
(2.99981 0.285422 0)
(3.00853 0.255539 0)
(3.03208 0.245814 0)
(3.06753 0.203706 0)
(3.07561 0.142871 0)
(3.07642 0.101893 0)
(3.08502 0.0844093 0)
(3.09106 0.0735363 0)
(3.09647 0.0680682 0)
(3.10024 0.0618213 0)
(3.1035 0.0549407 0)
(3.10896 0.0504306 0)
(3.11658 0.0493512 0)
(3.12507 0.0570026 0)
(3.13593 0.0748688 0)
(3.14886 0.101648 0)
(3.15976 0.13049 0)
(3.16387 0.153267 0)
(3.16083 0.161702 0)
(3.1541 0.157432 0)
(3.1303 0.139121 0)
(3.09032 0.104046 0)
(3.04074 0.0485999 0)
(3.0067 0.00791692 0)
(3.00019 0.000220994 0)
(3 3.18199e-07 0)
(3 -1.77872e-07 0)
(3 -1.72971e-07 0)
(3 -1.16897e-07 0)
(3 -4.33549e-08 0)
(3 -5.24756e-09 0)
(3 -9.50044e-11 0)
(3 3.78006e-12 0)
(3 4.1095e-12 0)
(3 3.12691e-12 0)
(3 1.19726e-12 0)
(3 1.2569e-13 0)
(3 4.49794e-16 0)
(3 -1.13727e-15 0)
(3 -4.4765e-16 0)
(3 2.23239e-16 0)
(3 7.66808e-16 0)
(3 6.73614e-16 0)
(3 -1.10268e-15 0)
(3 -3.01348e-15 0)
(3 -2.63508e-15 0)
(3 -1.82795e-15 0)
(3 -8.9274e-16 0)
(3 -3.2363e-16 0)
(3 3.75854e-17 0)
(3 3.92208e-16 0)
(3 1.33759e-15 0)
(3 2.36014e-15 0)
(3 2.56608e-15 0)
(3 1.95224e-15 0)
(3 5.59031e-16 0)
(3 7.47458e-16 0)
(3 1.29913e-15 0)
(3 1.39587e-15 0)
(3 8.65395e-16 0)
(3 6.7386e-16 0)
(3 8.14067e-16 0)
(3 3.20115e-16 0)
(3 -2.85043e-16 0)
(3 4.93323e-17 0)
(3 3.36586e-16 0)
(3 5.65712e-16 0)
(3 1.70049e-16 0)
(3 -2.6319e-16 0)
(3 -4.93183e-16 0)
(3 -6.07918e-16 0)
(3 -1.18948e-15 0)
(3 -1.38618e-15 0)
(3 -2.02272e-15 0)
(3 -1.67441e-15 0)
(3 -1.1633e-15 0)
(3 -1.08676e-15 0)
(3 -3.58543e-16 0)
(3 -7.97606e-17 0)
(3 -3.09865e-16 0)
(2.91848 0.15237 0)
(2.64668 0.598236 0)
(2.30327 1.02458 0)
(2.29438 1.07935 0)
(2.33235 1.10466 0)
(2.37514 1.11424 0)
(2.42873 1.09948 0)
(2.49708 1.03852 0)
(2.56299 0.960401 0)
(2.63099 0.891033 0)
(2.72424 0.797677 0)
(2.79694 0.701217 0)
(2.83384 0.643388 0)
(2.84869 0.614009 0)
(2.89028 0.527404 0)
(2.95551 0.457244 0)
(2.99334 0.386324 0)
(2.99928 0.364329 0)
(3.01781 0.350365 0)
(3.05091 0.298196 0)
(3.06348 0.246973 0)
(3.07405 0.221258 0)
(3.08564 0.205095 0)
(3.09684 0.192958 0)
(3.10826 0.181389 0)
(3.11731 0.174725 0)
(3.12445 0.174605 0)
(3.13254 0.179487 0)
(3.14238 0.187546 0)
(3.15327 0.198893 0)
(3.16413 0.211366 0)
(3.17262 0.220681 0)
(3.17423 0.220875 0)
(3.17154 0.212335 0)
(3.15625 0.190548 0)
(3.12731 0.159747 0)
(3.08216 0.106265 0)
(3.02911 0.0379671 0)
(3.00309 0.00415982 0)
(3.00005 7.36868e-05 0)
(3 1.66756e-08 0)
(3 -1.02373e-07 0)
(3 -9.72589e-08 0)
(3 -5.67788e-08 0)
(3 -1.58621e-08 0)
(3 -1.25782e-09 0)
(3 -1.23779e-11 0)
(3 2.24623e-12 0)
(3 2.37776e-12 0)
(3 1.64945e-12 0)
(3 5.1239e-13 0)
(3 3.65599e-14 0)
(3 -5.47678e-16 0)
(3 -6.81643e-16 0)
(3 1.55504e-17 0)
(3 1.05325e-15 0)
(3 1.43104e-15 0)
(3 6.35347e-16 0)
(3 -1.26794e-16 0)
(3 -1.53364e-15 0)
(3 -1.87797e-15 0)
(3 -1.53759e-15 0)
(3 -4.2771e-16 0)
(3 7.86987e-16 0)
(3 -3.2388e-16 0)
(3 -7.63332e-16 0)
(3 3.48785e-16 0)
(3 1.48441e-15 0)
(3 2.55469e-15 0)
(3 1.75182e-15 0)
(3 5.63865e-16 0)
(3 6.96059e-16 0)
(3 5.22239e-16 0)
(3 4.80465e-17 0)
(3 2.94822e-17 0)
(3 4.57311e-16 0)
(3 -1.86092e-16 0)
(3 -3.86478e-16 0)
(3 -2.81053e-17 0)
(3 -4.00351e-16 0)
(3 -1.99495e-16 0)
(3 2.40226e-16 0)
(3 7.35275e-16 0)
(3 7.1193e-16 0)
(3 6.9829e-16 0)
(3 1.25752e-15 0)
(3 1.49842e-15 0)
(3 3.52238e-16 0)
(3 -1.48662e-15 0)
(3 -1.2943e-15 0)
(3 -1.34231e-15 0)
(3 -1.01716e-15 0)
(3 -6.00159e-16 0)
(3 -2.29764e-16 0)
(3 1.70255e-16 0)
(3 -1.31274e-16 0)
(2.99918 0.00342227 0)
(2.97128 0.0772661 0)
(2.78441 0.392591 0)
(2.55415 0.756153 0)
(2.47315 0.939636 0)
(2.46168 1.03339 0)
(2.48465 1.03971 0)
(2.52667 1.04226 0)
(2.58348 1.02744 0)
(2.64241 0.991194 0)
(2.70803 0.936352 0)
(2.76881 0.86423 0)
(2.80552 0.807698 0)
(2.83004 0.75483 0)
(2.8798 0.675957 0)
(2.93994 0.6093 0)
(2.97747 0.553911 0)
(2.99316 0.520948 0)
(3.00606 0.496949 0)
(3.0362 0.446388 0)
(3.06075 0.412176 0)
(3.06937 0.39201 0)
(3.08391 0.37571 0)
(3.09935 0.360309 0)
(3.11349 0.347463 0)
(3.12365 0.338316 0)
(3.13221 0.331542 0)
(3.14193 0.324267 0)
(3.15213 0.314343 0)
(3.16038 0.302243 0)
(3.16622 0.28655 0)
(3.16718 0.265247 0)
(3.1621 0.241638 0)
(3.14784 0.214003 0)
(3.1165 0.167453 0)
(3.06421 0.0916239 0)
(3.01589 0.0228401 0)
(3.00096 0.00147743 0)
(3.00001 1.41207e-05 0)
(3 -3.05429e-08 0)
(3 -5.14558e-08 0)
(3 -4.58016e-08 0)
(3 -2.1971e-08 0)
(3 -4.27891e-09 0)
(3 -1.93285e-10 0)
(3 -1.02783e-13 0)
(3 1.21417e-12 0)
(3 1.23326e-12 0)
(3 7.33196e-13 0)
(3 1.72928e-13 0)
(3 7.66848e-15 0)
(3 -1.31152e-15 0)
(3 -6.7721e-16 0)
(3 7.02892e-16 0)
(3 1.47357e-15 0)
(3 1.85057e-15 0)
(3 1.08272e-15 0)
(3 -2.19523e-18 0)
(3 -3.37083e-18 0)
(3 1.6837e-16 0)
(3 -2.72268e-16 0)
(3 -1.65412e-16 0)
(3 2.39408e-16 0)
(3 1.62244e-16 0)
(3 2.09337e-16 0)
(3 1.15933e-15 0)
(3 2.21364e-15 0)
(3 2.23713e-15 0)
(3 2.14989e-15 0)
(3 1.05775e-15 0)
(3 4.13701e-16 0)
(3 7.84949e-16 0)
(3 4.37953e-16 0)
(3 -4.74231e-16 0)
(3 -5.09415e-16 0)
(3 7.11894e-16 0)
(3 7.04972e-16 0)
(3 6.05422e-17 0)
(3 -4.86988e-16 0)
(3 -1.70055e-16 0)
(3 -2.4995e-16 0)
(3 -8.54839e-18 0)
(3 -5.92961e-17 0)
(3 4.28983e-16 0)
(3 9.92695e-16 0)
(3 8.73748e-16 0)
(3 2.38801e-16 0)
(3 -2.95105e-16 0)
(3 -6.38485e-16 0)
(3 -4.00292e-16 0)
(3 -8.38795e-16 0)
(3 -7.69149e-16 0)
(3 -2.19346e-16 0)
(3 -3.01938e-16 0)
(3 -8.21192e-16 0)
(3 -6.13363e-16 0)
(3 6.66604e-06 0)
(2.9998 0.000955218 0)
(2.99135 0.0249926 0)
(2.93025 0.154455 0)
(2.77301 0.463306 0)
(2.65923 0.716334 0)
(2.56892 0.891979 0)
(2.58254 0.940633 0)
(2.64789 0.952261 0)
(2.67944 0.948811 0)
(2.72418 0.927859 0)
(2.76606 0.904102 0)
(2.79949 0.880442 0)
(2.8366 0.841114 0)
(2.88468 0.79572 0)
(2.92963 0.748999 0)
(2.96095 0.705488 0)
(2.98407 0.66959 0)
(3.00635 0.633933 0)
(3.03234 0.594453 0)
(3.05379 0.560275 0)
(3.06831 0.530484 0)
(3.08239 0.501496 0)
(3.09678 0.474812 0)
(3.11012 0.450302 0)
(3.12129 0.42602 0)
(3.12991 0.399632 0)
(3.13625 0.370777 0)
(3.14144 0.341593 0)
(3.14592 0.314201 0)
(3.14795 0.288799 0)
(3.14227 0.26037 0)
(3.12501 0.217641 0)
(3.08915 0.147523 0)
(3.03825 0.0606524 0)
(3.00577 0.00932187 0)
(3.00018 0.000323803 0)
(3 1.49105e-06 0)
(3 -1.76141e-08 0)
(3 -2.30155e-08 0)
(3 -1.82881e-08 0)
(3 -7.06209e-09 0)
(3 -9.0372e-10 0)
(3 -2.09308e-11 0)
(3 4.37796e-13 0)
(3 6.10566e-13 0)
(3 5.61036e-13 0)
(3 2.62341e-13 0)
(3 4.19972e-14 0)
(3 1.05471e-15 0)
(3 8.63843e-16 0)
(3 9.64808e-16 0)
(3 1.42709e-15 0)
(3 1.51347e-15 0)
(3 2.32422e-15 0)
(3 1.66507e-15 0)
(3 8.04046e-16 0)
(3 3.75761e-17 0)
(3 9.39909e-17 0)
(3 4.42242e-16 0)
(3 3.73878e-16 0)
(3 1.18413e-16 0)
(3 3.4647e-16 0)
(3 -3.29233e-16 0)
(3 -8.09905e-16 0)
(3 1.02983e-15 0)
(3 1.89306e-15 0)
(3 1.48051e-15 0)
(3 1.10489e-15 0)
(3 8.24864e-16 0)
(3 9.67499e-16 0)
(3 1.0004e-15 0)
(3 9.22728e-16 0)
(3 5.9074e-16 0)
(3 4.52377e-17 0)
(3 -5.85975e-17 0)
(3 1.75768e-16 0)
(3 -6.20135e-16 0)
(3 -1.68876e-15 0)
(3 -1.73165e-15 0)
(3 -1.15133e-15 0)
(3 -7.89853e-16 0)
(3 -1.01968e-15 0)
(3 -4.9864e-16 0)
(3 2.63251e-17 0)
(3 2.00114e-16 0)
(3 1.11453e-16 0)
(3 -1.38503e-16 0)
(3 -7.80905e-16 0)
(3 -2.93691e-16 0)
(3 3.53659e-18 0)
(3 -1.6665e-16 0)
(3 -3.16673e-16 0)
(3 -1.10835e-15 0)
(3 -1.57145e-15 0)
(3 -1.33885e-15 0)
(3 9.2976e-10 0)
(3 9.3976e-07 0)
(2.99997 0.000136352 0)
(2.99893 0.0038499 0)
(2.98522 0.0402107 0)
(2.93016 0.175052 0)
(2.82097 0.405341 0)
(2.74164 0.609627 0)
(2.71587 0.763627 0)
(2.73699 0.815103 0)
(2.76475 0.837808 0)
(2.78292 0.836393 0)
(2.81528 0.823326 0)
(2.8525 0.802209 0)
(2.8932 0.776712 0)
(2.93034 0.74396 0)
(2.9554 0.712744 0)
(2.97714 0.685019 0)
(3.00183 0.652888 0)
(3.02579 0.616414 0)
(3.04458 0.580086 0)
(3.05887 0.545266 0)
(3.07114 0.512936 0)
(3.08353 0.482912 0)
(3.09588 0.454156 0)
(3.10694 0.425021 0)
(3.11496 0.394655 0)
(3.11823 0.362721 0)
(3.11849 0.329637 0)
(3.11527 0.293134 0)
(3.10556 0.245903 0)
(3.08534 0.179109 0)
(3.04933 0.0942896 0)
(3.01377 0.0253285 0)
(3.00114 0.00221498 0)
(3.00002 3.8849e-05 0)
(3 7.60268e-08 0)
(3 -7.43629e-09 0)
(3 -9.04246e-09 0)
(3 -6.31059e-09 0)
(3 -1.90195e-09 0)
(3 -1.55815e-10 0)
(3 -1.70114e-12 0)
(3 2.25937e-13 0)
(3 2.73416e-13 0)
(3 2.11477e-13 0)
(3 7.63496e-14 0)
(3 8.03775e-15 0)
(3 -1.92557e-15 0)
(3 -1.99687e-15 0)
(3 2.25524e-16 0)
(3 2.08425e-15 0)
(3 1.77666e-15 0)
(3 5.43031e-16 0)
(3 5.89848e-16 0)
(3 2.23314e-16 0)
(3 1.67865e-16 0)
(3 1.07141e-16 0)
(3 4.27811e-17 0)
(3 2.94556e-16 0)
(3 1.24449e-16 0)
(3 -1.20118e-16 0)
(3 -4.06323e-18 0)
(3 7.89535e-16 0)
(3 8.42013e-16 0)
(3 1.81647e-15 0)
(3 1.89877e-15 0)
(3 7.20858e-16 0)
(3 -6.97763e-16 0)
(3 1.67531e-16 0)
(3 4.41273e-16 0)
(3 3.67225e-16 0)
(3 -1.85958e-17 0)
(3 5.33734e-16 0)
(3 1.1959e-15 0)
(3 8.65572e-16 0)
(3 6.56542e-16 0)
(3 -1.83935e-15 0)
(3 -2.98154e-15 0)
(3 -2.70395e-15 0)
(3 -1.94399e-15 0)
(3 -1.33359e-15 0)
(3 -5.41431e-16 0)
(3 -4.59605e-16 0)
(3 -2.6118e-16 0)
(3 -9.95505e-17 0)
(3 -2.39526e-19 0)
(3 -1.54672e-16 0)
(3 -3.30417e-16 0)
(3 1.31795e-16 0)
(3 4.84634e-16 0)
(3 6.50652e-16 0)
(3 3.98369e-16 0)
(3 -1.31803e-15 0)
(3 -1.70773e-15 0)
(3 -1.42306e-15 0)
(3 3.26327e-14 0)
(3 5.85643e-11 0)
(3 5.63376e-08 0)
(3 8.05992e-06 0)
(2.99992 0.000323011 0)
(2.99863 0.00463073 0)
(2.98793 0.0337866 0)
(2.95579 0.120969 0)
(2.90264 0.277232 0)
(2.8676 0.432667 0)
(2.8483 0.543732 0)
(2.82976 0.624493 0)
(2.84169 0.672439 0)
(2.87195 0.699739 0)
(2.91288 0.686866 0)
(2.93607 0.668214 0)
(2.95462 0.658048 0)
(2.97509 0.637154 0)
(2.99579 0.609558 0)
(3.01551 0.580613 0)
(3.0321 0.549156 0)
(3.04442 0.516427 0)
(3.0542 0.484344 0)
(3.0631 0.452885 0)
(3.071 0.4201 0)
(3.07657 0.383446 0)
(3.07862 0.340855 0)
(3.07744 0.29174 0)
(3.07142 0.234719 0)
(3.05858 0.167813 0)
(3.03772 0.0946791 0)
(3.01473 0.0337189 0)
(3.00237 0.00537534 0)
(3.0001 0.000251748 0)
(3 2.12726e-06 0)
(3 3.49669e-10 0)
(3 -2.76644e-09 0)
(3 -3.13944e-09 0)
(3 -1.85537e-09 0)
(3 -4.09846e-10 0)
(3 -2.11772e-11 0)
(3 -7.1854e-14 0)
(3 9.1722e-14 0)
(3 1.02736e-13 0)
(3 6.46622e-14 0)
(3 1.70186e-14 0)
(3 1.41299e-15 0)
(3 1.17525e-16 0)
(3 7.90293e-17 0)
(3 -8.76687e-16 0)
(3 -2.70535e-17 0)
(3 2.54628e-15 0)
(3 1.9951e-15 0)
(3 7.38857e-16 0)
(3 -2.69214e-16 0)
(3 -8.40267e-17 0)
(3 -1.68157e-16 0)
(3 6.61075e-16 0)
(3 6.53243e-16 0)
(3 6.84546e-16 0)
(3 2.57682e-16 0)
(3 -2.59643e-16 0)
(3 3.70156e-16 0)
(3 1.92811e-15 0)
(3 2.94248e-15 0)
(3 1.39032e-15 0)
(3 8.20148e-16 0)
(3 1.54707e-16 0)
(3 -2.07817e-15 0)
(3 -1.50397e-15 0)
(3 -3.93231e-16 0)
(3 -5.65261e-16 0)
(3 -1.18007e-15 0)
(3 3.51059e-17 0)
(3 2.24837e-15 0)
(3 2.71558e-15 0)
(3 6.78436e-16 0)
(3 -7.58167e-16 0)
(3 -1.18508e-15 0)
(3 -1.3806e-15 0)
(3 -1.48617e-15 0)
(3 -1.57405e-15 0)
(3 -9.08062e-16 0)
(3 -6.85763e-16 0)
(3 -5.05893e-16 0)
(3 -1.24574e-15 0)
(3 -1.26314e-15 0)
(3 -2.88467e-16 0)
(3 4.99159e-16 0)
(3 6.28999e-16 0)
(3 4.64182e-16 0)
(3 1.90009e-16 0)
(3 -7.14742e-16 0)
(3 -2.40962e-15 0)
(3 -2.3884e-15 0)
(3 -1.66798e-15 0)
(3 6.16206e-16 0)
(3 2.94365e-15 0)
(3 2.06261e-12 0)
(3 1.11463e-09 0)
(3 1.80673e-07 0)
(3 1.0184e-05 0)
(2.99993 0.000259944 0)
(2.99927 0.00263632 0)
(2.99577 0.0145907 0)
(2.98731 0.0465245 0)
(2.97187 0.104229 0)
(2.94905 0.186804 0)
(2.93114 0.281589 0)
(2.93139 0.364143 0)
(2.94442 0.408978 0)
(2.95424 0.430409 0)
(2.96077 0.447054 0)
(2.9775 0.444583 0)
(2.98594 0.437089 0)
(2.99805 0.421746 0)
(3.00963 0.398167 0)
(3.01858 0.368458 0)
(3.0253 0.334922 0)
(3.03027 0.297621 0)
(3.03324 0.255428 0)
(3.03358 0.207984 0)
(3.03087 0.156822 0)
(3.02494 0.105015 0)
(3.01632 0.0577201 0)
(3.00736 0.0225984 0)
(3.00175 0.00501342 0)
(3.00015 0.000453821 0)
(3 1.10026e-05 0)
(3 4.39154e-08 0)
(3 -5.32003e-10 0)
(3 -9.42818e-10 0)
(3 -9.37786e-10 0)
(3 -4.30524e-10 0)
(3 -6.68042e-11 0)
(3 -2.1091e-12 0)
(3 1.45355e-14 0)
(3 3.27968e-14 0)
(3 3.23273e-14 0)
(3 1.42126e-14 0)
(3 3.32518e-15 0)
(3 3.55735e-17 0)
(3 -7.08257e-16 0)
(3 -7.20345e-16 0)
(3 -1.255e-16 0)
(3 2.11235e-16 0)
(3 -8.55917e-17 0)
(3 1.09492e-15 0)
(3 1.96612e-15 0)
(3 8.81325e-16 0)
(3 -5.0685e-16 0)
(3 -3.20606e-16 0)
(3 1.03888e-16 0)
(3 4.25422e-16 0)
(3 1.87701e-16 0)
(3 -3.3022e-16 0)
(3 4.18459e-17 0)
(3 4.00042e-16 0)
(3 1.29077e-15 0)
(3 2.6126e-15 0)
(3 2.59438e-15 0)
(3 6.96258e-16 0)
(3 -1.35195e-15 0)
(3 -2.7626e-15 0)
(3 -2.9783e-15 0)
(3 -2.4495e-15 0)
(3 -1.39499e-16 0)
(3 -2.33044e-16 0)
(3 -3.9357e-16 0)
(3 6.65724e-16 0)
(3 1.89258e-15 0)
(3 1.71012e-15 0)
(3 9.76205e-17 0)
(3 -1.15115e-15 0)
(3 -1.52832e-15 0)
(3 -1.79753e-15 0)
(3 -7.99577e-16 0)
(3 -2.95617e-16 0)
(3 3.7682e-16 0)
(3 6.22612e-16 0)
(3 3.63114e-16 0)
(3 -7.89447e-17 0)
(3 -5.75598e-17 0)
(3 1.26348e-16 0)
(3 4.2669e-16 0)
(3 2.68599e-16 0)
(3 -2.36125e-16 0)
(3 -8.95592e-16 0)
(3 -1.00989e-15 0)
(3 -5.57515e-16 0)
(3 1.93719e-16 0)
(3 -1.04525e-15 0)
(3 7.74431e-16 0)
(3 -3.19168e-16 0)
(3 -7.20317e-16 0)
(3 3.28547e-14 0)
(3 6.17527e-12 0)
(3 1.58117e-09 0)
(3 1.45616e-07 0)
(3 4.41532e-06 0)
(2.99999 6.11016e-05 0)
(2.9999 0.000429108 0)
(2.9995 0.00203466 0)
(2.99814 0.00739826 0)
(2.99528 0.0202669 0)
(2.99228 0.0410901 0)
(2.99112 0.0618574 0)
(2.99 0.081388 0)
(2.98948 0.0987301 0)
(2.99151 0.112273 0)
(2.99491 0.117626 0)
(2.99665 0.115843 0)
(2.99939 0.109289 0)
(3.00206 0.0975247 0)
(3.00403 0.0819507 0)
(3.00499 0.0640425 0)
(3.0049 0.0455533 0)
(3.00399 0.0286045 0)
(3.00266 0.0150995 0)
(3.00133 0.00613564 0)
(3.00042 0.00164415 0)
(3.00006 0.00022777 0)
(3 1.16732e-05 0)
(3 1.46246e-07 0)
(3 2.4411e-10 0)
(3 -1.59527e-10 0)
(3 -2.55721e-10 0)
(3 -2.06792e-10 0)
(3 -7.22694e-11 0)
(3 -7.53261e-12 0)
(3 -1.36227e-13 0)
(3 6.3059e-15 0)
(3 1.02095e-14 0)
(3 7.78983e-15 0)
(3 2.83036e-16 0)
(3 -1.01723e-15 0)
(3 -7.62139e-16 0)
(3 -1.16769e-15 0)
(3 -1.60585e-15 0)
(3 -1.66998e-15 0)
(3 -2.14149e-15 0)
(3 -2.24388e-15 0)
(3 -2.09122e-15 0)
(3 -9.04659e-16 0)
(3 -4.97562e-16 0)
(3 1.75554e-16 0)
(3 2.69409e-16 0)
(3 1.02616e-15 0)
(3 1.37361e-15 0)
(3 1.06788e-15 0)
(3 3.97141e-16 0)
(3 -4.70728e-16 0)
(3 2.3658e-16 0)
(3 1.21996e-15 0)
(3 2.59883e-15 0)
(3 3.59056e-15 0)
(3 3.11154e-15 0)
(3 9.81479e-16 0)
(3 3.01535e-16 0)
(3 -1.5558e-15 0)
(3 -1.88372e-15 0)
(3 -1.79737e-15 0)
(3 -1.11528e-15 0)
(3 -2.73893e-16 0)
(3 2.41257e-16 0)
(3 7.89861e-16 0)
(3 7.01153e-16 0)
(3 2.58344e-16 0)
(3 -5.06703e-16 0)
(3 2.82309e-16 0)
(3 3.73877e-16 0)
(3 2.19106e-17 0)
(3 1.27727e-15 0)
(3 1.0507e-15 0)
(3 1.40657e-15 0)
(3 1.17395e-15 0)
(3 7.64698e-17 0)
(3 1.96848e-16 0)
(3 6.60712e-16 0)
(3 5.55501e-17 0)
(3 -4.38269e-16 0)
(3 -8.52074e-16 0)
(3 -8.90558e-16 0)
(3 -5.17394e-16 0)
(3 -1.20821e-16 0)
(3 3.98962e-16 0)
(3 -7.47371e-17 0)
(3 -8.48862e-16 0)
(3 1.42068e-15 0)
(3 -2.22497e-15 0)
(3 -2.96862e-15 0)
(3 -1.84419e-15 0)
(3 -2.18649e-15 0)
(3 5.14191e-14 0)
(3 5.1147e-12 0)
(3 4.16278e-10 0)
(3 1.46673e-08 0)
(3 2.45218e-07 0)
(3 2.84219e-06 0)
(3 2.3455e-05 0)
(2.99998 0.000123977 0)
(2.99993 0.000405745 0)
(2.99987 0.000885394 0)
(2.99979 0.00159577 0)
(2.9997 0.00251966 0)
(2.99966 0.0035242 0)
(2.99975 0.00422578 0)
(2.99982 0.00431238 0)
(2.99988 0.00412065 0)
(2.99999 0.00356341 0)
(3.00009 0.00270235 0)
(3.00011 0.00175482 0)
(3.00009 0.000947568 0)
(3.00005 0.000405877 0)
(3.00002 0.000126222 0)
(3 2.42236e-05 0)
(3 2.21218e-06 0)
(3 6.76455e-08 0)
(3 4.62498e-10 0)
(3 -7.41425e-12 0)
(3 -3.2589e-11 0)
(3 -5.15394e-11 0)
(3 -3.31873e-11 0)
(3 -8.18393e-12 0)
(3 -5.31184e-13 0)
(3 -4.06099e-15 0)
(3 1.17444e-15 0)
(3 2.88287e-15 0)
(3 2.17026e-15 0)
(3 6.68419e-16 0)
(3 -7.95856e-16 0)
(3 -1.16188e-15 0)
(3 -1.34306e-15 0)
(3 -9.00683e-16 0)
(3 -1.06733e-15 0)
(3 -1.68002e-15 0)
(3 -2.74747e-15 0)
(3 -3.07554e-15 0)
(3 -1.24688e-15 0)
(3 -9.12026e-16 0)
(3 -1.21447e-15 0)
(3 -3.15563e-16 0)
(3 5.32738e-16 0)
(3 2.09539e-15 0)
(3 2.69724e-15 0)
(3 2.21572e-15 0)
(3 1.56286e-15 0)
(3 1.00601e-15 0)
(3 1.30764e-15 0)
(3 1.90988e-15 0)
(3 2.26302e-15 0)
(3 1.45558e-15 0)
(3 8.37068e-16 0)
(3 1.30389e-15 0)
(3 1.79066e-15 0)
(3 2.17731e-15 0)
(3 1.94159e-15 0)
(3 7.08349e-16 0)
(3 -2.92387e-17 0)
(3 -3.0982e-17 0)
(3 -1.0256e-16 0)
(3 -1.06675e-15 0)
(3 -2.24695e-15 0)
(3 -2.92161e-15 0)
(3 -1.13921e-15 0)
(3 9.37821e-16 0)
(3 1.75064e-15 0)
(3 2.23461e-15 0)
(3 2.54658e-15 0)
(3 1.87501e-15 0)
(3 1.28739e-15 0)
(3 8.36812e-16 0)
(3 2.86315e-16 0)
(3 -1.90435e-16 0)
(3 -1.05301e-15 0)
(3 -1.04904e-15 0)
(3 -4.28631e-16 0)
(3 2.34801e-16 0)
(3 -2.68068e-16 0)
(3 -5.17134e-16 0)
(3 -1.36503e-15 0)
(3 -1.29866e-15 0)
(3 -1.16711e-15 0)
(3 -1.14407e-15 0)
(3 2.07264e-15 0)
(3 2.03487e-16 0)
(3 -1.2559e-15 0)
(3 -1.44207e-15 0)
(3 -1.35151e-15 0)
(3 -2.62246e-15 0)
(3 -2.56011e-15 0)
(3 8.27246e-15 0)
(3 3.91094e-13 0)
(3 7.4513e-12 0)
(3 2.16439e-10 0)
(3 4.27878e-09 0)
(3 4.30752e-08 0)
(3 2.27266e-07 0)
(3 7.5241e-07 0)
(3 1.98351e-06 0)
(3 4.35939e-06 0)
(3 7.85709e-06 0)
(3 1.10608e-05 0)
(3 1.19254e-05 0)
(3 1.15613e-05 0)
(3 9.71835e-06 0)
(3 6.50082e-06 0)
(3 3.30719e-06 0)
(3 1.22977e-06 0)
(3 3.10709e-07 0)
(3 4.58328e-08 0)
(3 3.02528e-09 0)
(3 6.3635e-11 0)
(3 8.0748e-13 0)
(3 -1.21082e-12 0)
(3 -4.7195e-12 0)
(3 -6.75065e-12 0)
(3 -3.44077e-12 0)
(3 -5.78578e-13 0)
(3 -2.0415e-14 0)
(3 1.46821e-15 0)
(3 2.05358e-15 0)
(3 7.5188e-16 0)
(3 8.1076e-17 0)
(3 -2.36207e-16 0)
(3 -2.35441e-16 0)
(3 -2.50584e-16 0)
(3 -1.00689e-15 0)
(3 -1.11099e-15 0)
(3 -8.57818e-17 0)
(3 4.12337e-16 0)
(3 6.1652e-18 0)
(3 -6.18509e-16 0)
(3 1.69114e-16 0)
(3 2.62721e-16 0)
(3 1.03366e-16 0)
(3 2.91391e-16 0)
(3 1.2615e-15 0)
(3 1.54589e-15 0)
(3 1.28224e-15 0)
(3 1.07045e-15 0)
(3 1.89289e-15 0)
(3 1.85051e-15 0)
(3 2.28285e-15 0)
(3 2.18254e-15 0)
(3 2.6933e-15 0)
(3 2.64412e-15 0)
(3 1.40564e-15 0)
(3 -1.18773e-16 0)
(3 1.24629e-16 0)
(3 7.03049e-16 0)
(3 8.60505e-16 0)
(3 9.82174e-16 0)
(3 7.16342e-16 0)
(3 7.74308e-16 0)
(3 3.40488e-16 0)
(3 -2.48359e-16 0)
(3 -1.71442e-15 0)
(3 -3.60739e-15 0)
(3 -3.32935e-15 0)
(3 -2.18205e-15 0)
(3 -4.21586e-16 0)
(3 2.26577e-15 0)
(3 5.02551e-15 0)
(3 4.97523e-15 0)
(3 3.21296e-15 0)
(3 1.43445e-15 0)
(3 1.15338e-15 0)
(3 1.26698e-15 0)
(3 6.22527e-16 0)
(3 -8.05888e-16 0)
(3 -8.70641e-16 0)
(3 -1.45151e-16 0)
(3 1.16685e-15 0)
(3 1.27431e-15 0)
(3 6.96113e-16 0)
(3 3.13046e-16 0)
(3 -3.65627e-16 0)
(3 -2.6504e-16 0)
(3 -2.16543e-16 0)
(3 2.10448e-15 0)
(3 1.5152e-15 0)
(3 2.36988e-16 0)
(3 -8.38225e-16 0)
(3 -9.45723e-16 0)
(3 -1.48493e-15 0)
(3 -2.9669e-15 0)
(3 -4.32385e-15 0)
(3 -4.73288e-15 0)
(3 -4.22756e-15 0)
(3 2.39198e-15 0)
(3 1.11991e-13 0)
(3 1.12226e-12 0)
(3 6.00287e-12 0)
(3 2.65413e-11 0)
(3 1.04976e-10 0)
(3 3.34153e-10 0)
(3 7.9297e-10 0)
(3 1.32938e-09 0)
(3 1.52515e-09 0)
(3 1.4913e-09 0)
(3 1.20021e-09 0)
(3 6.77646e-10 0)
(3 2.48457e-10 0)
(3 5.65925e-11 0)
(3 7.87261e-12 0)
(3 8.42291e-13 0)
(3 4.55068e-14 0)
(3 -1.47599e-14 0)
(3 -1.08512e-13 0)
(3 -4.63335e-13 0)
(3 -5.22578e-13 0)
(3 -2.2078e-13 0)
(3 -2.33502e-14 0)
(3 -8.95619e-16 0)
(3 7.4002e-16 0)
(3 1.38974e-15 0)
(3 1.41464e-15 0)
(3 8.18315e-16 0)
(3 -7.94664e-16 0)
(3 -1.18129e-15 0)
(3 -1.32135e-15 0)
(3 -9.64713e-17 0)
(3 -1.83081e-16 0)
(3 -2.80174e-16 0)
(3 -4.76586e-16 0)
(3 1.20338e-17 0)
(3 1.03604e-16 0)
(3 1.58695e-16 0)
(3 6.76957e-16 0)
(3 -2.56477e-16 0)
(3 -4.11538e-16 0)
(3 -1.53777e-16 0)
(3 9.35435e-16 0)
(3 2.31047e-15 0)
(3 1.76011e-15 0)
(3 6.0008e-16 0)
(3 5.61644e-16 0)
(3 1.83088e-15 0)
(3 2.64849e-15 0)
(3 2.03563e-15 0)
(3 9.07745e-16 0)
(3 3.51472e-16 0)
(3 1.00097e-15 0)
(3 -1.75144e-16 0)
(3 -8.84943e-18 0)
(3 9.7415e-16 0)
(3 9.95636e-16 0)
(3 1.25317e-15 0)
(3 8.49108e-16 0)
(3 2.74364e-16 0)
(3 -7.58772e-16 0)
(3 -1.50586e-15 0)
(3 -1.53699e-15 0)
(3 -1.71046e-15 0)
(3 -1.79682e-15 0)
(3 -6.83757e-16 0)
(3 3.20652e-16 0)
(3 1.67152e-15 0)
(3 1.85872e-15 0)
(3 2.33278e-15 0)
(3 2.47071e-15 0)
(3 2.28036e-15 0)
(3 1.92564e-15 0)
(3 1.58023e-15 0)
(3 3.76833e-16 0)
(3 -4.34989e-16 0)
(3 -3.49604e-16 0)
(3 5.77694e-16 0)
(3 1.31774e-15 0)
(3 1.82428e-15 0)
(3 1.75666e-15 0)
(3 1.68413e-15 0)
(3 1.57013e-15 0)
(3 5.73708e-16 0)
(3 -1.59459e-16 0)
(3 3.14753e-15 0)
(3 3.28302e-15 0)
(3 1.8381e-15 0)
(3 -1.24393e-15 0)
(3 -1.84594e-15 0)
(3 -5.51442e-16 0)
(3 -8.90667e-16 0)
(3 -2.98586e-15 0)
(3 -4.05724e-15 0)
(3 -4.98769e-15 0)
(3 -4.35771e-15 0)
(3 -3.93331e-15 0)
(3 -2.76311e-15 0)
(3 -1.72861e-15 0)
(3 -5.74859e-16 0)
(3 1.86829e-15 0)
(3 6.81307e-15 0)
(3 1.57901e-14 0)
(3 2.66131e-14 0)
(3 2.99965e-14 0)
(3 2.97515e-14 0)
(3 2.39806e-14 0)
(3 1.39175e-14 0)
(3 3.33116e-15 0)
(3 -2.81149e-15 0)
(3 -4.70381e-15 0)
(3 -4.32754e-15 0)
(3 -4.25829e-15 0)
(3 -1.11832e-14 0)
(3 -3.13633e-14 0)
(3 -3.03774e-14 0)
(3 -9.88354e-15 0)
(3 -1.68648e-15 0)
(3 -6.85302e-16 0)
(3 -7.28856e-17 0)
(3 2.90467e-16 0)
(3 5.3637e-16 0)
(3 1.97291e-16 0)
(3 -4.79095e-16 0)
(3 -6.84356e-16 0)
(3 -7.87681e-16 0)
(3 -1.02752e-15 0)
(3 2.18671e-16 0)
(3 1.20678e-15 0)
(3 6.99604e-16 0)
(3 3.88747e-16 0)
(3 -1.86696e-16 0)
(3 -5.02834e-16 0)
(3 2.50432e-16 0)
(3 8.27601e-16 0)
(3 6.26042e-16 0)
(3 4.91787e-16 0)
(3 1.8767e-17 0)
(3 -5.48776e-17 0)
(3 6.7461e-16 0)
(3 4.84373e-16 0)
(3 4.78149e-16 0)
(3 9.56552e-16 0)
(3 1.57019e-15 0)
(3 1.2696e-15 0)
(3 9.48742e-16 0)
(3 -3.14706e-16 0)
(3 -1.0461e-15 0)
(3 -5.65969e-16 0)
(3 7.40811e-16 0)
(3 1.16546e-15 0)
(3 1.30724e-15 0)
(3 1.58366e-15 0)
(3 2.19882e-15 0)
(3 2.80622e-15 0)
(3 2.57191e-15 0)
(3 1.78954e-16 0)
(3 -3.24169e-16 0)
(3 -2.82815e-16 0)
(3 -1.38341e-16 0)
(3 -2.17517e-16 0)
(3 6.02207e-17 0)
(3 8.5004e-16 0)
(3 1.08407e-15 0)
(3 5.72027e-16 0)
(3 4.79515e-16 0)
(3 1.12352e-15 0)
(3 2.08238e-15 0)
(3 2.46393e-15 0)
(3 1.40972e-15 0)
(3 -3.0873e-16 0)
(3 -5.19363e-16 0)
(3 -3.7414e-16 0)
(3 -1.58882e-16 0)
(3 -1.72487e-16 0)
(3 -4.59419e-16 0)
(3 1.5158e-15 0)
(3 2.12379e-15 0)
(3 2.41723e-15 0)
(3 2.29761e-15 0)
(3 2.0105e-15 0)
(3 2.31075e-15 0)
(3 2.6794e-15 0)
(3 2.08771e-15 0)
(3 -1.08779e-16 0)
(3 -9.31799e-16 0)
(3 -8.20709e-16 0)
(3 -7.72945e-16 0)
(3 -2.12163e-15 0)
(3 -2.20638e-15 0)
(3 -2.00743e-15 0)
(3 -2.67084e-15 0)
(3 -1.97677e-15 0)
(3 -1.88784e-15 0)
(3 -4.18045e-17 0)
(3 1.53158e-16 0)
(3 1.18413e-16 0)
(3 2.23606e-16 0)
(3 -2.36294e-16 0)
(3 -2.18663e-15 0)
(3 -3.82118e-15 0)
(3 -4.51443e-15 0)
(3 -4.36093e-15 0)
(3 -3.79546e-15 0)
(3 -1.84635e-15 0)
(3 -2.05923e-15 0)
(3 -1.79323e-15 0)
(3 -1.47677e-15 0)
(3 -2.29428e-15 0)
(3 -2.24596e-15 0)
(3 -2.30096e-15 0)
(3 -8.84309e-16 0)
(3 -4.04543e-16 0)
(3 -2.75568e-16 0)
(3 -6.3665e-16 0)
(3 -7.89868e-16 0)
(3 -1.65681e-16 0)
(3 1.23105e-16 0)
(3 6.39512e-16 0)
(3 2.51853e-16 0)
(3 -1.45733e-16 0)
(3 -1.78938e-16 0)
(3 2.2073e-16 0)
(3 6.231e-16 0)
(3 9.34549e-16 0)
(3 9.77976e-16 0)
(3 1.24812e-15 0)
(3 7.8291e-16 0)
(3 7.91591e-16 0)
(3 1.33334e-15 0)
(3 1.93031e-15 0)
(3 2.13429e-15 0)
(3 1.28758e-15 0)
(3 8.44966e-16 0)
(3 -3.68894e-16 0)
(3 -1.65023e-15 0)
(3 -1.58086e-15 0)
(3 -8.11193e-16 0)
(3 -8.42025e-17 0)
(3 2.27522e-16 0)
(3 4.44447e-16 0)
(3 7.92174e-16 0)
(3 8.6648e-16 0)
(3 5.63011e-16 0)
(3 8.18737e-16 0)
(3 1.05214e-15 0)
(3 1.25722e-15 0)
(3 1.45679e-15 0)
(3 2.52235e-15 0)
(3 3.49901e-15 0)
(3 3.51068e-15 0)
(3 3.21039e-15 0)
(3 1.80775e-15 0)
(3 -5.70087e-16 0)
(3 -3.92372e-16 0)
(3 9.66397e-17 0)
(3 3.34205e-16 0)
(3 1.87108e-16 0)
(3 2.39918e-16 0)
(3 5.74968e-16 0)
(3 1.33832e-15 0)
(3 8.58311e-16 0)
(3 3.76063e-16 0)
(3 3.93373e-16 0)
(3 3.78343e-17 0)
(3 2.12226e-16 0)
(3 -3.61734e-16 0)
(3 -9.68405e-16 0)
(3 -8.86876e-16 0)
(3 -9.45497e-16 0)
(3 -6.88109e-16 0)
(3 -6.72474e-16 0)
(3 -3.58398e-17 0)
(3 9.21275e-16 0)
(3 3.0973e-15 0)
(3 3.88611e-15 0)
(3 3.55347e-15 0)
(3 1.15509e-15 0)
(3 6.59389e-16 0)
(3 9.29363e-16 0)
(3 2.35527e-16 0)
(3 -6.27757e-16 0)
(3 -1.49959e-15 0)
(3 -1.21692e-15 0)
(3 -9.82013e-16 0)
(3 -4.9179e-16 0)
(3 2.58905e-17 0)
(3 -3.66507e-16 0)
(3 -8.43603e-16 0)
(3 1.58413e-16 0)
(3 1.07188e-15 0)
(3 1.28616e-15 0)
(3 5.77489e-16 0)
(3 6.27112e-16 0)
(3 -2.21891e-17 0)
(3 -8.54297e-16 0)
(3 -2.77841e-15 0)
(3 -3.22188e-15 0)
(3 -3.84718e-15 0)
(3 -4.04527e-15 0)
(3 -1.98681e-15 0)
(3 -1.23248e-16 0)
(3 -1.08136e-16 0)
(3 -1.50329e-15 0)
(3 -1.82578e-15 0)
(3 -1.50321e-15 0)
(3 -3.74559e-16 0)
(3 -2.55589e-16 0)
(3 -6.70309e-16 0)
(3 -6.46139e-16 0)
(3 -2.68654e-16 0)
(3 -5.61044e-17 0)
(3 4.3112e-17 0)
(3 7.37387e-18 0)
(3 -6.73372e-18 0)
(3 2.55943e-16 0)
(3 2.22738e-16 0)
(3 4.14954e-16 0)
(3 6.15557e-16 0)
(3 5.34402e-16 0)
(3 -8.10045e-17 0)
(3 -3.78872e-16 0)
(3 -9.51237e-17 0)
(3 4.87875e-16 0)
(3 6.62629e-16 0)
(3 5.74865e-16 0)
(3 7.64721e-16 0)
(3 9.68282e-16 0)
(3 6.27457e-16 0)
(3 1.62195e-16 0)
(3 -6.70153e-16 0)
(3 -8.25189e-16 0)
(3 -9.12013e-16 0)
(3 -7.54877e-17 0)
(3 -6.26308e-16 0)
(3 -1.0129e-15 0)
(3 -1.12421e-15 0)
(3 -4.56081e-16 0)
(3 -1.30121e-17 0)
(3 1.12752e-15 0)
(3 1.60818e-15 0)
(3 2.22101e-15 0)
(3 2.2969e-15 0)
(3 2.25502e-15 0)
(3 3.04375e-15 0)
(3 4.17346e-15 0)
(3 1.95294e-15 0)
(3 -8.0752e-17 0)
(3 -4.67284e-16 0)
(3 -9.93639e-16 0)
(3 -1.35447e-15 0)
(3 -1.24562e-15 0)
(3 -9.99341e-16 0)
(3 1.82196e-16 0)
(3 8.57653e-16 0)
(3 4.34443e-16 0)
(3 -2.29274e-16 0)
(3 -2.48475e-16 0)
(3 -3.8657e-16 0)
(3 -5.80187e-16 0)
(3 -1.82629e-15 0)
(3 -2.7477e-15 0)
(3 -2.28579e-15 0)
(3 -2.38464e-15 0)
(3 -2.3239e-15 0)
(3 -2.3233e-15 0)
(3 -1.65464e-15 0)
(3 3.01238e-16 0)
(3 7.86879e-16 0)
(3 1.66614e-15 0)
(3 2.13365e-15 0)
(3 3.07398e-15 0)
(3 2.90347e-15 0)
(3 9.19314e-16 0)
(3 1.31555e-15 0)
(3 2.09702e-15 0)
(3 2.15562e-15 0)
(3 6.66065e-16 0)
(3 -7.7985e-16 0)
(3 -7.41944e-16 0)
(3 3.42663e-16 0)
(3 1.25457e-15 0)
(3 1.16668e-15 0)
(3 1.15855e-15 0)
(3 7.56619e-16 0)
(3 1.29318e-15 0)
(3 1.13125e-15 0)
(3 1.05454e-15 0)
(3 5.48387e-16 0)
(3 2.82672e-16 0)
(3 -2.37485e-16 0)
(3 -1.11608e-15 0)
(3 -2.68689e-15 0)
(3 -2.87491e-15 0)
(3 -2.2164e-15 0)
(3 -1.34109e-15 0)
(3 -1.16391e-15 0)
(3 -8.62603e-16 0)
(3 -7.39824e-16 0)
(3 -1.19316e-15 0)
(3 -1.9052e-15 0)
(3 -2.37756e-15 0)
(3 -1.68293e-15 0)
(3 -1.96558e-16 0)
(3 1.48058e-16 0)
(3 -5.76134e-16 0)
(3 5.40602e-16 0)
(3 5.17974e-16 0)
(3 -5.04294e-16 0)
(3 -2.33626e-15 0)
(3 -2.21503e-15 0)
(3 -9.34487e-16 0)
(3 -8.23614e-17 0)
(3 -1.52961e-16 0)
(3 -6.53144e-16 0)
(3 -1.41567e-15 0)
(3 -1.27639e-15 0)
(3 -1.49015e-15 0)
(3 -1.58598e-15 0)
(3 -1.54491e-15 0)
(3 -1.52015e-15 0)
(3 -1.10767e-15 0)
(3 -7.02262e-16 0)
(3 -2.23969e-16 0)
(3 -1.76536e-17 0)
(3 -3.15674e-16 0)
(3 -1.80998e-16 0)
(3 3.02953e-16 0)
(3 4.63133e-16 0)
(3 4.39091e-16 0)
(3 -2.7576e-16 0)
(3 -2.75482e-16 0)
(3 3.12851e-16 0)
(3 9.06551e-16 0)
(3 1.2005e-15 0)
(3 1.11658e-15 0)
(3 7.82247e-16 0)
(3 1.33339e-15 0)
(3 2.82703e-15 0)
(3 2.63096e-15 0)
(3 2.43015e-15 0)
(3 1.8794e-15 0)
(3 -1.45101e-16 0)
(3 -1.689e-15 0)
(3 -1.10317e-15 0)
(3 5.25806e-16 0)
(3 -3.24017e-16 0)
(3 -1.29558e-15 0)
(3 -1.33469e-15 0)
(3 -8.27764e-16 0)
(3 -7.66495e-16 0)
(3 -1.0361e-15 0)
(3 -1.80188e-15 0)
(3 -2.25496e-15 0)
(3 -2.83713e-15 0)
(3 -2.98417e-15 0)
(3 -3.53289e-15 0)
(3 -3.82736e-15 0)
(3 -3.74469e-15 0)
(3 -3.30303e-15 0)
(3 -3.20289e-15 0)
(3 -3.16408e-15 0)
(3 -2.42961e-15 0)
(3 -4.52565e-16 0)
(3 -5.78437e-17 0)
(3 1.31124e-15 0)
(3 1.70855e-15 0)
(3 1.75316e-15 0)
(3 2.39396e-15 0)
(3 7.70002e-16 0)
(3 1.63736e-15 0)
(3 2.05001e-15 0)
(3 1.96774e-15 0)
(3 1.34408e-15 0)
(3 1.06889e-17 0)
(3 -1.96189e-16 0)
(3 8.50467e-16 0)
(3 1.19696e-15 0)
(3 1.61912e-15 0)
(3 1.28914e-15 0)
(3 8.99866e-16 0)
(3 7.66087e-16 0)
(3 7.23429e-16 0)
(3 8.77573e-16 0)
(3 4.31079e-16 0)
(3 -1.05502e-16 0)
(3 -1.09389e-15 0)
(3 -2.52014e-15 0)
(3 -2.982e-15 0)
(3 -2.80437e-15 0)
(3 -2.04027e-15 0)
(3 -1.31168e-15 0)
(3 -8.26036e-16 0)
(3 -7.91812e-16 0)
(3 -1.31199e-15 0)
(3 -2.10013e-15 0)
(3 -3.11049e-15 0)
(3 -3.1083e-15 0)
(3 -2.17461e-15 0)
(3 -1.24587e-15 0)
(3 -1.17943e-15 0)
(3 -4.05895e-16 0)
(3 -3.52561e-16 0)
(3 -8.16148e-16 0)
(3 -1.0436e-15 0)
(3 -2.5159e-15 0)
(3 -3.18288e-15 0)
(3 -3.00143e-15 0)
(3 -2.92095e-15 0)
(3 -2.43696e-15 0)
(3 -2.15232e-15 0)
(3 -1.79863e-15 0)
(3 -1.12826e-15 0)
(3 -1.30263e-15 0)
(3 -2.76736e-15 0)
(3 -4.16959e-15 0)
(3 -3.49852e-15 0)
(3 -1.88127e-15 0)
(3 -7.59776e-16 0)
(3 -9.93768e-16 0)
(3 -1.3137e-15 0)
(3 -1.61216e-15 0)
(3 -7.68155e-16 0)
(3 -5.11197e-16 0)
(3 -4.66858e-16 0)
(3 -7.30117e-16 0)
(3 -1.15969e-15 0)
(3 5.26769e-16 0)
(3 2.17169e-15 0)
(3 2.50702e-15 0)
(3 2.27857e-15 0)
(3 1.32057e-15 0)
(3 4.31628e-16 0)
(3 5.57041e-17 0)
(3 4.02778e-16 0)
(3 1.50805e-15 0)
(3 1.6444e-15 0)
(3 1.01537e-15 0)
(3 3.53042e-16 0)
(3 2.76366e-16 0)
(3 9.64383e-17 0)
(3 1.20053e-15 0)
(3 8.73233e-16 0)
(3 3.91944e-16 0)
(3 -3.0318e-16 0)
(3 -1.02764e-15 0)
(3 -1.36321e-15 0)
(3 -1.35908e-15 0)
(3 -5.96235e-16 0)
(3 -1.14206e-15 0)
(3 -2.68106e-15 0)
(3 -2.96071e-15 0)
(3 -2.8425e-15 0)
(3 -3.34598e-15 0)
(3 -3.74595e-15 0)
(3 -2.29282e-15 0)
(3 -2.02619e-15 0)
(3 -2.38103e-15 0)
(3 -2.53521e-15 0)
(3 -1.53099e-15 0)
(3 -1.20199e-15 0)
(3 -1.94318e-16 0)
(3 6.91267e-16 0)
(3 1.07064e-15 0)
(3 1.90776e-15 0)
(3 -4.35006e-17 0)
(3 5.46584e-17 0)
(3 7.67818e-16 0)
(3 1.30305e-15 0)
(3 1.36077e-15 0)
(3 1.35138e-17 0)
(3 -4.24086e-17 0)
(3 -3.09172e-16 0)
(3 -3.31605e-16 0)
(3 -1.69935e-16 0)
(3 -5.52968e-16 0)
(3 -9.30947e-16 0)
(3 -7.69008e-16 0)
(3 3.9087e-16 0)
(3 4.81409e-16 0)
(3 5.10862e-16 0)
(3 -4.87249e-16 0)
(3 -8.95436e-16 0)
(3 -7.76457e-16 0)
(3 -9.84322e-16 0)
(3 -1.35262e-15 0)
(3 -1.17368e-15 0)
(3 -1.34671e-15 0)
(3 -1.14188e-15 0)
(3 -1.18467e-15 0)
(3 -2.05732e-15 0)
(3 -2.07288e-15 0)
(3 -1.55937e-15 0)
(3 -1.26954e-15 0)
(3 -9.64077e-16 0)
(3 -1.47766e-15 0)
(3 -1.69563e-15 0)
(3 -9.25756e-16 0)
(3 8.13443e-17 0)
(3 -2.54142e-16 0)
(3 -7.23448e-16 0)
(3 -1.17789e-15 0)
(3 -2.2128e-15 0)
(3 -3.15466e-15 0)
(3 -2.4603e-15 0)
(3 -2.09296e-15 0)
(3 -9.83808e-16 0)
(3 -6.13934e-16 0)
(3 -6.96834e-16 0)
(3 -8.04273e-16 0)
(3 -3.49927e-15 0)
(3 -3.81148e-15 0)
(3 -3.30681e-15 0)
(3 -2.45226e-15 0)
(3 -1.92382e-15 0)
(3 -1.54181e-15 0)
(3 -1.72387e-15 0)
(3 -1.7535e-15 0)
(3 -1.59094e-15 0)
(3 -1.64483e-15 0)
(3 -2.21814e-15 0)
(3 -1.71638e-15 0)
(3 -1.50501e-17 0)
(3 1.61728e-15 0)
(3 2.44592e-15 0)
(3 1.98762e-15 0)
(3 1.79367e-15 0)
(3 1.56303e-15 0)
(3 7.56324e-16 0)
(3 -7.91419e-16 0)
(3 -1.20621e-15 0)
(3 -9.09951e-16 0)
(3 -1.76329e-15 0)
(3 -9.35008e-16 0)
(3 1.11556e-15 0)
(3 2.63646e-15 0)
(3 2.60566e-15 0)
(3 1.46264e-15 0)
(3 1.96507e-15 0)
(3 1.81194e-15 0)
(3 9.34418e-16 0)
(3 -4.5519e-17 0)
(3 -2.03477e-17 0)
(3 -1.24616e-16 0)
(3 -2.69611e-16 0)
(3 -5.83854e-16 0)
(3 -1.83922e-15 0)
(3 -2.46237e-15 0)
(3 -2.30706e-15 0)
(3 -2.05788e-15 0)
(3 -1.84257e-15 0)
(3 -1.2616e-15 0)
(3 -4.87529e-17 0)
(3 -4.5439e-16 0)
(3 -8.54472e-16 0)
(3 -9.1826e-16 0)
(3 2.84952e-16 0)
(3 3.90751e-16 0)
(3 5.56687e-16 0)
(3 4.36072e-16 0)
(3 1.33172e-15 0)
(3 -1.52789e-15 0)
(3 -1.1704e-15 0)
(3 1.53481e-15 0)
(3 2.40228e-15 0)
(3 1.89215e-15 0)
(3 9.13268e-16 0)
(3 6.44709e-16 0)
(3 -6.96241e-16 0)
(3 -1.53919e-15 0)
(3 -1.9955e-15 0)
(3 -1.90883e-15 0)
(3 -1.81727e-15 0)
(3 -1.79997e-15 0)
(3 -1.84283e-15 0)
(3 -1.77506e-15 0)
(3 -6.5361e-16 0)
(3 -1.95593e-16 0)
(3 -4.68031e-18 0)
(3 3.94089e-16 0)
(3 6.40022e-16 0)
(3 3.5871e-16 0)
(3 8.51504e-17 0)
(3 1.26987e-16 0)
(3 -1.64564e-17 0)
(3 -8.61867e-16 0)
(3 -1.61258e-15 0)
(3 -1.81638e-15 0)
(3 -1.34911e-15 0)
(3 -1.38808e-15 0)
(3 -1.59632e-15 0)
(3 -2.13831e-15 0)
(3 -2.34866e-15 0)
(3 -2.09332e-15 0)
(3 -1.74166e-15 0)
(3 -1.33633e-15 0)
(3 -9.79591e-16 0)
(3 -6.76912e-16 0)
(3 -7.42027e-16 0)
(3 -8.90924e-16 0)
(3 -9.89012e-16 0)
(3 -1.03977e-15 0)
(3 -5.04497e-16 0)
(3 -5.77761e-16 0)
(3 -1.24978e-15 0)
(3 -1.93427e-15 0)
(3 -1.8836e-15 0)
(3 -1.3341e-15 0)
(3 -1.05051e-15 0)
(3 -2.23121e-15 0)
(3 -2.8726e-15 0)
(3 -2.22901e-15 0)
(3 -1.42011e-15 0)
(3 -1.69957e-15 0)
(3 -1.44787e-15 0)
(3 -9.26638e-16 0)
(3 -4.89318e-16 0)
(3 -4.45898e-16 0)
(3 -9.24428e-17 0)
(3 5.64594e-16 0)
(3 1.04753e-15 0)
(3 1.86701e-15 0)
(3 1.65595e-15 0)
(3 1.2412e-15 0)
(3 6.03588e-16 0)
(3 -8.57899e-16 0)
(3 -4.94567e-16 0)
(3 -1.14729e-15 0)
(3 -2.18285e-15 0)
(3 -7.1141e-16 0)
(3 1.62457e-15 0)
(3 2.75862e-15 0)
(3 2.23614e-15 0)
(3 1.37138e-15 0)
(3 9.37086e-16 0)
(3 2.72056e-15 0)
(3 2.69254e-15 0)
(3 1.54924e-15 0)
(3 1.25508e-15 0)
(3 5.93679e-16 0)
(3 -2.17212e-16 0)
(3 -8.91423e-16 0)
(3 -1.01586e-15 0)
(3 -2.32048e-15 0)
(3 -2.74044e-15 0)
(3 -1.60891e-15 0)
(3 7.28279e-17 0)
(3 1.03523e-15 0)
(3 1.19631e-15 0)
(3 1.34353e-15 0)
(3 9.81907e-16 0)
(3 1.55329e-15 0)
(3 2.27784e-15 0)
(3 2.24817e-15 0)
(3 2.32197e-15 0)
(3 8.95535e-16 0)
(3 1.7009e-16 0)
(3 -1.98734e-15 0)
(3 -1.90242e-15 0)
(3 2.65834e-16 0)
(3 1.40637e-15 0)
(3 1.91604e-15 0)
(3 1.51581e-15 0)
(3 8.57993e-16 0)
(3 -9.30198e-16 0)
(3 -1.60467e-15 0)
(3 -1.64264e-15 0)
(3 -1.12196e-15 0)
(3 -1.03722e-15 0)
(3 -1.6854e-15 0)
(3 -3.17874e-15 0)
(3 -3.24545e-15 0)
(3 -3.03575e-15 0)
(3 -8.28898e-16 0)
(3 3.20919e-16 0)
(3 1.08895e-15 0)
(3 1.38592e-15 0)
(3 8.86094e-16 0)
(3 7.94746e-16 0)
(3 9.0665e-16 0)
(3 3.91719e-16 0)
(3 -3.55203e-16 0)
(3 -4.42049e-16 0)
(3 -1.11212e-15 0)
(3 -8.97998e-16 0)
(3 -6.65517e-16 0)
(3 -2.00629e-15 0)
(3 -2.66144e-15 0)
(3 -2.13393e-15 0)
(3 -1.31705e-15 0)
(3 -1.46808e-15 0)
(3 -1.69423e-15 0)
(3 -6.82531e-16 0)
(3 -1.5823e-16 0)
(3 -7.61948e-17 0)
(3 -3.06118e-17 0)
(3 -5.90777e-16 0)
(3 -8.75124e-17 0)
(3 7.83153e-17 0)
(3 -6.18404e-16 0)
(3 -1.7277e-15 0)
(3 -2.94038e-15 0)
(3 -2.07393e-15 0)
(3 -1.13035e-15 0)
(3 -7.65842e-16 0)
(3 -9.90509e-16 0)
(3 -1.19626e-15 0)
(3 -2.56104e-15 0)
(3 -2.1445e-15 0)
(3 -1.32045e-15 0)
(3 -1.20893e-15 0)
(3 -7.81483e-16 0)
(3 -1.9063e-16 0)
(3 -7.74031e-16 0)
(3 -1.32774e-15 0)
(3 -1.33336e-15 0)
(3 -7.13539e-16 0)
(3 1.18339e-15 0)
(3 1.02735e-15 0)
(3 7.04601e-16 0)
(3 8.8817e-16 0)
(3 -3.15492e-16 0)
(3 -1.97088e-15 0)
(3 -2.13305e-15 0)
(3 -1.47928e-15 0)
(3 -3.01119e-16 0)
(3 5.80095e-16 0)
(3 3.55248e-16 0)
(3 2.33628e-16 0)
(3 8.00943e-17 0)
(3 1.87025e-16 0)
(3 2.15858e-15 0)
(3 2.82481e-15 0)
(3 2.27491e-15 0)
(3 1.37312e-15 0)
(3 3.05541e-16 0)
(3 -8.22296e-16 0)
(3 -2.2741e-15 0)
(3 -2.03662e-15 0)
(3 -2.44802e-15 0)
(3 -2.68561e-15 0)
(3 -2.12988e-15 0)
(3 -1.19977e-15 0)
(3 3.73281e-17 0)
(3 4.31907e-16 0)
(3 6.33258e-16 0)
(3 6.21197e-16 0)
(3 1.98147e-15 0)
(3 1.80325e-15 0)
(3 1.35326e-15 0)
(3 1.19903e-15 0)
(3 1.50871e-17 0)
(3 -2.52604e-15 0)
(3 -1.33206e-15 0)
(3 -8.81615e-16 0)
(3 4.39194e-17 0)
(3 1.17186e-15 0)
(3 1.87937e-15 0)
(3 1.55218e-15 0)
(3 -9.35337e-16 0)
(3 -1.09396e-15 0)
(3 -8.45624e-16 0)
(3 -5.27838e-16 0)
(3 -3.12048e-16 0)
(3 -3.25377e-16 0)
(3 -9.94162e-16 0)
(3 -2.14515e-15 0)
(3 -3.13061e-15 0)
(3 -3.85963e-15 0)
(3 -3.0049e-15 0)
(3 -1.09752e-15 0)
(3 3.05135e-16 0)
(3 3.56691e-16 0)
(3 9.67823e-17 0)
(3 4.35908e-16 0)
(3 1.03714e-15 0)
(3 1.18729e-15 0)
(3 7.30052e-16 0)
(3 2.39094e-16 0)
(3 -4.7884e-16 0)
(3 -4.47169e-16 0)
(3 -5.52708e-17 0)
(3 4.95119e-18 0)
(3 -4.71596e-16 0)
(3 -8.85298e-16 0)
(3 -1.19774e-15 0)
(3 -1.06671e-15 0)
(3 -8.52083e-16 0)
(3 -2.87371e-16 0)
(3 3.24089e-16 0)
(3 7.65427e-16 0)
(3 5.78317e-16 0)
(3 -8.77366e-17 0)
(3 2.38236e-16 0)
(3 4.16545e-17 0)
(3 -7.86351e-16 0)
(3 -1.70132e-15 0)
(3 -2.52144e-15 0)
(3 -2.86669e-15 0)
(3 -1.74759e-15 0)
(3 -3.6266e-16 0)
(3 7.57376e-16 0)
(3 1.52636e-15 0)
(3 1.50517e-16 0)
(3 -6.75553e-16 0)
(3 8.33572e-17 0)
(3 5.82001e-17 0)
(3 9.40446e-17 0)
(3 1.23835e-16 0)
(3 -8.24912e-16 0)
(3 -1.44109e-15 0)
(3 -2.11585e-15 0)
(3 -1.87417e-15 0)
(3 -9.66584e-16 0)
(3 1.57086e-16 0)
(3 7.62544e-16 0)
(3 1.32858e-15 0)
(3 9.19025e-16 0)
(3 -5.60517e-16 0)
(3 -7.42278e-16 0)
(3 8.2554e-17 0)
(3 -2.18323e-16 0)
(3 -1.02714e-15 0)
(3 -1.41067e-15 0)
(3 -1.12822e-15 0)
(3 -5.79285e-16 0)
(3 1.29224e-16 0)
(3 1.19767e-15 0)
(3 1.90713e-15 0)
(3 1.5905e-15 0)
(3 -1.24636e-16 0)
(3 -8.37756e-16 0)
(3 -3.64666e-15 0)
(3 -5.11141e-15 0)
(3 -5.13603e-15 0)
(3 -3.7731e-15 0)
(3 -2.25178e-15 0)
(3 -2.50336e-15 0)
(3 -1.50696e-15 0)
(3 -5.64103e-16 0)
(3 8.36164e-16 0)
(3 1.76872e-15 0)
(3 2.91499e-15 0)
(3 2.93633e-15 0)
(3 2.0302e-15 0)
(3 1.30527e-15 0)
(3 -8.92548e-16 0)
(3 -2.47653e-15 0)
(3 -3.6128e-15 0)
(3 2.83036e-16 0)
(3 4.64496e-16 0)
(3 1.5655e-15 0)
(3 2.17317e-15 0)
(3 1.88448e-15 0)
(3 7.88331e-16 0)
(3 -6.47473e-16 0)
(3 -6.3952e-16 0)
(3 -2.12367e-17 0)
(3 1.39376e-16 0)
(3 -9.05896e-17 0)
(3 -5.19456e-16 0)
(3 -4.51786e-16 0)
(3 -8.0167e-16 0)
(3 -1.92425e-15 0)
(3 -2.30919e-15 0)
(3 -2.31379e-15 0)
(3 -1.76221e-15 0)
(3 -6.0118e-16 0)
(3 -5.47732e-16 0)
(3 -3.8942e-16 0)
(3 -5.7298e-17 0)
(3 4.72538e-16 0)
(3 1.43417e-15 0)
(3 6.6387e-16 0)
(3 1.69364e-16 0)
(3 2.80452e-16 0)
(3 -2.39163e-16 0)
(3 -4.71447e-16 0)
(3 8.48013e-16 0)
(3 2.83066e-16 0)
(3 -1.76586e-15 0)
(3 -3.01523e-15 0)
(3 -1.24393e-15 0)
(3 -2.0974e-16 0)
(3 -5.23153e-16 0)
(3 1.838e-16 0)
(3 4.23784e-16 0)
(3 7.44836e-16 0)
(3 6.23401e-16 0)
(3 4.07766e-17 0)
(3 -1.17042e-15 0)
(3 -1.87113e-15 0)
(3 -2.67831e-15 0)
(3 -2.23096e-15 0)
(3 -1.63908e-15 0)
(3 -1.58158e-15 0)
(3 -2.1638e-16 0)
(3 1.51453e-15 0)
(3 2.31898e-15 0)
(3 2.06923e-15 0)
(3 6.66472e-16 0)
(3 8.34851e-17 0)
(3 1.67372e-16 0)
(3 -4.60667e-16 0)
(3 -1.03176e-15 0)
(3 -1.05876e-15 0)
(3 -1.22325e-15 0)
(3 -2.13166e-15 0)
(3 -1.95136e-15 0)
(3 -1.49661e-15 0)
(3 -5.94741e-16 0)
(3 7.05273e-17 0)
(3 3.09908e-16 0)
(3 7.68936e-16 0)
(3 1.22611e-15 0)
(3 1.20332e-15 0)
(3 6.22266e-16 0)
(3 -4.30214e-16 0)
(3 -1.58209e-15 0)
(3 -1.84553e-15 0)
(3 -1.7829e-15 0)
(3 -1.30266e-15 0)
(3 -3.20581e-16 0)
(3 -1.99959e-16 0)
(3 1.62393e-16 0)
(3 5.41759e-16 0)
(3 -7.57761e-16 0)
(3 -2.41226e-15 0)
(3 -4.74737e-15 0)
(3 -5.66676e-15 0)
(3 -6.20214e-15 0)
(3 -3.80906e-15 0)
(3 -1.27954e-15 0)
(3 -1.19904e-15 0)
(3 -1.43853e-15 0)
(3 -1.51683e-15 0)
(3 5.86686e-16 0)
(3 2.15442e-15 0)
(3 3.54036e-15 0)
(3 3.01718e-15 0)
(3 1.46145e-15 0)
(3 -4.98115e-17 0)
(3 -3.27533e-15 0)
(3 -3.66148e-15 0)
(3 -3.26471e-15 0)
(3 7.89154e-17 0)
(3 4.9799e-16 0)
(3 1.1646e-15 0)
(3 1.75781e-15 0)
(3 1.33962e-15 0)
(3 4.75931e-16 0)
(3 4.84448e-16 0)
(3 3.0272e-16 0)
(3 2.63318e-16 0)
(3 -4.92219e-17 0)
(3 -2.32376e-16 0)
(3 -5.89491e-16 0)
(3 2.6615e-17 0)
(3 -1.52102e-16 0)
(3 -3.65479e-16 0)
(3 -7.08508e-16 0)
(3 -6.40577e-16 0)
(3 -3.45516e-16 0)
(3 -2.29825e-16 0)
(3 -5.57534e-16 0)
(3 -1.8533e-16 0)
(3 -4.92057e-17 0)
(3 -2.56989e-16 0)
(3 2.30136e-16 0)
(3 -1.00388e-16 0)
(3 5.56255e-16 0)
(3 9.58309e-16 0)
(3 1.06565e-15 0)
(3 8.57298e-16 0)
(3 9.78496e-16 0)
(3 5.67944e-16 0)
(3 -1.84473e-16 0)
(3 -1.29335e-15 0)
(3 -7.00406e-16 0)
(3 -2.95513e-16 0)
(3 -2.84877e-16 0)
(3 7.177e-16 0)
(3 7.1286e-16 0)
(3 8.18271e-16 0)
(3 1.10127e-15 0)
(3 6.96579e-16 0)
(3 2.46876e-16 0)
(3 -1.64181e-16 0)
(3 -1.13267e-15 0)
(3 -1.23363e-15 0)
(3 -9.63415e-16 0)
(3 -1.18344e-15 0)
(3 -5.68199e-16 0)
(3 1.22935e-16 0)
(3 8.26957e-16 0)
(3 8.50267e-16 0)
(3 8.25198e-16 0)
(3 6.08748e-16 0)
(3 4.285e-16 0)
(3 -2.47881e-16 0)
(3 -4.91636e-16 0)
(3 -3.91069e-16 0)
(3 -5.12006e-16 0)
(3 -6.67778e-16 0)
(3 -4.62004e-16 0)
(3 -4.94568e-16 0)
(3 -3.21402e-16 0)
(3 -1.47172e-16 0)
(3 -3.73985e-16 0)
(3 -1.50524e-17 0)
(3 7.01972e-16 0)
(3 1.00145e-15 0)
(3 1.33582e-15 0)
(3 1.06724e-15 0)
(3 6.07419e-16 0)
(3 -7.24346e-17 0)
(3 -9.98455e-16 0)
(3 -8.00695e-16 0)
(3 1.68103e-16 0)
(3 2.47901e-16 0)
(3 8.43882e-16 0)
(3 1.52326e-15 0)
(3 5.54449e-18 0)
(3 -8.93058e-16 0)
(3 -1.53318e-15 0)
(3 -1.88799e-15 0)
(3 -2.1847e-15 0)
(3 -2.49977e-15 0)
(3 -2.3755e-15 0)
(3 -2.15718e-15 0)
(3 -1.59008e-15 0)
(3 -1.40457e-15 0)
(3 -1.24703e-16 0)
(3 5.03409e-16 0)
(3 1.78765e-15 0)
(3 2.54143e-15 0)
(3 1.51014e-15 0)
(3 -2.8212e-16 0)
(3 -1.4614e-15 0)
(3 -1.58408e-15 0)
(3 -1.59016e-15 0)
)
;

boundaryField
{
    inlet
    {
        type            fixedValue;
        value           uniform (3 0 0);
    }
    outlet
    {
        type            inletOutlet;
        inletValue      uniform (3 0 0);
        value           nonuniform List<vector> 
32
(
(3 1.18686e-15 0)
(3 9.59486e-16 0)
(3 9.52109e-16 0)
(3 9.14656e-16 0)
(3 1.10635e-16 0)
(3 1.09047e-15 0)
(3 8.12445e-16 0)
(3 9.76541e-17 0)
(3 8.34371e-16 0)
(3 5.69466e-17 0)
(3 -3.09865e-16 0)
(3 -1.31274e-16 0)
(3 -6.13363e-16 0)
(3 -1.33885e-15 0)
(3 -1.42306e-15 0)
(3 -1.66798e-15 0)
(3 -1.04525e-15 0)
(3 -8.48862e-16 0)
(3 -1.14407e-15 0)
(3 -2.16543e-16 0)
(3 -1.59459e-16 0)
(3 2.0105e-15 0)
(3 3.55347e-15 0)
(3 2.90347e-15 0)
(3 2.39396e-15 0)
(3 1.90776e-15 0)
(3 1.33172e-15 0)
(3 1.7009e-16 0)
(3 -2.52604e-15 0)
(3 -3.6128e-15 0)
(3 -3.26471e-15 0)
(3 -1.59016e-15 0)
)
;
    }
    bottom
    {
        type            symmetryPlane;
    }
    top
    {
        type            symmetryPlane;
    }
    obstacle
    {
        type            slip;
    }
    defaultFaces
    {
        type            empty;
    }
}


// ************************************************************************* //
