2 	-3.93236 	-1.24028e-18 	-0.0267825
2 	-3.79943 	-3.9291e-18 	-0.0269981
2 	-3.67115 	-4.53626e-18 	-0.0274046
2 	-3.54734 	-6.87813e-18 	-0.0279815
2 	-3.42786 	-8.61286e-18 	-0.0287068
2 	-3.31256 	-9.9139e-18 	-0.0295599
2 	-3.20128 	-1.19088e-17 	-0.0305209
2 	-3.09388 	-1.32966e-17 	-0.0315698
2 	-2.99024 	-1.52915e-17 	-0.0326867
2 	-2.89021 	-1.72865e-17 	-0.0338515
2 	-2.79368 	-1.79804e-17 	-0.0350442
2 	-2.70052 	-1.79804e-17 	-0.0362455
2 	-2.61061 	-2.12763e-17 	-0.0374311
2 	-2.52385 	-2.39652e-17 	-0.0385807
2 	-2.44011 	-2.70877e-17 	-0.0396729
2 	-2.35929 	-3.15112e-17 	-0.0406855
2 	-2.2813 	-3.22051e-17 	-0.0415961
2 	-2.20604 	-3.22051e-17 	-0.0423822
2 	-2.1334 	-3.42e-17 	-0.0430213
2 	-2.06329 	-3.6195e-17 	-0.0434912
2 	-1.99564 	-3.6195e-17 	-0.0437703
2 	-1.93035 	-3.6195e-17 	-0.0438374
2 	-1.86734 	-3.6195e-17 	-0.0436725
2 	-1.80652 	-3.55878e-17 	-0.0432562
2 	-1.74784 	-3.49807e-17 	-0.0425706
2 	-1.6912 	-3.56745e-17 	-0.041599
2 	-1.63654 	-3.70623e-17 	-0.0403267
2 	-1.58379 	-3.84501e-17 	-0.038741
2 	-1.53288 	-3.9144e-17 	-0.0368313
2 	-1.48375 	-3.9144e-17 	-0.0345897
2 	-1.43633 	-3.98379e-17 	-0.0320109
2 	-1.39057 	-4.05318e-17 	-0.0290926
2 	-1.34641 	-4.25267e-17 	-0.025836
2 	-1.30379 	-4.52155e-17 	-0.0222473
2 	-1.26266 	-4.59094e-17 	-0.0183403
2 	-1.22296 	-4.48686e-17 	-0.0141335
2 	-1.18466 	-4.38277e-17 	-0.00964017
2 	-1.14768 	-4.38277e-17 	-0.00487235
2 	-1.112 	-4.38277e-17 	5.29702e-05
2 	-1.07757 	-4.38277e-17 	0.00467443
2 	-1.03863 	-4.20514e-17 	0.00928974
2 	-1.01586 	-3.9958e-17 	0.0176709
2 	-0.993217 	-4.09841e-17 	0.0136734
2 	-0.948059 	-4.40032e-17 	0.0226993
2 	-0.900995 	-4.85292e-17 	0.0302246
2 	-0.876272 	-5.07208e-17 	0.0355003
2 	-0.851886 	-4.48071e-17 	0.031828
2 	-0.803473 	-3.76615e-17 	0.0357518
2 	-0.753096 	-3.74524e-17 	0.0350064
2 	-0.71814 	-3.83767e-17 	0.0286521
2 	-0.692197 	-3.7545e-17 	0.0240677
2 	-0.649352 	-3.747e-17 	0.0121683
2 	-0.596093 	-3.59978e-17 	-0.00711301
2 	-0.541991 	-3.50827e-17 	-0.0328573
2 	-0.502352 	-3.52256e-17 	-0.066308
2 	-0.474727 	-3.50998e-17 	-0.0687409
2 	-0.431525 	-3.67761e-17 	-0.10939
2 	-0.375304 	-3.95517e-17 	-0.15335
2 	-0.318526 	-3.87104e-17 	-0.19827
2 	-0.261272 	-3.63218e-17 	-0.243363
2 	-0.203624 	-3.69048e-17 	-0.287486
2 	-0.145668 	-3.87722e-17 	-0.328752
2 	-0.0874897 	-3.70676e-17 	-0.366456
2 	-0.0291781 	-3.87305e-17 	-0.400167
2 	0.0291781 	-4.8098e-17 	-0.429217
2 	0.0874897 	-4.85168e-17 	-0.453003
2 	0.145668 	-4.38029e-17 	-0.47118
2 	0.203624 	-4.08946e-17 	-0.483604
2 	0.261272 	-4.15259e-17 	-0.490326
2 	0.318526 	-4.21799e-17 	-0.491567
2 	0.375304 	-3.7817e-17 	-0.487732
2 	0.431525 	-3.46945e-17 	-0.479377
2 	0.474727 	-3.39422e-17 	-0.467149
2 	0.502352 	-3.37209e-17 	-0.422878
2 	0.541991 	-3.71644e-17 	-0.409712
2 	0.596093 	-4.32836e-17 	-0.394651
2 	0.649352 	-4.85723e-17 	-0.378384
2 	0.692197 	-5.188e-17 	-0.361563
2 	0.71814 	-5.30587e-17 	-0.323317
2 	0.753096 	-5.38455e-17 	-0.310262
2 	0.803473 	-5.30138e-17 	-0.297619
2 	0.851886 	-5.30313e-17 	-0.285579
2 	0.876272 	-5.3047e-17 	-0.254711
2 	0.900995 	-5.11313e-17 	-0.246568
2 	0.948059 	-5.04217e-17 	-0.239352
2 	0.993217 	-5.19971e-17 	-0.232971
2 	1.01586 	-5.37466e-17 	-0.208096
2 	1.03863 	-5.34138e-17 	-0.20123
2 	1.07757 	-5.19809e-17 	-0.193398
2 	1.112 	-5.19809e-17 	-0.18532
2 	1.14768 	-5.19809e-17 	-0.177082
2 	1.18466 	-5.19809e-17 	-0.169128
2 	1.22296 	-5.19809e-17 	-0.161416
2 	1.26266 	-5.06799e-17 	-0.153928
2 	1.30379 	-4.87717e-17 	-0.146669
2 	1.34641 	-4.88584e-17 	-0.139641
2 	1.39057 	-4.95523e-17 	-0.132845
2 	1.43633 	-5.02462e-17 	-0.126279
2 	1.48375 	-5.09401e-17 	-0.119942
2 	1.53288 	-5.22412e-17 	-0.113833
2 	1.58379 	-5.2935e-17 	-0.10795
2 	1.63654 	-5.30218e-17 	-0.102289
2 	1.6912 	-5.57106e-17 	-0.0968465
2 	1.74784 	-5.77055e-17 	-0.0916195
2 	1.80652 	-5.83994e-17 	-0.086604
2 	1.86734 	-5.77923e-17 	-0.081796
2 	1.93035 	-5.64912e-17 	-0.0771917
2 	1.99564 	-5.64912e-17 	-0.0727875
2 	2.06329 	-5.47565e-17 	-0.0685799
2 	2.1334 	-5.30218e-17 	-0.0645658
2 	2.20604 	-5.17207e-17 	-0.0607422
2 	2.2813 	-5.04197e-17 	-0.0571067
2 	2.35929 	-5.04197e-17 	-0.0536571
2 	2.44011 	-5.04197e-17 	-0.050392
2 	2.52385 	-5.17207e-17 	-0.0473102
2 	2.61061 	-5.17207e-17 	-0.0444114
2 	2.70052 	-5.04197e-17 	-0.041696
2 	2.79368 	-5.04197e-17 	-0.0391652
2 	2.89021 	-5.11136e-17 	-0.0368211
2 	2.99024 	-5.12003e-17 	-0.034667
2 	3.09388 	-5.05932e-17 	-0.0327072
2 	3.20128 	-5.05932e-17 	-0.0309477
2 	3.31256 	-5.05932e-17 	-0.0293961
2 	3.42786 	-5.05932e-17 	-0.0280619
2 	3.54734 	-5.12871e-17 	-0.026957
2 	3.67115 	-5.26748e-17 	-0.0260961
2 	3.79943 	-5.33687e-17 	-0.025498
2 	3.93236 	-5.3603e-17 	-0.0251845
