2 	-3.93236 	-1.24028e-18 	-0.0675989
2 	-3.79943 	-3.9291e-18 	-0.0680193
2 	-3.67115 	-4.53626e-18 	-0.0688163
2 	-3.54734 	-6.87813e-18 	-0.069957
2 	-3.42786 	-8.61286e-18 	-0.0714086
2 	-3.31256 	-9.9139e-18 	-0.0731433
2 	-3.20128 	-1.19088e-17 	-0.0751358
2 	-3.09388 	-1.32966e-17 	-0.077363
2 	-2.99024 	-1.52915e-17 	-0.0798039
2 	-2.89021 	-1.72865e-17 	-0.0824387
2 	-2.79368 	-1.79804e-17 	-0.0852489
2 	-2.70052 	-1.79804e-17 	-0.0882172
2 	-2.61061 	-2.12763e-17 	-0.091327
2 	-2.52385 	-2.39652e-17 	-0.0945626
2 	-2.44011 	-2.70877e-17 	-0.0979088
2 	-2.35929 	-3.15112e-17 	-0.101351
2 	-2.2813 	-3.22051e-17 	-0.104876
2 	-2.20604 	-3.22051e-17 	-0.10847
2 	-2.1334 	-3.42e-17 	-0.11212
2 	-2.06329 	-3.6195e-17 	-0.115815
2 	-1.99564 	-3.6195e-17 	-0.119543
2 	-1.93035 	-3.6195e-17 	-0.123294
2 	-1.86734 	-3.6195e-17 	-0.127058
2 	-1.80652 	-3.55878e-17 	-0.130826
2 	-1.74784 	-3.49807e-17 	-0.134588
2 	-1.6912 	-3.56745e-17 	-0.138337
2 	-1.63654 	-3.70623e-17 	-0.142064
2 	-1.58379 	-3.84501e-17 	-0.145763
2 	-1.53288 	-3.9144e-17 	-0.149426
2 	-1.48375 	-3.9144e-17 	-0.153047
2 	-1.43633 	-3.98379e-17 	-0.15662
2 	-1.39057 	-4.05318e-17 	-0.160136
2 	-1.34641 	-4.25267e-17 	-0.16359
2 	-1.30379 	-4.52155e-17 	-0.166971
2 	-1.26266 	-4.59094e-17 	-0.170269
2 	-1.22296 	-4.48686e-17 	-0.173468
2 	-1.18466 	-4.38277e-17 	-0.176558
2 	-1.14768 	-4.38277e-17 	-0.17955
2 	-1.112 	-4.38277e-17 	-0.18242
2 	-1.07757 	-4.38277e-17 	-0.184911
2 	-1.03863 	-4.20514e-17 	-0.187071
2 	-1.01586 	-3.9958e-17 	-0.189735
2 	-0.993217 	-4.09841e-17 	-0.192329
2 	-0.948059 	-4.40032e-17 	-0.194426
2 	-0.900995 	-4.85292e-17 	-0.196268
2 	-0.876272 	-5.07208e-17 	-0.197714
2 	-0.851886 	-4.48071e-17 	-0.200788
2 	-0.803473 	-3.76615e-17 	-0.202053
2 	-0.753096 	-3.74524e-17 	-0.203025
2 	-0.71814 	-3.83767e-17 	-0.203175
2 	-0.692197 	-3.7545e-17 	-0.206658
2 	-0.649352 	-3.747e-17 	-0.20697
2 	-0.596093 	-3.59978e-17 	-0.207277
2 	-0.541991 	-3.50827e-17 	-0.207397
2 	-0.502352 	-3.52256e-17 	-0.2074
2 	-0.474727 	-3.50998e-17 	-0.210335
2 	-0.431525 	-3.67761e-17 	-0.210261
2 	-0.375304 	-3.95517e-17 	-0.210142
2 	-0.318526 	-3.87104e-17 	-0.210058
2 	-0.261272 	-3.63218e-17 	-0.21003
2 	-0.203624 	-3.69048e-17 	-0.210092
2 	-0.145668 	-3.87722e-17 	-0.210267
2 	-0.0874897 	-3.70676e-17 	-0.210567
2 	-0.0291781 	-3.87305e-17 	-0.210996
2 	0.0291781 	-4.8098e-17 	-0.21154
2 	0.0874897 	-4.85168e-17 	-0.212185
2 	0.145668 	-4.38029e-17 	-0.212911
2 	0.203624 	-4.08946e-17 	-0.213681
2 	0.261272 	-4.15259e-17 	-0.214457
2 	0.318526 	-4.21799e-17 	-0.215198
2 	0.375304 	-3.7817e-17 	-0.215866
2 	0.431525 	-3.46945e-17 	-0.216416
2 	0.474727 	-3.39422e-17 	-0.216818
2 	0.502352 	-3.37209e-17 	-0.215908
2 	0.541991 	-3.71644e-17 	-0.2162
2 	0.596093 	-4.32836e-17 	-0.216256
2 	0.649352 	-4.85723e-17 	-0.216034
2 	0.692197 	-5.188e-17 	-0.21548
2 	0.71814 	-5.30587e-17 	-0.214715
2 	0.753096 	-5.38455e-17 	-0.213822
2 	0.803473 	-5.30138e-17 	-0.212487
2 	0.851886 	-5.30313e-17 	-0.210666
2 	0.876272 	-5.3047e-17 	-0.209955
2 	0.900995 	-5.11313e-17 	-0.207722
2 	0.948059 	-5.04217e-17 	-0.205058
2 	0.993217 	-5.19971e-17 	-0.202005
2 	1.01586 	-5.37466e-17 	-0.201442
2 	1.03863 	-5.34138e-17 	-0.197702
2 	1.07757 	-5.19809e-17 	-0.195053
2 	1.112 	-5.19809e-17 	-0.192222
2 	1.14768 	-5.19809e-17 	-0.189003
2 	1.18466 	-5.19809e-17 	-0.185625
2 	1.22296 	-5.19809e-17 	-0.182122
2 	1.26266 	-5.06799e-17 	-0.178496
2 	1.30379 	-4.87717e-17 	-0.174761
2 	1.34641 	-4.88584e-17 	-0.170937
2 	1.39057 	-4.95523e-17 	-0.167038
2 	1.43633 	-5.02462e-17 	-0.163077
2 	1.48375 	-5.09401e-17 	-0.159064
2 	1.53288 	-5.22412e-17 	-0.155007
2 	1.58379 	-5.2935e-17 	-0.150915
2 	1.63654 	-5.30218e-17 	-0.146796
2 	1.6912 	-5.57106e-17 	-0.142657
2 	1.74784 	-5.77055e-17 	-0.138509
2 	1.80652 	-5.83994e-17 	-0.134358
2 	1.86734 	-5.77923e-17 	-0.130216
2 	1.93035 	-5.64912e-17 	-0.12609
2 	1.99564 	-5.64912e-17 	-0.121993
2 	2.06329 	-5.47565e-17 	-0.117934
2 	2.1334 	-5.30218e-17 	-0.113923
2 	2.20604 	-5.17207e-17 	-0.109974
2 	2.2813 	-5.04197e-17 	-0.106097
2 	2.35929 	-5.04197e-17 	-0.102307
2 	2.44011 	-5.04197e-17 	-0.0986153
2 	2.52385 	-5.17207e-17 	-0.095037
2 	2.61061 	-5.17207e-17 	-0.0915862
2 	2.70052 	-5.04197e-17 	-0.088278
2 	2.79368 	-5.04197e-17 	-0.0851278
2 	2.89021 	-5.11136e-17 	-0.0821522
2 	2.99024 	-5.12003e-17 	-0.0793682
2 	3.09388 	-5.05932e-17 	-0.0767941
2 	3.20128 	-5.05932e-17 	-0.0744493
2 	3.31256 	-5.05932e-17 	-0.0723551
2 	3.42786 	-5.05932e-17 	-0.0705343
2 	3.54734 	-5.12871e-17 	-0.0690125
2 	3.67115 	-5.26748e-17 	-0.0678177
2 	3.79943 	-5.33687e-17 	-0.0669835
2 	3.93236 	-5.3603e-17 	-0.0665437
