2 	-3.93236 	-1.24028e-18 	1.09535 	0.000386519 	0
2 	-3.79943 	-3.9291e-18 	1.09552 	0.00117759 	0
2 	-3.67115 	-4.53626e-18 	1.09585 	0.0020107 	0
2 	-3.54734 	-6.87813e-18 	1.09629 	0.00293043 	0
2 	-3.42786 	-8.61286e-18 	1.09682 	0.00396941 	0
2 	-3.31256 	-9.9139e-18 	1.09742 	0.00515923 	0
2 	-3.20128 	-1.19088e-17 	1.09806 	0.0065289 	0
2 	-3.09388 	-1.32966e-17 	1.0987 	0.00810552 	0
2 	-2.99024 	-1.52915e-17 	1.09933 	0.00991492 	0
2 	-2.89021 	-1.72865e-17 	1.09992 	0.0119816 	0
2 	-2.79368 	-1.79804e-17 	1.10043 	0.0143292 	0
2 	-2.70052 	-1.79804e-17 	1.10086 	0.0169805 	0
2 	-2.61061 	-2.12763e-17 	1.10118 	0.0199567 	0
2 	-2.52385 	-2.39652e-17 	1.10138 	0.0232784 	0
2 	-2.44011 	-2.70877e-17 	1.10143 	0.0269644 	0
2 	-2.35929 	-3.15112e-17 	1.10132 	0.0310319 	0
2 	-2.2813 	-3.22051e-17 	1.10105 	0.0354965 	0
2 	-2.20604 	-3.22051e-17 	1.10061 	0.0403717 	0
2 	-2.1334 	-3.42e-17 	1.1 	0.0456688 	0
2 	-2.06329 	-3.6195e-17 	1.09921 	0.0513968 	0
2 	-1.99564 	-3.6195e-17 	1.09826 	0.0575623 	0
2 	-1.93035 	-3.6195e-17 	1.09714 	0.0641697 	0
2 	-1.86734 	-3.6195e-17 	1.09588 	0.0712215 	0
2 	-1.80652 	-3.55878e-17 	1.09448 	0.0787181 	0
2 	-1.74784 	-3.49807e-17 	1.09294 	0.0866579 	0
2 	-1.6912 	-3.56745e-17 	1.09128 	0.0950375 	0
2 	-1.63654 	-3.70623e-17 	1.08948 	0.103851 	0
2 	-1.58379 	-3.84501e-17 	1.08754 	0.11309 	0
2 	-1.53288 	-3.9144e-17 	1.08545 	0.122743 	0
2 	-1.48375 	-3.9144e-17 	1.08321 	0.132797 	0
2 	-1.43633 	-3.98379e-17 	1.08081 	0.143236 	0
2 	-1.39057 	-4.05318e-17 	1.07824 	0.154041 	0
2 	-1.34641 	-4.25267e-17 	1.07551 	0.165195 	0
2 	-1.30379 	-4.52155e-17 	1.07261 	0.176678 	0
2 	-1.26266 	-4.59094e-17 	1.06951 	0.188471 	0
2 	-1.22296 	-4.48686e-17 	1.06616 	0.200557 	0
2 	-1.18466 	-4.38277e-17 	1.06244 	0.212928 	0
2 	-1.14768 	-4.38277e-17 	1.05811 	0.225511 	0
2 	-1.112 	-4.38277e-17 	1.05267 	0.238098 	0
2 	-1.07757 	-4.38277e-17 	1.04507 	0.251395 	0
2 	-1.03863 	-4.20514e-17 	1.02832 	0.275945 	4.25123e-21
2 	-1.01586 	-3.9958e-17 	1.00536 	0.291198 	-3.82893e-20
2 	-0.993217 	-4.09841e-17 	1.04871 	0.305543 	-4.07824e-20
2 	-0.948059 	-4.40032e-17 	1.02617 	0.322203 	-3.75897e-20
2 	-0.900995 	-4.85292e-17 	1.00115 	0.341452 	2.37176e-20
2 	-0.876272 	-5.07208e-17 	0.972872 	0.361675 	7.04639e-22
2 	-0.851886 	-4.48071e-17 	1.02338 	0.378846 	3.50903e-20
2 	-0.803473 	-3.76615e-17 	0.992667 	0.40293 	-2.05946e-20
2 	-0.753096 	-3.74524e-17 	0.956573 	0.427552 	-6.40721e-21
2 	-0.71814 	-3.83767e-17 	0.914367 	0.452446 	-3.71832e-20
2 	-0.692197 	-3.7545e-17 	0.96668 	0.470623 	8.05695e-20
2 	-0.649352 	-3.747e-17 	0.91704 	0.497623 	-2.12985e-20
2 	-0.596093 	-3.59978e-17 	0.859745 	0.523684 	-5.06331e-20
2 	-0.541991 	-3.50827e-17 	0.794991 	0.548371 	7.31143e-20
2 	-0.502352 	-3.52256e-17 	0.723424 	0.571308 	-3.1841e-20
2 	-0.474727 	-3.50998e-17 	0.762206 	0.583514 	6.72884e-20
2 	-0.431525 	-3.67761e-17 	0.680377 	0.603124 	4.71243e-20
2 	-0.375304 	-3.95517e-17 	0.593892 	0.619547 	3.95371e-20
2 	-0.318526 	-3.87104e-17 	0.50456 	0.632751 	5.85844e-21
2 	-0.261272 	-3.63218e-17 	0.414147 	0.642925 	3.41364e-20
2 	-0.203624 	-3.69048e-17 	0.324308 	0.650406 	7.02079e-22
2 	-0.145668 	-3.87722e-17 	0.236942 	0.655356 	-4.56759e-20
2 	-0.0874897 	-3.70676e-17 	0.154804 	0.657343 	-2.08664e-21
2 	-0.0291781 	-3.87305e-17 	0.0819049 	0.655155 	-3.55385e-21
2 	0.0291781 	-4.8098e-17 	0.0232035 	0.647072 	3.59027e-21
2 	0.0874897 	-4.85168e-17 	-0.0163669 	0.631352 	1.96833e-21
2 	0.145668 	-4.38029e-17 	-0.0332738 	0.606981 	3.81586e-20
2 	0.203624 	-4.08946e-17 	-0.0261712 	0.574333 	9.59711e-22
2 	0.261272 	-4.15259e-17 	0.00435137 	0.534805 	-2.34837e-20
2 	0.318526 	-4.21799e-17 	0.0559105 	0.490306 	-1.46229e-21
2 	0.375304 	-3.7817e-17 	0.124367 	0.442932 	-1.94315e-20
2 	0.431525 	-3.46945e-17 	0.204914 	0.394632 	-1.87799e-20
2 	0.474727 	-3.39422e-17 	0.29263 	0.347031 	-3.55055e-20
2 	0.502352 	-3.37209e-17 	0.363527 	0.351582 	2.21745e-20
2 	0.541991 	-3.71644e-17 	0.450831 	0.30523 	-4.20357e-20
2 	0.596093 	-4.32836e-17 	0.537494 	0.261803 	2.66308e-20
2 	0.649352 	-4.85723e-17 	0.624116 	0.221724 	7.83087e-21
2 	0.692197 	-5.188e-17 	0.713346 	0.185512 	1.14412e-20
2 	0.71814 	-5.30587e-17 	0.772295 	0.175897 	4.10554e-20
2 	0.753096 	-5.38455e-17 	0.859106 	0.144718 	4.46353e-21
2 	0.803473 	-5.30138e-17 	0.948852 	0.118264 	1.38318e-21
2 	0.851886 	-5.30313e-17 	1.03699 	0.0969162 	-3.46932e-20
2 	0.876272 	-5.3047e-17 	1.08014 	0.0766973 	-1.27128e-20
2 	0.900995 	-5.11313e-17 	1.15296 	0.0610408 	-2.27759e-20
2 	0.948059 	-5.04217e-17 	1.21362 	0.0495106 	2.69076e-20
2 	0.993217 	-5.19971e-17 	1.26029 	0.0415548 	-3.46227e-20
2 	1.01586 	-5.37466e-17 	1.28819 	0.0150568 	7.52752e-20
2 	1.03863 	-5.34138e-17 	1.31691 	0.0140005 	-7.17541e-21
2 	1.07757 	-5.19809e-17 	1.33163 	0.00737026 	0
2 	1.112 	-5.19809e-17 	1.33884 	0.00117316 	0
2 	1.14768 	-5.19809e-17 	1.34214 	-0.00426895 	0
2 	1.18466 	-5.19809e-17 	1.34212 	-0.00906088 	0
2 	1.22296 	-5.19809e-17 	1.33939 	-0.0132925 	0
2 	1.26266 	-5.06799e-17 	1.33462 	-0.0170359 	0
2 	1.30379 	-4.87717e-17 	1.32837 	-0.0203313 	0
2 	1.34641 	-4.88584e-17 	1.32115 	-0.0232052 	0
2 	1.39057 	-4.95523e-17 	1.31333 	-0.0256782 	0
2 	1.43633 	-5.02462e-17 	1.30514 	-0.0277679 	0
2 	1.48375 	-5.09401e-17 	1.29677 	-0.0294905 	0
2 	1.53288 	-5.22412e-17 	1.2883 	-0.0308625 	0
2 	1.58379 	-5.2935e-17 	1.27979 	-0.0319017 	0
2 	1.63654 	-5.30218e-17 	1.27128 	-0.0326277 	0
2 	1.6912 	-5.57106e-17 	1.2628 	-0.0330613 	0
2 	1.74784 	-5.77055e-17 	1.25439 	-0.0332243 	0
2 	1.80652 	-5.83994e-17 	1.24608 	-0.0331379 	0
2 	1.86734 	-5.77923e-17 	1.23791 	-0.0328227 	0
2 	1.93035 	-5.64912e-17 	1.22989 	-0.0322982 	0
2 	1.99564 	-5.64912e-17 	1.22205 	-0.0315834 	0
2 	2.06329 	-5.47565e-17 	1.21437 	-0.030697 	0
2 	2.1334 	-5.30218e-17 	1.20688 	-0.0296576 	0
2 	2.20604 	-5.17207e-17 	1.19958 	-0.0284835 	0
2 	2.2813 	-5.04197e-17 	1.19247 	-0.0271929 	0
2 	2.35929 	-5.04197e-17 	1.18557 	-0.0258032 	0
2 	2.44011 	-5.04197e-17 	1.17889 	-0.024331 	0
2 	2.52385 	-5.17207e-17 	1.17246 	-0.022792 	0
2 	2.61061 	-5.17207e-17 	1.16629 	-0.0212005 	0
2 	2.70052 	-5.04197e-17 	1.1604 	-0.0195695 	0
2 	2.79368 	-5.04197e-17 	1.15482 	-0.0179105 	0
2 	2.89021 	-5.11136e-17 	1.14958 	-0.0162333 	0
2 	2.99024 	-5.12003e-17 	1.14469 	-0.0145459 	0
2 	3.09388 	-5.05932e-17 	1.14019 	-0.0128545 	0
2 	3.20128 	-5.05932e-17 	1.13611 	-0.0111627 	0
2 	3.31256 	-5.05932e-17 	1.13247 	-0.00947209 	0
2 	3.42786 	-5.05932e-17 	1.12932 	-0.00778166 	0
2 	3.54734 	-5.12871e-17 	1.1267 	-0.00608738 	0
2 	3.67115 	-5.26748e-17 	1.12464 	-0.00438118 	0
2 	3.79943 	-5.33687e-17 	1.1232 	-0.00265694 	0
2 	3.93236 	-5.3603e-17 	1.12245 	-0.000889453 	0
