0.325727 	0.388186 	-1.1507e-17 	-0.00594979 	0.00500506 	-4.67106e-20
0.328793 	0.391839 	-1.04661e-17 	-0.00952647 	0.00811846 	4.73535e-21
0.332002 	0.395664 	-1.06396e-17 	-0.0127776 	0.0110718 	-7.49234e-20
0.335362 	0.399669 	-1.09865e-17 	-0.0156548 	0.0138517 	3.03109e-20
0.338881 	0.403862 	-1.116e-17 	-0.018105 	0.0164475 	1.32414e-20
0.342564 	0.408252 	-1.04661e-17 	-0.0200712 	0.0188498 	2.77046e-20
0.346421 	0.412848 	-8.55794e-18 	-0.0214926 	0.0210509 	-1.30601e-20
0.350459 	0.417661 	-7.69058e-18 	-0.0223044 	0.0230449 	-6.94695e-20
0.354687 	0.4227 	-7.34363e-18 	-0.0224373 	0.0248279 	8.93157e-20
0.359114 	0.427975 	-5.43544e-18 	-0.0218177 	0.0263986 	-1.40814e-19
0.363749 	0.433499 	-5.26196e-18 	-0.0203673 	0.0277584 	4.0996e-21
0.368602 	0.439282 	-3.52724e-18 	-0.0180027 	0.0289117 	4.10164e-20
0.373683 	0.445338 	-3.70072e-18 	-0.014635 	0.0298664 	-8.99917e-20
0.379003 	0.451678 	-4.39461e-18 	-0.01017 	0.0306339 	-1.19479e-20
0.384573 	0.458316 	-2.48641e-18 	-0.00450718 	0.0312296 	1.32912e-19
0.390405 	0.465266 	-3.35377e-18 	0.00246026 	0.0316731 	-2.64694e-19
0.396511 	0.472543 	-3.87419e-18 	0.0108459 	0.0319889 	1.18384e-19
0.402904 	0.480162 	-3.52725e-18 	0.0207702 	0.0322061 	5.56766e-21
0.409598 	0.488139 	-4.04767e-18 	0.0323612 	0.0323593 	1.68589e-19
0.416606 	0.496492 	-4.56808e-18 	0.045754 	0.0324885 	-8.72215e-20
0.423944 	0.505236 	-2.65989e-18 	0.0610908 	0.0326396 	-1.7183e-20
0.431627 	0.514393 	-1.04083e-18 	0.0785205 	0.0328651 	1.92347e-20
0.439671 	0.523979 	-9.83012e-18 	0.0981976 	0.0332236 	4.17767e-20
0.448093 	0.534016 	-8.78928e-18 	0.120281 	0.0337807 	-6.05336e-20
0.456912 	0.544526 	-6.01372e-18 	0.14493 	0.0346092 	-2.14081e-20
0.466144 	0.555529 	-7.4015e-18 	0.172303 	0.0357888 	1.40638e-20
0.475811 	0.567049 	-8.78928e-18 	0.202554 	0.0374067 	2.20562e-21
0.485933 	0.579112 	-1.01771e-17 	0.235822 	0.0395572 	-1.8982e-19
0.49653 	0.591741 	-1.26057e-17 	0.272229 	0.0423414 	3.76316e-20
0.507625 	0.604964 	-1.12179e-17 	0.311871 	0.0458672 	-1.19792e-20
0.519242 	0.618809 	-8.44233e-18 	0.354808 	0.0502479 	1.5801e-19
0.531406 	0.633304 	-8.44233e-18 	0.401058 	0.0556015 	3.69461e-20
0.544141 	0.648481 	-9.48316e-18 	0.450592 	0.0620487 	-3.87247e-20
0.557475 	0.664372 	-1.12179e-17 	0.503331 	0.0697091 	1.79345e-19
0.571435 	0.68101 	-1.32996e-17 	0.559158 	0.0786904 	-1.7102e-19
0.586052 	0.69843 	-1.43404e-17 	0.61792 	0.0890562 	3.49711e-19
0.601357 	0.716669 	-1.43404e-17 	0.679536 	0.100937 	-1.86166e-20
0.61738 	0.735765 	-1.64221e-17 	0.744661 	0.11531 	-1.73899e-19
0.634158 	0.755759 	-1.78098e-17 	0.80452 	0.124623 	-4.62271e-20
0.646084 	0.769972 	-1.68392e-17 	1.15522 	0.166759 	4.34383e-20
0.659253 	0.785667 	-1.81613e-17 	1.1221 	0.160984 	-4.72231e-21
0.678691 	0.808832 	-2.10565e-17 	1.08754 	0.15575 	1.49298e-21
0.697706 	0.831493 	-2.22786e-17 	1.03557 	0.151066 	1.91095e-20
0.739571 	0.881386 	-1.15415e-17 	0.939851 	0.110485 	0
0.846055 	1.00829 	-1.53697e-17 	1.20722 	0.154088 	0
0.942169 	1.12283 	-1.9898e-17 	1.19146 	0.14211 	0
1.05671 	1.25934 	-2.28457e-17 	1.25118 	0.141567 	0
1.1601 	1.38256 	-2.66911e-17 	1.25172 	0.117701 	0
1.28226 	1.52813 	-3.10013e-17 	1.24955 	0.109659 	0
1.39453 	1.66194 	-3.14783e-17 	1.22714 	0.101899 	0
1.51416 	1.80451 	-3.21722e-17 	1.23255 	0.0856953 	0
1.6467 	1.96246 	-3.25489e-17 	1.20715 	0.078035 	0
1.77539 	2.11583 	-3.42836e-17 	1.21219 	0.0630923 	0
1.91796 	2.28574 	-4.08337e-17 	1.18711 	0.0582805 	0
2.05639 	2.45071 	-4.25684e-17 	1.19015 	0.0455525 	0
