0.245516 	0.443294 	-3.71231e-17 	-0.003603 	0.00224143 	1.24536e-19
0.247826 	0.447466 	-3.22659e-17 	-0.00504456 	0.00352842 	5.701e-20
0.250245 	0.451834 	-3.05311e-17 	-0.00567439 	0.00468469 	-9.92787e-20
0.252778 	0.456407 	-2.84495e-17 	-0.00540876 	0.00570641 	-3.36991e-20
0.25543 	0.461195 	-2.46331e-17 	-0.00415393 	0.00660007 	1.04099e-19
0.258207 	0.466208 	-2.11636e-17 	-0.00180977 	0.00737647 	-9.30984e-20
0.261114 	0.471457 	-2.15106e-17 	0.00172952 	0.00804925 	-6.18976e-20
0.264157 	0.476953 	-2.39392e-17 	0.00657585 	0.00863568 	4.63784e-20
0.267344 	0.482707 	-2.28983e-17 	0.0128475 	0.00915725 	-7.65569e-20
0.270681 	0.488732 	-2.42861e-17 	0.0206694 	0.00964004 	1.3314e-19
0.274175 	0.49504 	-2.39392e-17 	0.0301726 	0.010115 	-7.82249e-20
0.277832 	0.501644 	-2.08167e-17 	0.0414947 	0.010618 	1.88802e-20
0.281662 	0.508559 	-1.94289e-17 	0.0547791 	0.0111907 	-6.70646e-20
0.285672 	0.515799 	-2.08167e-17 	0.0701744 	0.01188 	6.27752e-20
0.28987 	0.52338 	-3.10241e-18 	0.0878334 	0.0127385 	-3.76832e-20
0.294266 	0.531316 	-2.92893e-18 	0.107912 	0.0138244 	6.01241e-20
0.298869 	0.539626 	-1.54116e-18 	0.130565 	0.0152015 	-1.80455e-20
0.303687 	0.548327 	2.96912e-18 	0.155946 	0.0169382 	6.36185e-21
0.308733 	0.557437 	4.3569e-18 	0.184201 	0.0191073 	-3.22007e-20
0.314015 	0.566975 	4.3569e-18 	0.215464 	0.0217847 	9.71246e-20
0.319546 	0.576961 	4.3569e-18 	0.249849 	0.0250477 	1.21871e-19
0.325337 	0.587417 	5.39774e-18 	0.287446 	0.0289731 	1.63558e-19
0.3314 	0.598365 	5.91815e-18 	0.328302 	0.0336342 	-3.45893e-19
0.337749 	0.609827 	4.53037e-18 	0.372421 	0.0390972 	2.28477e-19
0.344395 	0.621828 	7.4794e-18 	0.41974 	0.0454173 	-3.75034e-19
0.351355 	0.634393 	1.18162e-17 	0.470125 	0.0526334 	1.14491e-19
0.358641 	0.647549 	1.37244e-17 	0.523349 	0.0607622 	5.8331e-20
0.36627 	0.661324 	1.68469e-17 	0.579084 	0.0697923 	-1.53623e-19
0.374257 	0.675746 	1.78877e-17 	0.636889 	0.0796776 	1.3169e-19
0.382621 	0.690846 	1.58061e-17 	0.696203 	0.0903319 	-6.58211e-20
0.391377 	0.706656 	1.78877e-17 	0.756353 	0.101623 	-7.71455e-22
0.400545 	0.72321 	1.68469e-17 	0.816554 	0.113373 	1.16446e-19
0.410144 	0.740541 	1.44183e-17 	0.875939 	0.125353 	2.02104e-21
0.420194 	0.758688 	1.64032e-17 	0.933587 	0.13729 	-2.6243e-20
0.430717 	0.777687 	-4.06655e-18 	0.988564 	0.148878 	-6.47023e-20
0.441735 	0.79758 	1.40787e-18 	1.03998 	0.159782 	2.12235e-19
0.45327 	0.818409 	4.3569e-18 	1.08702 	0.169665 	-3.88328e-19
0.465348 	0.840216 	4.70384e-18 	1.12904 	0.178249 	3.39409e-19
0.477994 	0.863049 	3.66301e-18 	1.1651 	0.185846 	-3.36919e-19
0.492174 	0.888651 	4.15549e-18 	1.2689 	0.205729 	7.02092e-21
0.511056 	0.922745 	4.13591e-18 	1.26259 	0.201005 	3.09443e-20
0.533228 	0.962777 	4.85016e-18 	1.25364 	0.195938 	-1.13308e-21
0.555056 	1.00219 	8.15258e-18 	1.2416 	0.190529 	-9.95148e-21
0.568419 	1.02632 	1.15491e-17 	1.22606 	0.184813 	-3.0212e-20
0.579068 	1.04554 	1.13669e-17 	1.24276 	0.179257 	-5.5991e-21
0.597649 	1.07909 	1.05354e-17 	1.24149 	0.175652 	-1.60043e-20
0.618398 	1.11656 	1.14738e-17 	1.2392 	0.17193 	-1.16107e-20
0.638774 	1.15335 	9.33926e-18 	1.23598 	0.168138 	3.99734e-21
0.654246 	1.18128 	8.49944e-18 	1.23092 	0.164238 	-3.67362e-20
0.664147 	1.19916 	1.04564e-17 	1.24236 	0.172534 	4.76395e-21
0.678379 	1.22486 	8.97603e-18 	1.24339 	0.171015 	1.98598e-21
0.697596 	1.25956 	5.80548e-18 	1.24276 	0.168893 	-1.20398e-20
0.740023 	1.33616 	3.69901e-18 	1.24927 	0.159462 	0
0.846346 	1.52813 	7.03032e-18 	1.23428 	0.144197 	0
0.919914 	1.66096 	8.85806e-18 	1.20885 	0.131467 	0
0.998877 	1.80354 	7.12334e-18 	1.21949 	0.117316 	0
1.11342 	2.01035 	2.37039e-19 	1.19364 	0.104356 	0
1.19836 	2.16372 	-4.04673e-18 	1.20151 	0.0915409 	0
1.32157 	2.38619 	-2.45897e-18 	1.17616 	0.0815721 	0
1.41294 	2.55116 	-7.85496e-19 	1.18173 	0.0704591 	0
1.52858 	2.75995 	-1.56946e-18 	1.15744 	0.0626591 	0
1.64377 	2.96793 	-4.46185e-18 	1.13472 	0.0548966 	0
