0.235984 	0.448435 	-5.22719e-18 	-0.00281102 	0.00173517 	1.01365e-19
0.238205 	0.452655 	-3.72015e-18 	-0.0036186 	0.0027051 	-7.91515e-22
0.24053 	0.457073 	-8.62074e-18 	-0.00352397 	0.00356391 	7.17139e-20
0.242965 	0.461699 	-1.62454e-17 	-0.00243768 	0.00430973 	-7.17213e-20
0.245514 	0.466543 	-2.2279e-17 	-0.000259616 	0.00495272 	-2.87635e-20
0.248182 	0.471614 	-2.39974e-17 	0.00311702 	0.00550776 	-1.05196e-19
0.250977 	0.476924 	-2.22058e-17 	0.00780481 	0.00599278 	1.93329e-19
0.253902 	0.482484 	-1.86117e-17 	0.0139225 	0.0064296 	-1.3819e-19
0.256965 	0.488304 	-1.389e-17 	0.0215952 	0.00684456 	-8.08624e-20
0.260172 	0.494399 	-1.07783e-17 	0.0309545 	0.00726884 	8.13909e-20
0.26353 	0.50078 	-1.02769e-17 	0.0421379 	0.0077387 	1.70837e-19
0.267046 	0.507461 	-1.27407e-17 	0.0552887 	0.00829577 	-1.41754e-19
0.270727 	0.514456 	-1.41068e-17 	0.0705551 	0.00898717 	9.48535e-20
0.274582 	0.52178 	-9.72395e-18 	0.0880891 	0.00986565 	1.86885e-20
0.278617 	0.529448 	-1.21526e-17 	0.108045 	0.0109895 	6.42619e-20
0.282842 	0.537477 	-1.70098e-17 	0.130577 	0.0124223 	-1.80148e-19
0.287266 	0.545884 	-1.77037e-17 	0.155837 	0.0142325 	1.96476e-19
0.291897 	0.554685 	-1.73567e-17 	0.183968 	0.0164929 	-5.57982e-20
0.296747 	0.563901 	-1.70098e-17 	0.215102 	0.0192789 	-1.98574e-19
0.301824 	0.573549 	-1.83976e-17 	0.24935 	0.0226676 	6.2007e-20
0.307141 	0.583651 	-1.77037e-17 	0.286798 	0.0267351 	7.27065e-20
0.312707 	0.594229 	-1.49281e-17 	0.327493 	0.0315542 	-3.41905e-19
0.318534 	0.605303 	-1.5622e-17 	0.371434 	0.0371904 	1.82109e-19
0.324636 	0.616898 	-1.83976e-17 	0.418558 	0.0436981 	9.29444e-20
0.331025 	0.629038 	-2.04792e-17 	0.468728 	0.0511151 	-1.14824e-19
0.337714 	0.641749 	-1.94384e-17 	0.521718 	0.0594576 	3.95855e-20
0.344717 	0.655058 	-1.63159e-17 	0.577202 	0.0687136 	1.71198e-19
0.35205 	0.668992 	-1.52751e-17 	0.634741 	0.0788369 	-2.6444e-19
0.359728 	0.683582 	-1.59689e-17 	0.693781 	0.0897419 	1.7556e-19
0.367766 	0.698857 	-1.21525e-17 	0.753651 	0.101299 	-5.05424e-20
0.376183 	0.71485 	-9.37699e-18 	0.813575 	0.113332 	-1.47765e-19
0.384995 	0.731596 	-6.94837e-18 	0.872693 	0.125619 	5.36895e-20
0.394221 	0.749128 	-5.21365e-18 	0.930088 	0.137897 	-5.1734e-20
0.403881 	0.767485 	-9.36751e-18 	0.984837 	0.14987 	7.10054e-20
0.413995 	0.786705 	1.52561e-17 	1.03605 	0.161223 	-6.2684e-20
0.424585 	0.806829 	1.38683e-17 	1.08294 	0.171636 	1.8668e-19
0.435673 	0.827899 	1.52059e-17 	1.12485 	0.180812 	-2.89041e-20
0.447282 	0.849959 	9.35803e-18 	1.16131 	0.188496 	5.04168e-20
0.459437 	0.873056 	9.35803e-18 	1.19187 	0.195239 	2.36978e-19
0.471362 	0.895717 	1.10215e-17 	1.27296 	0.21013 	2.54966e-20
0.488404 	0.928102 	1.22745e-17 	1.2689 	0.205729 	7.02092e-21
0.510909 	0.970867 	1.6458e-17 	1.26259 	0.201005 	3.09443e-20
0.533081 	1.013 	2.01642e-17 	1.25364 	0.195938 	-1.13308e-21
0.546961 	1.03938 	2.17593e-17 	1.2416 	0.190529 	-9.95148e-21
0.557791 	1.05996 	2.36462e-17 	1.24322 	0.182731 	-1.77371e-20
0.576395 	1.09531 	2.51229e-17 	1.24276 	0.179257 	-5.5991e-21
0.597521 	1.13546 	2.53379e-17 	1.24149 	0.175652 	-1.60043e-20
0.618284 	1.17491 	2.52281e-17 	1.2392 	0.17193 	-1.16107e-20
0.632553 	1.20203 	2.35229e-17 	1.23598 	0.168138 	3.99734e-21
0.642657 	1.22122 	2.14971e-17 	1.24131 	0.174048 	-1.35378e-20
0.658695 	1.2517 	2.11484e-17 	1.24236 	0.172534 	4.76395e-21
0.67833 	1.28901 	2.12509e-17 	1.24339 	0.171015 	1.98598e-21
0.697579 	1.32559 	1.86771e-17 	1.24276 	0.168893 	-1.20398e-20
0.720761 	1.36964 	-1.44696e-18 	1.24927 	0.159462 	0
0.804163 	1.52813 	8.62882e-19 	1.23428 	0.144197 	0
0.896993 	1.70453 	4.93723e-18 	1.20885 	0.131467 	0
0.97202 	1.84711 	2.48643e-18 	1.21949 	0.117316 	0
1.08656 	2.06477 	-2.13945e-18 	1.19364 	0.104356 	0
1.16727 	2.21814 	-4.40287e-18 	1.20151 	0.0915409 	0
1.27219 	2.41752 	-6.102e-18 	1.17616 	0.0815721 	0
1.3773 	2.61725 	-8.2283e-18 	1.15216 	0.0716676 	0
1.47068 	2.79471 	-1.30855e-17 	1.15744 	0.0626591 	0
