0.22635 	0.453381 	5.20297e-18 	-0.00186735 	0.00121189 	-1.47608e-19
0.22848 	0.457647 	5.20297e-18 	-0.00193489 	0.00185976 	1.70714e-19
0.23071 	0.462114 	4.68255e-18 	-0.00100539 	0.00242138 	7.40871e-20
0.233045 	0.466792 	5.20297e-18 	0.00101631 	0.00289703 	-1.41367e-19
0.23549 	0.471689 	2.94783e-18 	0.0042367 	0.00330076 	-3.308e-20
0.23805 	0.476816 	2.94783e-18 	0.00876911 	0.00365186 	3.9492e-20
0.24073 	0.482184 	4.85602e-18 	0.0147327 	0.00397284 	2.92563e-20
0.243536 	0.487805 	4.68255e-18 	0.0222527 	0.0042903 	3.7029e-20
0.246474 	0.49369 	3.81519e-18 	0.0314606 	0.00463564 	-5.39908e-20
0.249551 	0.499852 	5.37644e-18 	0.0424938 	0.00504533 	-5.95707e-21
0.252771 	0.506303 	6.76422e-18 	0.0554952 	0.00556114 	-7.55018e-20
0.256144 	0.513058 	7.97853e-18 	0.0706125 	0.00623029 	1.19736e-19
0.259675 	0.52013 	-1.57848e-17 	0.0879968 	0.00710555 	-5.16855e-20
0.263371 	0.527535 	-1.54378e-17 	0.107801 	0.00824517 	4.61405e-20
0.267242 	0.535288 	-1.09276e-17 	0.130179 	0.00971271 	3.76914e-20
0.271295 	0.543405 	-7.11117e-18 	0.155278 	0.0115765 	-1.07603e-19
0.275538 	0.551905 	-3.29477e-18 	0.183242 	0.0139089 	6.03916e-20
0.27998 	0.560803 	1.56245e-18 	0.214199 	0.0167853 	-3.11787e-20
0.284632 	0.57012 	7.46051e-18 	0.248259 	0.0202822 	-1.00046e-19
0.289502 	0.579875 	1.26647e-17 	0.285505 	0.0244756 	-1.4362e-20
0.294601 	0.590089 	1.23177e-17 	0.325982 	0.0294374 	1.88218e-20
0.29994 	0.600783 	9.88912e-18 	0.369687 	0.0352329 	-9.193e-21
0.30553 	0.611979 	6.07273e-18 	0.416559 	0.0419158 	6.27887e-20
0.311383 	0.623702 	3.99106e-18 	0.46646 	0.0495237 	2.88659e-20
0.317511 	0.635976 	5.37884e-18 	0.519168 	0.0580723 	-2.74572e-19
0.323926 	0.648827 	4.33801e-18 	0.574359 	0.0675497 	2.24575e-19
0.330644 	0.662283 	2.60328e-18 	0.631604 	0.0779103 	-5.93022e-20
0.337677 	0.676371 	1.56245e-18 	0.690354 	0.0890696 	-1.12407e-19
0.345042 	0.691121 	1.56245e-18 	0.749949 	0.1009 	1.62818e-19
0.352752 	0.706565 	2.60328e-18 	0.809625 	0.113227 	-1.99243e-19
0.360825 	0.722735 	1.2155e-18 	0.868532 	0.125835 	-3.3846e-20
0.369277 	0.739665 	1.90939e-18 	0.925763 	0.138465 	-3.10044e-20
0.378127 	0.757391 	6.41848e-18 	0.980401 	0.150829 	-1.37757e-19
0.387392 	0.77595 	1.12769e-17 	1.03157 	0.16262 	1.41042e-19
0.397094 	0.795382 	1.43994e-17 	1.07847 	0.17353 	-8.69916e-20
0.407251 	0.815728 	1.26647e-17 	1.12046 	0.183271 	8.58045e-20
0.417886 	0.83703 	1.43994e-17 	1.15708 	0.191594 	-1.65579e-19
0.429021 	0.859333 	1.7175e-17 	1.18808 	0.198297 	-4.82808e-20
0.44068 	0.882686 	1.66533e-17 	1.21336 	0.204048 	2.85979e-19
0.450287 	0.901929 	4.28507e-18 	1.27516 	0.214249 	1.55508e-20
0.465422 	0.932244 	4.3583e-18 	1.27296 	0.21013 	2.54966e-20
0.488246 	0.97796 	4.64562e-18 	1.2689 	0.205729 	7.02092e-21
0.510749 	1.02303 	5.98449e-18 	1.26259 	0.201005 	3.09443e-20
0.525133 	1.05185 	5.60416e-18 	1.25364 	0.195938 	-1.13308e-21
0.536136 	1.07389 	2.79456e-18 	1.24298 	0.186065 	-1.51888e-20
0.554757 	1.11118 	5.192e-18 	1.24322 	0.182731 	-1.77371e-20
0.576246 	1.15423 	7.6288e-18 	1.24276 	0.179257 	-5.5991e-21
0.597383 	1.19656 	6.06796e-18 	1.24149 	0.175652 	-1.60043e-20
0.610361 	1.22256 	7.38003e-18 	1.2392 	0.17193 	-1.16107e-20
0.620659 	1.24318 	9.62125e-18 	1.23971 	0.175401 	-1.44597e-20
0.638573 	1.27907 	8.78636e-18 	1.24131 	0.174048 	-1.35378e-20
0.658614 	1.31921 	4.97419e-18 	1.24236 	0.172534 	4.76395e-21
0.678278 	1.3586 	3.21755e-18 	1.24339 	0.171015 	1.98598e-21
0.693969 	1.39003 	-1.52808e-19 	1.24276 	0.168893 	-1.20398e-20
0.703515 	1.40915 	-3.57807e-18 	1.22216 	0.153605 	1.55199e-20
0.768098 	1.53851 	-2.92714e-18 	1.23428 	0.144197 	0
0.874582 	1.7518 	-4.35643e-18 	1.20885 	0.131467 	0
0.945761 	1.89437 	-6.22888e-18 	1.21949 	0.117316 	0
1.04801 	2.09918 	-5.3419e-18 	1.19364 	0.104356 	0
1.13687 	2.27716 	-5.25727e-18 	1.1685 	0.0919185 	0
1.21923 	2.44214 	-5.25727e-18 	1.17616 	0.0815721 	0
1.34245 	2.68893 	-5.68967e-18 	1.15216 	0.0716676 	0
1.43104 	2.86639 	-5.71394e-18 	1.15744 	0.0626591 	0
