0.216617 	0.45813 	2.04579e-17 	-0.000759388 	0.000678024 	6.28959e-20
0.218656 	0.462442 	1.56007e-17 	2.68267e-05 	0.00100363 	-9.43253e-20
0.22079 	0.466956 	1.17843e-17 	0.00190862 	0.00127354 	-2.14651e-20
0.223025 	0.471682 	1.45598e-17 	0.00498683 	0.00149031 	1.2677e-19
0.225364 	0.47663 	1.87232e-17 	0.00937417 	0.00167213 	1.53523e-20
0.227814 	0.481811 	1.9764e-17 	0.0151903 	0.001843 	4.65863e-20
0.230379 	0.487236 	1.90701e-17 	0.0225605 	0.0020302 	-1.97767e-19
0.233065 	0.492915 	1.66415e-17 	0.031616 	0.00226535 	-1.35421e-21
0.235876 	0.498862 	1.24782e-17 	0.042494 	0.00258506 	1.50023e-19
0.23882 	0.505088 	7.62095e-18 	0.0553366 	0.00303121 	1.53421e-20
0.241903 	0.511607 	5.19234e-18 	0.0702909 	0.00365106 	-1.24458e-19
0.24513 	0.518433 	-2.76373e-18 	0.087507 	0.00449736 	-1.80965e-20
0.248509 	0.525579 	-8.22811e-18 	0.107137 	0.00562825 	-5.724e-20
0.252047 	0.533062 	-1.16976e-17 	0.129331 	0.00710712 	2.04485e-20
0.255751 	0.540896 	-1.25649e-17 	0.154239 	0.00900207 	1.30093e-20
0.259629 	0.549098 	-1.3866e-17 	0.181999 	0.0113852 	3.61373e-20
0.26369 	0.557686 	-1.56007e-17 	0.212739 	0.0143315 	-4.6621e-20
0.267942 	0.566678 	-1.56007e-17 	0.246566 	0.0179171 	4.8581e-20
0.272393 	0.576093 	-1.5167e-17 	0.283562 	0.0222174 	-5.49526e-20
0.277054 	0.58595 	-1.5167e-17 	0.323771 	0.0273042 	-2.37236e-20
0.281934 	0.596271 	-8.14137e-18 	0.367191 	0.0332422 	-4.42751e-20
0.287043 	0.607076 	-7.44748e-18 	0.41376 	0.040085 	2.60877e-20
0.292393 	0.61839 	-1.19578e-17 	0.463344 	0.0478698 	1.46726e-19
0.297994 	0.630236 	-1.49068e-17 	0.515726 	0.0566127 	-6.08678e-20
0.303858 	0.642639 	-2.10651e-17 	0.570588 	0.0663022 	-1.81995e-19
0.309998 	0.655625 	-2.54019e-17 	0.62751 	0.0768937 	3.38025e-19
0.316427 	0.669221 	-2.84376e-17 	0.685955 	0.088304 	-7.41892e-20
0.323158 	0.683456 	-3.05193e-17 	0.745277 	0.100408 	1.04837e-19
0.330205 	0.698361 	-3.07795e-17 	0.804724 	0.113034 	-5.32189e-20
0.337584 	0.713967 	-3.01724e-17 	0.863459 	0.125969 	-2.06607e-19
0.34531 	0.730306 	-2.90448e-17 	0.920591 	0.138958 	1.6418e-19
0.353399 	0.747414 	-2.97387e-17 	0.97521 	0.151719 	6.5137e-20
0.361868 	0.765325 	-3.26995e-17 	1.02644 	0.163948 	2.44811e-19
0.370735 	0.784079 	-1.11575e-18 	1.07349 	0.175342 	4.23282e-20
0.380019 	0.803715 	-4.23825e-18 	1.11571 	0.185618 	1.93346e-19
0.38974 	0.824273 	-8.66179e-18 	1.15263 	0.194529 	-1.33437e-19
0.399918 	0.845799 	-1.10037e-17 	1.184 	0.201884 	-9.14916e-21
0.410574 	0.868336 	-1.33455e-17 	1.20979 	0.207551 	1.66063e-19
0.421731 	0.891933 	-1.67283e-17 	1.23018 	0.21223 	-1.11199e-19
0.428962 	0.907224 	-1.98223e-17 	1.27586 	0.21813 	-3.80844e-21
0.442126 	0.935066 	1.45385e-17 	1.27516 	0.214249 	1.55508e-20
0.465254 	0.983981 	1.43422e-17 	1.27296 	0.21013 	2.54966e-20
0.488074 	1.03224 	1.67881e-17 	1.2689 	0.205729 	7.02092e-21
0.502949 	1.0637 	2.13704e-17 	1.26259 	0.201005 	3.09443e-20
0.514119 	1.08733 	2.20174e-17 	1.24215 	0.18926 	-2.0534e-20
0.532748 	1.12673 	2.22135e-17 	1.24298 	0.186065 	-1.51888e-20
0.554587 	1.17291 	2.13167e-17 	1.24322 	0.182731 	-1.77371e-20
0.576084 	1.21838 	2.07262e-17 	1.24276 	0.179257 	-5.5991e-21
0.587684 	1.24291 	2.03781e-17 	1.24149 	0.175652 	-1.60043e-20
0.59817 	1.26509 	2.22137e-17 	1.23782 	0.176654 	8.21228e-21
0.618026 	1.30708 	2.19382e-17 	1.23971 	0.175401 	-1.44597e-20
0.638459 	1.3503 	2.25666e-17 	1.24131 	0.174048 	-1.35378e-20
0.658526 	1.39274 	2.75624e-17 	1.24236 	0.172534 	4.76395e-21
0.671035 	1.41919 	3.02513e-17 	1.24339 	0.171015 	1.98598e-21
0.680789 	1.43982 	3.12558e-17 	1.21965 	0.154206 	-1.74587e-21
0.697541 	1.47525 	3.35272e-17 	1.22216 	0.153605 	1.55199e-20
0.74616 	1.57808 	8.4274e-18 	1.23428 	0.144197 	0
0.852626 	1.80324 	1.24147e-17 	1.20885 	0.131467 	0
0.920057 	1.94586 	1.38129e-17 	1.18329 	0.115819 	0
0.992571 	2.09922 	1.24251e-17 	1.19364 	0.104356 	0
1.10712 	2.34147 	1.27611e-17 	1.1685 	0.0919185 	0
1.18512 	2.50644 	1.61725e-17 	1.17616 	0.0815721 	0
1.30498 	2.75995 	1.93709e-17 	1.15216 	0.0716676 	0
1.39224 	2.94449 	2.01743e-17 	1.12991 	0.0621103 	0
