0.206782 	0.462664 	-6.59195e-18 	-0.000759388 	0.000678024 	6.28959e-20
0.208728 	0.467018 	-5.20417e-18 	2.68267e-05 	0.00100363 	-9.43253e-20
0.210765 	0.471577 	-2.08167e-18 	0.00190862 	0.00127354 	-2.14651e-20
0.212898 	0.47635 	-2.08167e-18 	0.00498683 	0.00149031 	1.2677e-19
0.215132 	0.481347 	2.42861e-18 	0.00937417 	0.00167213 	1.53523e-20
0.21747 	0.48658 	3.46945e-18 	0.0151903 	0.001843 	4.65863e-20
0.219919 	0.492058 	-1.73472e-18 	0.0225605 	0.0020302 	-1.97767e-19
0.222482 	0.497794 	-3.1225e-18 	0.031616 	0.00226535 	-1.35421e-21
0.225166 	0.503799 	-4.16334e-18 	0.042494 	0.00258506 	1.50023e-19
0.227977 	0.510087 	-4.16334e-18 	0.0553366 	0.00303121 	1.53421e-20
0.230919 	0.516671 	-5.89806e-18 	0.0702909 	0.00365106 	-1.24458e-19
0.234 	0.523564 	1.19188e-18 	0.087507 	0.00449736 	-1.80965e-20
0.237226 	0.530781 	1.53882e-18 	0.107137 	0.00562825 	-5.724e-20
0.240603 	0.538337 	3.27355e-18 	0.129331 	0.00710712 	2.04485e-20
0.244139 	0.546249 	6.74299e-18 	0.154239 	0.00900207 	1.30093e-20
0.247841 	0.554533 	1.33349e-17 	0.181999 	0.0113852 	3.61373e-20
0.251717 	0.563206 	2.13147e-17 	0.212739 	0.0143315 	-4.6621e-20
0.255776 	0.572287 	2.13147e-17 	0.246566 	0.0179171 	4.8581e-20
0.260025 	0.581794 	1.85391e-17 	0.283562 	0.0222174 	-5.49526e-20
0.264474 	0.591749 	2.06208e-17 	0.323771 	0.0273042 	-2.37236e-20
0.269133 	0.602172 	2.23555e-17 	0.367191 	0.0332422 	-4.42751e-20
0.27401 	0.613085 	1.68044e-17 	0.41376 	0.040085 	2.60877e-20
0.279117 	0.624511 	1.47227e-17 	0.463344 	0.0478698 	1.46726e-19
0.284463 	0.636474 	1.47227e-17 	0.515726 	0.0566127 	-6.08678e-20
0.290062 	0.648999 	1.33349e-17 	0.570588 	0.0663022 	-1.81995e-19
0.295923 	0.662113 	1.43758e-17 	0.62751 	0.0768937 	3.38025e-19
0.30206 	0.675844 	1.47227e-17 	0.685955 	0.088304 	-7.41892e-20
0.308485 	0.690221 	1.47227e-17 	0.745277 	0.100408 	1.04837e-19
0.315212 	0.705273 	1.33349e-17 	0.804724 	0.113034 	-5.32189e-20
0.322256 	0.721033 	1.19472e-17 	0.863459 	0.125969 	-2.06607e-19
0.329631 	0.737534 	1.02124e-17 	0.920591 	0.138958 	1.6418e-19
0.337353 	0.754811 	8.13077e-18 	0.97521 	0.151719 	6.5137e-20
0.345437 	0.7729 	5.62664e-18 	1.02644 	0.163948 	2.44811e-19
0.353902 	0.791839 	-1.93062e-18 	1.07349 	0.175342 	4.23282e-20
0.362765 	0.811669 	1.88577e-18 	1.11571 	0.185618 	1.93346e-19
0.372044 	0.832431 	3.62049e-18 	1.15263 	0.194529 	-1.33437e-19
0.38176 	0.85417 	5.35522e-18 	1.184 	0.201884 	-9.14916e-21
0.391932 	0.87693 	7.78383e-18 	1.20979 	0.207551 	1.66063e-19
0.402583 	0.90076 	8.47772e-18 	1.23018 	0.21223 	-1.11199e-19
0.419172 	0.937878 	7.65439e-18 	1.27586 	0.21813 	-3.80844e-21
0.44195 	0.988842 	3.74071e-18 	1.27516 	0.214249 	1.55508e-20
0.465071 	1.04057 	3.13617e-18 	1.27296 	0.21013 	2.54966e-20
0.480424 	1.07493 	2.27142e-18 	1.2689 	0.205729 	7.02092e-21
0.491754 	1.10028 	5.8541e-18 	1.24084 	0.192321 	-9.68909e-21
0.510384 	1.14196 	9.22737e-18 	1.24215 	0.18926 	-2.0534e-20
0.532558 	1.19157 	6.37991e-18 	1.24298 	0.186065 	-1.51888e-20
0.553692 	1.23886 	1.57237e-18 	1.24322 	0.182731 	-1.77371e-20
0.56453 	1.26311 	1.53381e-19 	1.23317 	0.178886 	2.66496e-20
0.575907 	1.28857 	1.5712e-18 	1.23561 	0.177808 	1.35402e-20
0.597068 	1.33591 	5.41687e-18 	1.23782 	0.176654 	8.21228e-21
0.617879 	1.38248 	9.51464e-18 	1.23971 	0.175401 	-1.44597e-20
0.637337 	1.42601 	1.00259e-17 	1.24131 	0.174048 	-1.35378e-20
0.647476 	1.4487 	9.4207e-18 	1.21439 	0.155367 	-6.93251e-21
0.658429 	1.4732 	7.51518e-18 	1.21705 	0.154779 	2.00449e-21
0.678159 	1.51735 	7.77971e-18 	1.21965 	0.154206 	-1.74587e-21
0.697519 	1.56067 	1.07261e-17 	1.22216 	0.153605 	1.55199e-20
0.724661 	1.6214 	8.85609e-18 	1.23428 	0.144197 	0
0.805936 	1.80324 	9.13873e-18 	1.20885 	0.131467 	0
0.894866 	2.00222 	1.09187e-17 	1.18329 	0.115819 	0
0.96341 	2.15558 	1.01335e-17 	1.19364 	0.104356 	0
1.07795 	2.41187 	9.32364e-18 	1.1685 	0.0919185 	0
1.15169 	2.57684 	9.38657e-18 	1.17616 	0.0815721 	0
1.23352 	2.75995 	8.64521e-18 	1.15216 	0.0716676 	0
1.35421 	3.02999 	1.00406e-17 	1.12991 	0.0621103 	0
