0.196839 	0.466957 	-2.08167e-18 	0.000525 	0.000141348 	-2.13925e-19
0.198691 	0.471351 	-2.08167e-18 	0.00228583 	0.000150087 	1.25122e-19
0.20063 	0.475952 	-4.85723e-18 	0.00524374 	0.000139693 	2.6608e-20
0.202661 	0.480769 	-7.97973e-18 	0.00950512 	0.000115097 	-1.0303e-19
0.204787 	0.485813 	-5.20417e-18 	0.0151886 	9.88985e-05 	3.39492e-20
0.207013 	0.491094 	-4.85723e-18 	0.0224199 	0.000119996 	-1.5099e-21
0.209344 	0.496623 	-6.245e-18 	0.0313298 	0.000210675 	1.44928e-19
0.211784 	0.502412 	-6.93889e-18 	0.0420549 	0.000407674 	-5.99071e-20
0.214339 	0.508474 	-7.63278e-18 	0.0547368 	0.000752915 	-7.1984e-21
0.217014 	0.51482 	-4.85723e-18 	0.0695215 	0.00129366 	-1.13276e-19
0.219815 	0.521464 	-7.66585e-18 	0.086558 	0.00208256 	-1.02469e-20
0.222748 	0.528421 	-5.93113e-18 	0.105997 	0.00317762 	6.19738e-20
0.225818 	0.535705 	-8.70669e-18 	0.127988 	0.00464194 	7.43698e-20
0.229033 	0.543332 	-1.02679e-17 	0.152678 	0.00654332 	-1.03618e-19
0.232399 	0.551317 	-1.16557e-17 	0.180204 	0.00895346 	1.52813e-19
0.235924 	0.559677 	-9.05363e-18 	0.210693 	0.0119469 	-1.8523e-19
0.239613 	0.568431 	-5.93113e-18 	0.24425 	0.0155994 	2.82174e-19
0.243477 	0.577596 	-5.93112e-18 	0.280956 	0.0199858 	2.06712e-20
0.247522 	0.587192 	-7.3189e-18 	0.320855 	0.0251776 	-1.17575e-20
0.251757 	0.597239 	-6.62501e-18 	0.363945 	0.031239 	-1.07842e-19
0.256191 	0.607759 	-5.4107e-18 	0.410168 	0.0382236 	1.89181e-19
0.260834 	0.618773 	-6.10459e-18 	0.459394 	0.0461688 	-1.01121e-19
0.265695 	0.630305 	-5.4107e-18 	0.51141 	0.0550909 	2.82657e-20
0.270785 	0.642379 	-6.62501e-18 	0.56591 	0.0649795 	2.06923e-21
0.276114 	0.65502 	-1.02679e-17 	0.622483 	0.0757912 	-7.72543e-20
0.281693 	0.668256 	-1.20026e-17 	0.680608 	0.0874448 	-2.52657e-19
0.287535 	0.682115 	-9.57403e-18 	0.739653 	0.0998172 	7.05753e-20
0.293651 	0.696624 	-1.18292e-17 	0.798884 	0.112741 	9.23653e-20
0.300055 	0.711816 	-1.65129e-17 	0.85748 	0.126005 	2.31101e-19
0.306761 	0.727723 	-1.79007e-17 	0.914562 	0.139358 	-1.00157e-19
0.313781 	0.744377 	-1.72068e-17 	0.969231 	0.152521 	-4.30386e-20
0.321131 	0.761814 	-1.3027e-17 	1.02062 	0.165192 	-4.11929e-21
0.328827 	0.780071 	1.5282e-18 	1.06792 	0.17707 	2.69767e-20
0.336885 	0.799186 	2.22209e-18 	1.11049 	0.187871 	-1.77896e-19
0.345321 	0.8192 	4.65071e-18 	1.14784 	0.197345 	1.12032e-20
0.354154 	0.840154 	6.21196e-18 	1.1797 	0.205301 	2.28792e-19
0.363403 	0.862094 	6.73238e-18 	1.20603 	0.211611 	-1.54233e-19
0.373086 	0.885066 	6.90585e-18 	1.22699 	0.216217 	2.66381e-20
0.383225 	0.909117 	5.51808e-18 	1.24297 	0.219801 	3.89896e-20
0.39749 	0.94296 	1.01695e-18 	1.27535 	0.221826 	-1.6856e-20
0.418348 	0.992439 	6.86526e-19 	1.27586 	0.21813 	-3.80844e-21
0.441757 	1.04797 	1.11151e-18 	1.27516 	0.214249 	1.55508e-20
0.457573 	1.08549 	6.09091e-19 	1.27296 	0.21013 	2.54966e-20
0.469054 	1.11273 	-3.45472e-18 	1.23912 	0.19526 	-2.20459e-22
0.487678 	1.15691 	-9.47969e-18 	1.24084 	0.192321 	-9.68909e-21
0.510174 	1.21028 	-1.0467e-17 	1.24215 	0.18926 	-2.0534e-20
0.52991 	1.25709 	-1.14822e-17 	1.24298 	0.186065 	-1.51888e-20
0.540916 	1.28321 	-1.193e-17 	1.23054 	0.179902 	-2.44981e-20
0.554198 	1.31471 	-1.04339e-17 	1.23317 	0.178886 	2.66496e-20
0.575713 	1.36575 	-9.6503e-18 	1.23561 	0.177808 	1.35402e-20
0.596888 	1.41599 	-9.90913e-18 	1.23782 	0.176654 	8.21228e-21
0.612964 	1.45412 	-1.02119e-17 	1.23971 	0.175401 	-1.44597e-20
0.623292 	1.47862 	-6.7835e-18 	1.21168 	0.155957 	1.17642e-20
0.638198 	1.51398 	-2.8237e-18 	1.21439 	0.155367 	-6.93251e-21
0.658323 	1.56173 	-9.38939e-19 	1.21705 	0.154779 	2.00449e-21
0.67809 	1.60862 	1.58343e-18 	1.21965 	0.154206 	-1.74587e-21
0.694892 	1.64848 	5.78828e-18 	1.22216 	0.153605 	1.55199e-20
0.704504 	1.67128 	6.51026e-18 	1.19812 	0.138888 	-8.33617e-21
0.763669 	1.81164 	-2.09085e-17 	1.20885 	0.131467 	0
0.870153 	2.06425 	-2.0674e-17 	1.18329 	0.115819 	0
0.934801 	2.21761 	-2.05055e-17 	1.19364 	0.104356 	0
1.01907 	2.41752 	-2.1689e-17 	1.1685 	0.0919185 	0
1.11889 	2.65431 	-2.33775e-17 	1.14502 	0.079801 	0
1.19369 	2.83177 	-2.70015e-17 	1.15216 	0.0716676 	0
