0.186811 	0.471047 	-4.51028e-18 	0.00199717 	-0.000389039 	-1.75795e-20
0.188569 	0.475479 	-2.77556e-18 	0.00485998 	-0.000685351 	1.56097e-20
0.19041 	0.480121 	-2.77556e-18 	0.00902345 	-0.000957981 	-1.1885e-19
0.192337 	0.48498 	-2.42861e-18 	0.0145993 	-0.00119952 	-8.18302e-20
0.194355 	0.490068 	1.04083e-18 	0.0217117 	-0.00138278 	2.73411e-20
0.196467 	0.495395 	2.77556e-18 	0.0304917 	-0.00147375 	-2.91906e-20
0.198679 	0.500973 	2.42861e-18 	0.0410752 	-0.00143505 	9.80774e-20
0.200995 	0.506812 	1.73472e-18 	0.0536028 	-0.00122474 	-7.21301e-20
0.20342 	0.512927 	3.46945e-19 	0.0682196 	-0.000795635 	1.60778e-19
0.205959 	0.519329 	-1.0845e-18 	0.0850735 	-9.52001e-05 	6.62514e-20
0.208617 	0.526031 	-1.60492e-18 	0.104314 	0.000934325 	-1.93369e-20
0.211401 	0.533049 	-5.64083e-19 	0.126089 	0.00235573 	6.77171e-21
0.214315 	0.540397 	3.90015e-19 	0.150543 	0.0042364 	1.13725e-19
0.217366 	0.54809 	-1.34471e-18 	0.177814 	0.00664756 	-1.55519e-19
0.22056 	0.556145 	-7.3295e-18 	0.208025 	0.00966321 	-7.03144e-20
0.223905 	0.564579 	-1.27071e-17 	0.241282 	0.0133586 	8.87912e-20
0.227407 	0.573409 	-1.72174e-17 	0.277665 	0.0178081 	-4.18693e-20
0.231073 	0.582655 	-1.68705e-17 	0.317218 	0.0230827 	-1.2925e-20
0.234912 	0.592335 	-1.63501e-17 	0.359942 	0.0292465 	-9.17778e-20
0.238932 	0.60247 	-1.75644e-17 	0.405782 	0.0363528 	-1.28143e-19
0.24314 	0.613081 	-1.79981e-17 	0.454612 	0.0444394 	3.04837e-20
0.247547 	0.624192 	-2.19879e-17 	0.50623 	0.0535234 	1.2594e-19
0.25216 	0.635825 	-2.65849e-17 	0.560339 	0.0635953 	-2.70042e-20
0.25699 	0.648005 	-2.89268e-17 	0.61654 	0.0746136 	-1.59452e-19
0.262048 	0.660757 	-2.68451e-17 	0.67433 	0.0864995 	1.03088e-21
0.267343 	0.674109 	-2.48502e-17 	0.733094 	0.0991325 	1.59889e-19
0.272887 	0.688089 	-2.72788e-17 	0.792116 	0.112348 	-1.18809e-19
0.278692 	0.702725 	-3.17891e-17 	0.850594 	0.125939 	-6.83525e-20
0.28477 	0.718051 	-3.47381e-17 	0.907665 	0.139659 	-8.20463e-20
0.291133 	0.734096 	-3.66463e-17 	0.962441 	0.153227 	1.25515e-19
0.297796 	0.750896 	-3.73402e-17 	1.01405 	0.166345 	5.26653e-21
0.304772 	0.768486 	-3.8446e-17 	1.06171 	0.178712 	6.40739e-20
0.312075 	0.786902 	-7.84992e-18 	1.10473 	0.190039 	-3.40462e-20
0.319723 	0.806185 	-1.44419e-17 	1.14262 	0.200074 	4.23256e-20
0.327729 	0.826374 	-1.9993e-17 	1.17507 	0.208615 	2.3043e-19
0.336113 	0.847512 	-2.5891e-17 	1.20202 	0.215529 	-2.91192e-19
0.34489 	0.869645 	-3.34371e-17 	1.22363 	0.220754 	8.36968e-20
0.35408 	0.892817 	-3.68198e-17 	1.24024 	0.224303 	-4.67708e-21
0.363702 	0.917079 	-3.67331e-17 	1.25236 	0.226812 	-2.43139e-20
0.375588 	0.94705 	-3.90416e-17 	1.27388 	0.225382 	-5.70668e-22
0.394464 	0.994645 	-3.8069e-17 	1.27535 	0.221826 	-1.6856e-20
0.418145 	1.05436 	-3.74734e-17 	1.27586 	0.21813 	-3.80844e-21
0.43441 	1.09537 	2.76606e-18 	1.27516 	0.214249 	1.55508e-20
0.446036 	1.12469 	1.29006e-18 	1.23706 	0.19809 	-5.66824e-22
0.464647 	1.17161 	-1.1026e-18 	1.23912 	0.19526 	-2.20459e-22
0.487449 	1.22911 	-3.18532e-18 	1.24084 	0.192321 	-9.68909e-21
0.505704 	1.27514 	-4.41961e-18 	1.24215 	0.18926 	-2.0534e-20
0.516872 	1.3033 	-8.95733e-18 	1.22774 	0.180872 	1.69994e-20
0.532119 	1.34174 	-9.45529e-18 	1.23054 	0.179902 	-2.44981e-20
0.553972 	1.39685 	-9.23717e-18 	1.23317 	0.178886 	2.66496e-20
0.575497 	1.45112 	-1.11001e-17 	1.23561 	0.177808 	1.35402e-20
0.588029 	1.48272 	-1.05853e-17 	1.23782 	0.176654 	8.21228e-21
0.59854 	1.50923 	-1.14001e-17 	1.20893 	0.156561 	2.88607e-21
0.617539 	1.55713 	-1.29363e-17 	1.21168 	0.155957 	1.17642e-20
0.638046 	1.60884 	-1.37078e-17 	1.21439 	0.155367 	-6.93251e-21
0.658206 	1.65967 	-1.36187e-17 	1.21705 	0.154779 	2.00449e-21
0.669419 	1.68795 	-1.43548e-17 	1.21965 	0.154206 	-1.74587e-21
0.679235 	1.7127 	-1.23834e-17 	1.19555 	0.139044 	1.77766e-21
0.697469 	1.75868 	-9.46646e-18 	1.19812 	0.138888 	-8.33617e-21
0.739396 	1.8644 	-5.19452e-19 	1.20885 	0.131467 	0
0.832508 	2.09918 	-7.38771e-20 	1.18329 	0.115819 	0
0.906703 	2.28626 	2.71227e-18 	1.1592 	0.100972 	0
0.972129 	2.45123 	4.07654e-18 	1.1685 	0.0919185 	0
1.08667 	2.74006 	6.72396e-18 	1.14502 	0.079801 	0
1.15705 	2.91752 	1.15159e-17 	1.15216 	0.0716676 	0
