0.176703 	0.474932 	6.45097e-18 	0.00366747 	-0.000902697 	-2.88746e-21
0.178366 	0.479401 	6.88465e-18 	0.00776528 	-0.00148505 	3.35382e-20
0.180107 	0.484081 	6.5377e-18 	0.0132683 	-0.00199449 	2.44134e-20
0.18193 	0.48898 	7.23159e-18 	0.0202934 	-0.00242106 	-1.55884e-20
0.183838 	0.49411 	8.61937e-18 	0.0289697 	-0.00273283 	-9.82204e-20
0.185837 	0.499481 	8.79284e-18 	0.0394328 	-0.0028906 	3.24067e-20
0.187929 	0.505105 	8.09895e-18 	0.0518227 	-0.0028518 	1.63801e-19
0.19012 	0.510993 	6.5377e-18 	0.066283 	-0.00256935 	-1.24976e-19
0.192413 	0.517157 	6.99314e-18 	0.0829606 	-0.00199094 	4.5624e-20
0.194815 	0.523612 	8.38092e-18 	0.102003 	-0.00105908 	-9.12989e-21
0.197329 	0.53037 	7.68704e-18 	0.123558 	0.000288646 	-3.2546e-20
0.199962 	0.537446 	6.29926e-18 	0.147769 	0.00211914 	-1.27145e-19
0.202718 	0.544854 	9.7687e-18 	0.17477 	0.00450309 	-5.62448e-20
0.205604 	0.552611 	6.29926e-18 	0.204686 	0.00751389 	1.20848e-19
0.208626 	0.560733 	7.48144e-19 	0.237622 	0.0112262 	-7.61538e-20
0.21179 	0.569236 	7.48144e-19 	0.273656 	0.0157138 	8.77671e-20
0.215102 	0.578139 	-1.33352e-18 	0.312836 	0.0210472 	1.35031e-19
0.21857 	0.587461 	-4.45603e-18 	0.355164 	0.0272903 	-4.92174e-20
0.222201 	0.59722 	-5.8438e-18 	0.40059 	0.0344963 	4.46529e-20
0.226003 	0.607439 	-9.31325e-18 	0.448995 	0.0427036 	3.6878e-20
0.229984 	0.618138 	-1.24358e-17 	0.500186 	0.0519299 	3.50572e-20
0.234152 	0.62934 	-1.41705e-17 	0.553877 	0.0621672 	-1.19218e-20
0.238516 	0.641069 	-1.31296e-17 	0.609687 	0.0733762 	-1.25657e-19
0.243085 	0.653349 	-7.92547e-18 	0.667127 	0.0854805 	3.94585e-20
0.247868 	0.666207 	-6.53769e-18 	0.725604 	0.0983631 	9.75632e-20
0.252877 	0.679669 	-6.53769e-18 	0.784422 	0.111863 	-8.79065e-20
0.258121 	0.693764 	-4.10907e-18 	0.842798 	0.125777 	1.17737e-19
0.263612 	0.708522 	-9.86572e-19 	0.899888 	0.13986 	-3.38896e-19
0.269361 	0.723973 	1.0951e-18 	0.954815 	0.153836 	2.51651e-19
0.27538 	0.740151 	7.48153e-19 	1.00672 	0.167407 	-2.91924e-19
0.281682 	0.757089 	-4.33681e-19 	1.05479 	0.180269 	2.74164e-19
0.288281 	0.774824 	-1.55582e-17 	1.09836 	0.19213 	6.27296e-20
0.295189 	0.793393 	-1.20888e-17 	1.13688 	0.202731 	6.91827e-21
0.302423 	0.812835 	-6.53768e-18 	1.17004 	0.21186 	-5.06523e-20
0.309996 	0.83319 	-6.19074e-18 	1.19772 	0.219372 	1.48571e-20
0.317926 	0.854503 	-1.03541e-17 	1.22005 	0.225195 	1.41652e-19
0.326228 	0.876818 	-1.20888e-17 	1.23735 	0.229329 	-1.01506e-19
0.334921 	0.900181 	-1.24357e-17 	1.25009 	0.231851 	-5.2905e-20
0.344022 	0.924643 	-1.52113e-17 	1.2589 	0.233342 	6.26879e-20
0.353477 	0.950055 	-1.62565e-17 	1.27168 	0.228843 	-4.18575e-21
0.370313 	0.995307 	-1.85403e-17 	1.27388 	0.225382 	-5.70668e-22
0.394253 	1.05965 	-1.99234e-17 	1.27535 	0.221826 	-1.6856e-20
0.410951 	1.10453 	-1.80589e-17 	1.27586 	0.21813 	-3.80844e-21
0.422715 	1.13615 	-1.87043e-17 	1.23474 	0.200824 	1.14689e-20
0.441305 	1.18611 	3.92455e-18 	1.23706 	0.19809 	-5.66824e-22
0.464399 	1.24819 	4.72872e-18 	1.23912 	0.19526 	-2.20459e-22
0.481093 	1.29305 	6.50677e-18 	1.24084 	0.192321 	-9.68909e-21
0.492415 	1.32349 	8.95302e-18 	1.22481 	0.18181 	-1.14199e-20
0.509684 	1.3699 	9.88768e-18 	1.22774 	0.180872 	1.69994e-20
0.531862 	1.42951 	1.01687e-17 	1.23054 	0.179902 	-2.44981e-20
0.551684 	1.48279 	1.05679e-17 	1.23317 	0.178886 	2.66496e-20
0.562533 	1.51195 	1.04798e-17 	1.2034 	0.15781 	-2.03323e-21
0.575257 	1.54615 	7.80681e-18 	1.20617 	0.157178 	2.7559e-21
0.596465 	1.60315 	2.22735e-18 	1.20893 	0.156561 	2.88607e-21
0.617339 	1.65925 	-1.49934e-18 	1.21168 	0.155957 	1.17642e-20
0.633012 	1.70138 	-4.31803e-18 	1.21439 	0.155367 	-6.93251e-21
0.643197 	1.72875 	-7.72988e-18 	1.19073 	0.139494 	-1.2823e-20
0.658075 	1.76874 	-7.22839e-18 	1.19317 	0.139273 	6.86256e-21
0.67793 	1.8221 	-3.28381e-18 	1.19555 	0.139044 	1.77766e-21
0.697439 	1.87454 	-3.7853e-18 	1.19812 	0.138888 	-8.33617e-21
0.715533 	1.92317 	-4.7466e-18 	1.20885 	0.131467 	0
0.781019 	2.09918 	-6.70176e-18 	1.18329 	0.115819 	0
0.879077 	2.36274 	-5.78419e-18 	1.1592 	0.100972 	0
0.940457 	2.52771 	-6.03112e-18 	1.1685 	0.0919185 	0
1.02686 	2.75995 	-8.22666e-18 	1.14502 	0.079801 	0
1.12103 	3.01303 	-1.08994e-17 	1.1235 	0.0684341 	0
