0.166517 	0.478611 	3.7515e-18 	0.00554491 	-0.00138789 	-1.70656e-20
0.168084 	0.483115 	2.71067e-18 	0.0110153 	-0.00222935 	-5.6365e-20
0.169725 	0.487831 	-2.14656e-18 	0.0179955 	-0.00294217 	-2.93735e-20
0.171443 	0.492769 	-8.39156e-18 	0.0266067 	-0.00351385 	4.31702e-20
0.173242 	0.497938 	-8.21809e-18 	0.0369825 	-0.00390761 	-5.87218e-20
0.175125 	0.503351 	-5.96295e-18 	0.0492622 	-0.00407902 	6.56295e-20
0.177096 	0.509018 	-8.91198e-18 	0.0635886 	-0.0039804 	-1.05075e-19
0.179161 	0.514952 	3.18739e-18 	0.0801069 	-0.00355968 	6.01539e-20
0.181322 	0.521164 	3.1874e-18 	0.0989639 	-0.00275974 	-1.40974e-19
0.183585 	0.527669 	1.45267e-18 	0.120305 	-0.00151857 	1.72129e-19
0.185955 	0.534479 	1.2792e-18 	0.144273 	0.000230213 	-4.02852e-20
0.188436 	0.54161 	2.38368e-19 	0.171002 	0.00255667 	-1.52354e-19
0.191033 	0.549076 	-2.01677e-18 	0.200614 	0.00553355 	1.0474e-19
0.193753 	0.556893 	-1.49635e-18 	0.233215 	0.0092348 	-1.98086e-20
0.1966 	0.565077 	-1.66983e-18 	0.268884 	0.0137337 	-2.78172e-21
0.199582 	0.573646 	-4.55518e-19 	0.307671 	0.0191001 	-6.57956e-22
0.202703 	0.582618 	2.66698e-18 	0.349582 	0.0253978 	-7.10846e-20
0.205971 	0.592012 	5.61602e-18 	0.39457 	0.0326799 	6.2906e-21
0.209393 	0.601847 	6.48338e-18 	0.442527 	0.0409853 	1.03029e-19
0.212976 	0.612145 	1.79963e-18 	0.493267 	0.0503327 	-9.52285e-20
0.216727 	0.622927 	-2.19024e-18 	0.54652 	0.0607158 	-4.58331e-20
0.220655 	0.634216 	-4.96579e-18 	0.60192 	0.0720975 	-3.33424e-22
0.224767 	0.646036 	-8.0883e-18 	0.658998 	0.0844045 	8.77807e-20
0.229073 	0.658411 	-7.74135e-18 	0.717181 	0.0975234 	-1.67951e-19
0.233581 	0.671368 	-6.00663e-18 	0.775797 	0.111297 	1.18725e-19
0.238301 	0.684935 	-4.2719e-18 	0.834083 	0.125526 	-2.24279e-20
0.243243 	0.699139 	-5.48621e-18 	0.891214 	0.13997 	1.20174e-20
0.248417 	0.714011 	6.49093e-20 	0.946328 	0.154354 	1.68364e-19
0.253834 	0.729582 	9.25894e-18 	0.998567 	0.168381 	8.90472e-20
0.259507 	0.745885 	7.17728e-18 	1.04713 	0.181745 	-1.42218e-19
0.265445 	0.762955 	2.77556e-18 	1.09131 	0.19415 	1.05201e-19
0.271664 	0.780827 	1.01263e-17 	1.13056 	0.205327 	1.20728e-19
0.278174 	0.79954 	8.912e-18 	1.16452 	0.215055 	6.60557e-20
0.28499 	0.819132 	1.01263e-17 	1.19303 	0.223174 	-1.33533e-19
0.292127 	0.839645 	1.20345e-17 	1.21618 	0.229597 	1.52816e-19
0.2996 	0.861123 	1.01263e-17 	1.23425 	0.234313 	-9.70157e-21
0.307424 	0.883611 	8.73854e-18 	1.24769 	0.237381 	-6.00988e-20
0.315615 	0.907155 	9.6059e-18 	1.2571 	0.238927 	-3.93245e-20
0.324192 	0.931807 	1.41162e-17 	1.26312 	0.239477 	7.21391e-20
0.331168 	0.951857 	1.79247e-17 	1.26889 	0.232242 	5.20495e-21
0.345913 	0.994237 	1.89645e-17 	1.27168 	0.228843 	-4.18575e-21
0.370096 	1.06375 	1.68219e-17 	1.27388 	0.225382 	-5.70668e-22
0.387211 	1.11294 	1.45057e-17 	1.27535 	0.221826 	-1.6856e-20
0.399105 	1.14713 	1.33456e-17 	1.23218 	0.203476 	3.3546e-21
0.417668 	1.20048 	1.32886e-17 	1.23474 	0.200824 	1.14689e-20
0.441038 	1.26765 	7.1878e-18 	1.23706 	0.19809 	-5.66824e-22
0.456096 	1.31093 	9.09465e-18 	1.23912 	0.19526 	-2.20459e-22
0.467564 	1.34389 	1.09968e-17 	1.22179 	0.182727 	2.71829e-22
0.486909 	1.3995 	1.21346e-17 	1.22481 	0.18181 	-1.14199e-20
0.509395 	1.46413 	9.93681e-18 	1.22774 	0.180872 	1.69994e-20
0.52549 	1.51039 	9.85218e-18 	1.23054 	0.179902 	-2.44981e-20
0.536502 	1.54204 	1.33501e-17 	1.20064 	0.158459 	-1.34024e-21
0.55344 	1.59072 	1.61148e-17 	1.2034 	0.15781 	-2.03323e-21
0.574989 	1.65266 	1.57345e-17 	1.20617 	0.157178 	2.7559e-21
0.595386 	1.71129 	9.55784e-18 	1.20893 	0.156561 	2.88607e-21
0.605918 	1.74156 	5.16797e-18 	1.18586 	0.13996 	-4.13366e-21
0.617116 	1.77374 	5.38691e-18 	1.18829 	0.139724 	-5.47927e-21
0.637688 	1.83287 	5.9718e-18 	1.19073 	0.139494 	-1.2823e-20
0.657929 	1.89105 	7.24641e-18 	1.19317 	0.139273 	6.86256e-21
0.675785 	1.94237 	7.73856e-18 	1.19555 	0.139044 	1.77766e-21
0.685654 	1.97074 	8.04765e-18 	1.17145 	0.121439 	1.29145e-21
0.697406 	2.00452 	6.78855e-18 	1.1738 	0.121488 	1.45591e-21
0.745403 	2.14247 	8.21931e-18 	1.18329 	0.115819 	0
0.841096 	2.41752 	3.83771e-18 	1.1592 	0.100972 	0
0.909284 	2.61351 	3.36507e-18 	1.13696 	0.0868004 	0
0.971025 	2.79096 	4.35241e-18 	1.14502 	0.079801 	0
1.08557 	3.12019 	3.12791e-18 	1.1235 	0.0684341 	0
