0.156259 	0.482084 	1.79657e-17 	0.00763689 	-0.00183169 	-7.02271e-20
0.15773 	0.48662 	1.65779e-17 	0.014621 	-0.0028967 	1.40773e-20
0.159269 	0.49137 	1.38023e-17 	0.0232179 	-0.00377092 	2.70045e-21
0.160881 	0.496344 	9.29204e-18 	0.0335529 	-0.00443932 	-4.24815e-20
0.162569 	0.501551 	3.74093e-18 	0.0457629 	-0.00486029 	3.85772e-21
0.164336 	0.507003 	-1.46324e-18 	0.05999 	-0.00498419 	3.48377e-20
0.166187 	0.512711 	-5.27964e-18 	0.0763783 	-0.00475843 	-2.51263e-20
0.168124 	0.518687 	-4.23966e-18 	0.095073 	-0.00412626 	-4.10615e-20
0.170152 	0.524945 	-5.46373e-20 	0.116219 	-0.00302618 	4.09039e-20
0.172276 	0.531497 	2.02703e-18 	0.139956 	-0.00139235 	1.30583e-19
0.174499 	0.538357 	3.26302e-18 	0.166419 	0.000844656 	-1.66229e-19
0.176827 	0.545539 	3.41481e-18 	0.195729 	0.00375687 	-6.26219e-20
0.179265 	0.553059 	5.69164e-18 	0.227992 	0.00741754 	5.69772e-20
0.181817 	0.560933 	7.72994e-18 	0.263291 	0.0118992 	5.69224e-20
0.184489 	0.569176 	6.53732e-18 	0.301674 	0.0172714 	-1.75828e-19
0.187286 	0.577808 	3.76176e-18 	0.343153 	0.0235974 	3.25586e-20
0.190216 	0.586845 	6.60944e-19 	0.387689 	0.0309305 	1.16056e-19
0.193283 	0.596307 	2.24388e-18 	0.435179 	0.03931 	-8.21473e-20
0.196494 	0.606214 	4.73755e-18 	0.485452 	0.0487559 	1.86336e-19
0.199856 	0.616586 	5.71333e-18 	0.53825 	0.0592635 	-9.35973e-20
0.203376 	0.627446 	9.35625e-18 	0.593226 	0.0707984 	8.95174e-20
0.207062 	0.638817 	8.77078e-18 	0.649931 	0.0832905 	-6.47163e-20
0.210921 	0.650723 	4.00741e-19 	0.707815 	0.0966302 	-7.88662e-20
0.214961 	0.663188 	-8.5114e-18 	0.766228 	0.110665 	1.1085e-19
0.219191 	0.676239 	-1.45179e-17 	0.824433 	0.1252 	-5.30276e-21
0.22362 	0.689904 	-1.72284e-17 	0.881622 	0.139998 	4.65713e-20
0.228258 	0.704211 	-1.57105e-17 	0.93695 	0.154788 	8.62101e-20
0.233113 	0.719191 	-1.4648e-17 	0.989567 	0.169273 	-2.04467e-19
0.238197 	0.734875 	-1.45612e-17 	1.03867 	0.183145 	7.76209e-21
0.24352 	0.751297 	-1.34441e-17 	1.08353 	0.196104 	-6.25979e-20
0.249093 	0.76849 	6.97102e-18 	1.12359 	0.20787 	3.96342e-21
0.254928 	0.786492 	8.46722e-18 	1.15843 	0.218212 	-4.68709e-20
0.261037 	0.80534 	7.66491e-18 	1.18787 	0.226955 	8.82917e-20
0.267434 	0.825075 	7.72996e-18 	1.21194 	0.233994 	-2.09546e-19
0.274131 	0.845737 	1.06139e-17 	1.23088 	0.239302 	8.99259e-20
0.281143 	0.86737 	1.31943e-17 	1.2451 	0.242926 	-6.41091e-20
0.288485 	0.890021 	1.59048e-17 	1.25517 	0.244972 	5.81206e-21
0.296172 	0.913737 	2.09789e-17 	1.26173 	0.245605 	6.48074e-21
0.30422 	0.938567 	2.72239e-17 	1.26545 	0.245304 	-5.8465e-20
0.308674 	0.952307 	3.22213e-17 	1.26566 	0.235608 	-4.06289e-21
0.321278 	0.991193 	3.51031e-17 	1.26889 	0.232242 	5.20495e-21
0.34569 	1.06651 	3.65626e-17 	1.27168 	0.228843 	-4.18575e-21
0.363206 	1.12055 	3.52779e-17 	1.27388 	0.225382 	-5.70668e-22
0.375223 	1.15762 	3.61824e-17 	1.22944 	0.206057 	-9.47146e-21
0.393751 	1.21479 	3.94688e-17 	1.23218 	0.203476 	3.3546e-21
0.417383 	1.28769 	4.10902e-17 	1.23474 	0.200824 	1.14689e-20
0.430732 	1.32888 	-8.14878e-19 	1.23706 	0.19809 	-5.66824e-22
0.442339 	1.36469 	1.60547e-18 	1.21869 	0.183633 	1.45915e-21
0.463807 	1.43092 	3.17103e-18 	1.22179 	0.182727 	2.71829e-22
0.486586 	1.5012 	-6.69709e-19 	1.22481 	0.18181 	-1.14199e-20
0.498813 	1.53892 	-3.19773e-18 	1.22774 	0.180872 	1.69994e-20
0.509979 	1.57337 	-3.70597e-18 	1.19787 	0.159124 	6.14285e-21
0.531249 	1.63899 	-5.28621e-18 	1.20064 	0.158459 	-1.34024e-21
0.553122 	1.70647 	-7.45519e-18 	1.2034 	0.15781 	-2.03323e-21
0.567438 	1.75064 	-7.42452e-18 	1.20617 	0.157178 	2.7559e-21
0.578142 	1.78366 	-7.98955e-18 	1.18343 	0.140202 	-3.59601e-22
0.595933 	1.83855 	-6.36723e-18 	1.18586 	0.13996 	-4.13366e-21
0.616864 	1.90312 	-7.31375e-19 	1.18829 	0.139724 	-5.47927e-21
0.636651 	1.96417 	3.49922e-19 	1.19073 	0.139494 	-1.2823e-20
0.646876 	1.99572 	-1.35936e-18 	1.16711 	0.121541 	-7.33951e-22
0.657763 	2.0293 	-1.32795e-18 	1.16931 	0.121491 	8.75575e-21
0.677728 	2.0909 	-3.89431e-19 	1.17145 	0.121439 	1.29145e-21
0.697368 	2.15149 	-3.54334e-18 	1.1738 	0.121488 	1.45591e-21
0.718615 	2.21704 	1.3856e-18 	1.18329 	0.115819 	0
0.783595 	2.41752 	-2.57859e-18 	1.1592 	0.100972 	0
0.878572 	2.71053 	-5.68511e-18 	1.13696 	0.0868004 	0
0.936092 	2.88799 	-3.79749e-18 	1.14502 	0.079801 	0
1.01398 	3.1283 	-1.92877e-18 	1.1235 	0.0684341 	0
