0.317367 	0.395072 	-7.35438e-18 	-0.00587527 	0.0047063 	1.18843e-19
0.320354 	0.39879 	-1.01299e-17 	-0.00933998 	0.00761361 	-3.94258e-20
0.323481 	0.402682 	-1.18647e-17 	-0.012426 	0.010357 	1.20075e-20
0.326755 	0.406758 	-1.08238e-17 	-0.0150807 	0.012924 	-1.03171e-19
0.330183 	0.411025 	-9.78299e-18 	-0.0172458 	0.0153056 	5.53411e-20
0.333772 	0.415493 	-8.39521e-18 	-0.0188588 	0.0174944 	7.45642e-20
0.33753 	0.420171 	-5.27271e-18 	-0.0198533 	0.0194848 	-6.02948e-21
0.341465 	0.425069 	-1.80326e-18 	-0.0201583 	0.0212732 	1.4283e-20
0.345584 	0.430197 	-7.62427e-19 	-0.0196982 	0.0228585 	-1.44571e-20
0.349897 	0.435566 	-2.1502e-18 	-0.0183925 	0.0242423 	-1.67758e-20
0.354413 	0.441188 	-4.23187e-18 	-0.0161556 	0.0254291 	3.64059e-20
0.359142 	0.447074 	-5.61965e-18 	-0.0128964 	0.0264269 	-3.90207e-20
0.364092 	0.453237 	-7.70132e-18 	-0.00851801 	0.0272474 	-5.22132e-20
0.369276 	0.459689 	-8.74215e-18 	-0.00291733 	0.027906 	-1.98716e-19
0.374703 	0.466445 	-6.66048e-18 	0.00401509 	0.0284227 	1.81197e-19
0.380385 	0.473518 	-2.84409e-18 	0.0123955 	0.0288218 	9.37428e-20
0.386334 	0.480924 	-4.15475e-19 	0.0223474 	0.0291328 	-3.04043e-19
0.392563 	0.488679 	9.72305e-19 	0.0340011 	0.0293902 	1.77365e-20
0.399085 	0.496797 	1.6662e-18 	0.0474944 	0.0296342 	1.38688e-19
0.405914 	0.505298 	2.36009e-18 	0.0629722 	0.0299107 	-1.05439e-19
0.413063 	0.514198 	8.74214e-18 	0.0805853 	0.0302715 	-2.29216e-20
0.420549 	0.523516 	7.4411e-18 	0.10049 	0.030775 	1.00272e-19
0.428387 	0.533273 	4.92575e-18 	0.122847 	0.0314857 	-1.32144e-19
0.436593 	0.543488 	5.0307e-18 	0.147816 	0.0324743 	-1.12775e-19
0.445185 	0.554184 	2.41994e-19 	0.175556 	0.0338179 	-1.64557e-19
0.454181 	0.565382 	-1.57947e-18 	0.206218 	0.0355993 	3.7829e-21
0.4636 	0.577107 	-3.92134e-18 	0.23994 	0.0379063 	1.93158e-19
0.473461 	0.589383 	-7.73774e-18 	0.276839 	0.0408306 	-5.01921e-20
0.483786 	0.602236 	-7.651e-18 	0.317004 	0.0444667 	1.65357e-19
0.494597 	0.615694 	-4.44176e-18 	0.360482 	0.0489087 	-4.62556e-20
0.505916 	0.629784 	-4.61524e-18 	0.407272 	0.0542479 	1.78085e-19
0.517767 	0.644537 	-7.56427e-18 	0.457313 	0.0605682 	-1.70557e-19
0.530175 	0.659983 	-8.3449e-18 	0.510477 	0.0679395 	-1.49435e-22
0.543167 	0.676156 	-7.82448e-18 	0.566565 	0.0764083 	3.66149e-19
0.556769 	0.693089 	-7.91122e-18 	0.625308 	0.0859803 	-7.27727e-20
0.571011 	0.710817 	-8.3449e-18 	0.686369 	0.0965825 	-4.94417e-19
0.585923 	0.72938 	-7.47754e-18 	0.749383 	0.108113 	2.63113e-19
0.601536 	0.748815 	-6.1765e-18 	0.814468 	0.121177 	3.70591e-19
0.617882 	0.769164 	-1.18143e-17 	0.874262 	0.130043 	-1.92469e-19
0.627776 	0.78148 	-1.65781e-17 	1.18306 	0.17279 	3.38091e-20
0.639345 	0.795881 	-1.65582e-17 	1.15522 	0.166759 	4.34383e-20
0.659211 	0.820612 	-1.6793e-17 	1.1221 	0.160984 	-4.72231e-21
0.678664 	0.844828 	-1.6491e-17 	1.08754 	0.15575 	1.49298e-21
0.697697 	0.86852 	-1.81186e-17 	1.03557 	0.151066 	1.91095e-20
0.723109 	0.900155 	6.98996e-18 	0.939851 	0.110485 	0
0.829594 	1.03271 	9.87597e-18 	1.20722 	0.154088 	0
0.921609 	1.14725 	1.14537e-17 	1.19146 	0.14211 	0
1.02212 	1.27238 	1.21245e-17 	1.25118 	0.141567 	0
1.13513 	1.41306 	1.30198e-17 	1.24342 	0.12791 	0
1.2416 	1.5456 	1.75301e-17 	1.24955 	0.109659 	0
1.36482 	1.69898 	2.25773e-17 	1.22714 	0.101899 	0
1.47935 	1.84155 	2.43121e-17 	1.23255 	0.0856953 	0
1.61189 	2.00654 	2.31009e-17 	1.20715 	0.078035 	0
1.73509 	2.15991 	2.31009e-17 	1.21219 	0.0630923 	0
1.87766 	2.33739 	2.2163e-17 	1.18711 	0.0582805 	0
2.01019 	2.50236 	2.16672e-17 	1.19015 	0.0455525 	0
