0.145916 	0.485295 	6.93889e-19 	0.00763689 	-0.00183169 	-7.02271e-20
0.147289 	0.489862 	4.51028e-18 	0.014621 	-0.0028967 	1.40773e-20
0.148727 	0.494644 	3.1225e-18 	0.0232179 	-0.00377092 	2.70045e-21
0.150232 	0.49965 	2.08167e-18 	0.0335529 	-0.00443932 	-4.24815e-20
0.151808 	0.504892 	3.46945e-19 	0.0457629 	-0.00486029 	3.85772e-21
0.153458 	0.51038 	-1.38778e-18 	0.05999 	-0.00498419 	3.48377e-20
0.155186 	0.516127 	-4.51028e-18 	0.0763783 	-0.00475843 	-2.51263e-20
0.156995 	0.522143 	4.34268e-19 	0.095073 	-0.00412626 	-4.10615e-20
0.158889 	0.528442 	-2.5962e-19 	0.116219 	-0.00302618 	4.09039e-20
0.160872 	0.535038 	-2.5962e-19 	0.139956 	-0.00139235 	1.30583e-19
0.162948 	0.541943 	-1.6474e-18 	0.166419 	0.000844656 	-1.66229e-19
0.165122 	0.549174 	-5.81073e-18 	0.195729 	0.00375687 	-6.26219e-20
0.167398 	0.556744 	-5.46379e-18 	0.227992 	0.00741754 	5.69772e-20
0.169782 	0.56467 	-2.34129e-18 	0.263291 	0.0118992 	5.69224e-20
0.172277 	0.572968 	4.59761e-18 	0.301674 	0.0172714 	-1.75828e-19
0.174889 	0.581657 	7.72011e-18 	0.343153 	0.0235974 	3.25586e-20
0.177625 	0.590754 	2.51594e-18 	0.387689 	0.0309305 	1.16056e-19
0.180489 	0.600279 	7.8122e-19 	0.435179 	0.03931 	-8.21473e-20
0.183487 	0.610252 	-3.03517e-18 	0.485452 	0.0487559 	1.86336e-19
0.186627 	0.620694 	-4.76989e-18 	0.53825 	0.0592635 	-9.35973e-20
0.189914 	0.631627 	-4.42295e-18 	0.593226 	0.0707984 	8.95174e-20
0.193356 	0.643073 	-6.85156e-18 	0.649931 	0.0832905 	-6.47163e-20
0.196959 	0.655058 	-5.81073e-18 	0.707815 	0.0966302 	-7.88662e-20
0.200732 	0.667606 	-6.85156e-18 	0.766228 	0.110665 	1.1085e-19
0.204682 	0.680744 	-1.06679e-17 	0.824433 	0.1252 	-5.30276e-21
0.208818 	0.6945 	-8.58628e-18 	0.881622 	0.139998 	4.65713e-20
0.213149 	0.708903 	-6.15767e-18 	0.93695 	0.154788 	8.62101e-20
0.217683 	0.723982 	-6.85156e-18 	0.989567 	0.169273 	-2.04467e-19
0.22243 	0.739771 	-5.11683e-18 	1.03867 	0.183145 	7.76209e-21
0.227401 	0.756302 	-3.59925e-18 	1.08353 	0.196104 	-6.25979e-20
0.232605 	0.77361 	4.59762e-18 	1.12359 	0.20787 	3.96342e-21
0.238053 	0.791732 	3.90373e-18 	1.15843 	0.218212 	-4.68709e-20
0.243758 	0.810705 	6.67929e-18 	1.18787 	0.226955 	8.82917e-20
0.249732 	0.830571 	9.10791e-18 	1.21194 	0.233994 	-2.09546e-19
0.255986 	0.851371 	1.11896e-17 	1.23088 	0.239302 	8.99259e-20
0.262534 	0.873149 	1.56999e-17 	1.2451 	0.242926 	-6.41091e-20
0.269389 	0.89595 	1.98632e-17 	1.25517 	0.244972 	5.81206e-21
0.276568 	0.919824 	1.95162e-17 	1.26173 	0.245605 	6.48074e-21
0.284083 	0.94482 	1.81285e-17 	1.26545 	0.245304 	-5.8465e-20
0.298362 	0.99231 	1.70319e-17 	1.26566 	0.235608 	-4.06289e-21
0.321051 	1.06777 	1.3277e-17 	1.26889 	0.232242 	5.20495e-21
0.338953 	1.12731 	1.10169e-17 	1.27168 	0.228843 	-4.18575e-21
0.351084 	1.16765 	8.08632e-18 	1.22654 	0.208579 	-1.94827e-21
0.369572 	1.22914 	7.68621e-18 	1.22944 	0.206057 	-9.47146e-21
0.393147 	1.30755 	1.24197e-17 	1.23218 	0.203476 	3.3546e-21
0.405019 	1.34703 	1.45684e-17 	1.21231 	0.185445 	-2.1489e-21
0.417058 	1.38707 	1.59545e-17 	1.21552 	0.184537 	-8.75522e-22
0.440394 	1.46469 	-1.59002e-19 	1.21869 	0.183633 	1.45915e-21
0.46019 	1.53053 	3.59685e-19 	1.22179 	0.182727 	2.71829e-22
0.471647 	1.56863 	1.32752e-19 	1.19237 	0.1605 	-1.65701e-20
0.486219 	1.61709 	3.50475e-18 	1.19512 	0.159804 	1.85079e-20
0.508696 	1.69185 	6.99926e-18 	1.19787 	0.159124 	6.14285e-21
0.527858 	1.75558 	5.70893e-18 	1.20064 	0.158459 	-1.34024e-21
0.538874 	1.79222 	3.67233e-18 	1.1786 	0.140708 	-3.01332e-21
0.55276 	1.8384 	3.86192e-18 	1.18101 	0.140452 	9.33071e-21
0.574339 	1.91017 	5.48155e-18 	1.18343 	0.140202 	-3.59601e-22
0.595611 	1.98092 	3.23255e-18 	1.18586 	0.13996 	-4.13366e-21
0.606737 	2.01792 	-4.0028e-19 	1.18829 	0.139724 	-5.47927e-21
0.617142 	2.05252 	-2.1453e-18 	1.16494 	0.121608 	1.11584e-20
0.637231 	2.11934 	-3.34633e-18 	1.16711 	0.121541 	-7.33951e-22
0.657574 	2.187 	-2.20922e-18 	1.16931 	0.121491 	8.75575e-21
0.675284 	2.2459 	-2.38707e-19 	1.17145 	0.121439 	1.29145e-21
0.685222 	2.27895 	-2.08877e-18 	1.14929 	0.105129 	9.02001e-21
0.697325 	2.3192 	-9.2714e-18 	1.1513 	0.105239 	-3.27969e-21
0.741798 	2.46711 	9.15912e-18 	1.1592 	0.100972 	0
0.829846 	2.75995 	4.92553e-18 	1.13696 	0.0868004 	0
0.901639 	2.99872 	2.52744e-18 	1.11668 	0.0738056 	0
0.959035 	3.18961 	5.35139e-18 	1.1235 	0.0684341 	0
