0.135508 	0.488287 	-1.04083e-18 	0.00994896 	-0.00222002 	-2.16388e-20
0.136783 	0.492882 	-3.1225e-18 	0.0185898 	-0.00346385 	2.59109e-20
0.138118 	0.497693 	-6.59195e-18 	0.0289437 	-0.0044485 	3.91406e-20
0.139516 	0.502731 	-6.93889e-18 	0.0411392 	-0.00515649 	4.91076e-20
0.14098 	0.508005 	-4.16334e-18 	0.0553156 	-0.00554145 	-4.49945e-20
0.142512 	0.513527 	-4.85723e-18 	0.0716163 	-0.00554874 	5.30894e-20
0.144117 	0.519308 	-1.83144e-18 	0.0901852 	-0.00512113 	3.64066e-20
0.145797 	0.525362 	-1.4845e-18 	0.111166 	-0.00419764 	4.89237e-21
0.147556 	0.5317 	-7.20909e-18 	0.134697 	-0.00271307 	2.27618e-20
0.149397 	0.538336 	-1.36276e-17 	0.160913 	-0.000598646 	-3.54204e-20
0.151325 	0.545284 	-1.7097e-17 	0.189935 	0.00221696 	7.29433e-20
0.153344 	0.552559 	-1.69235e-17 	0.221869 	0.00580624 	-9.58569e-20
0.155458 	0.560176 	-1.39745e-17 	0.2568 	0.0102411 	9.92317e-20
0.157671 	0.568151 	-1.25867e-17 	0.294779 	0.0155904 	5.59626e-20
0.159988 	0.576501 	-1.15459e-17 	0.335823 	0.0219173 	-2.18649e-20
0.162415 	0.585243 	-1.15459e-17 	0.379898 	0.0292751 	-9.70996e-20
0.164955 	0.594396 	-1.57092e-17 	0.426913 	0.0377036 	-5.60997e-20
0.167614 	0.60398 	-2.02195e-17 	0.476708 	0.047224 	1.16881e-20
0.170399 	0.614014 	-2.05665e-17 	0.529041 	0.0578336 	-1.5855e-19
0.173315 	0.624521 	-2.02195e-17 	0.583582 	0.0695006 	2.25588e-21
0.176367 	0.635521 	-2.16073e-17 	0.639906 	0.0821587 	1.14966e-19
0.179564 	0.647038 	-1.84848e-17 	0.697485 	0.0957024 	8.00753e-20
0.18291 	0.659096 	-1.76174e-17 	0.755695 	0.109984 	-2.60464e-20
0.186414 	0.671722 	-1.95256e-17 	0.813822 	0.124814 	7.45793e-21
0.190082 	0.684941 	-2.23012e-17 	0.871082 	0.139958 	-4.13043e-20
0.193923 	0.698782 	-2.50767e-17 	0.926645 	0.15515 	1.7213e-20
0.197945 	0.713273 	-2.35155e-17 	0.979671 	0.170092 	6.23178e-20
0.202156 	0.728446 	-2.40359e-17 	1.02935 	0.184477 	-8.80699e-20
0.206564 	0.744332 	-2.47298e-17 	1.07496 	0.197998 	-6.36407e-20
0.21118 	0.760964 	-2.69366e-17 	1.11589 	0.210368 	-9.40783e-21
0.216013 	0.778379 	-1.18928e-17 	1.1517 	0.221341 	7.13562e-20
0.221073 	0.796613 	-1.24133e-17 	1.18217 	0.230727 	-3.60899e-20
0.226371 	0.815703 	-1.22398e-17 	1.20726 	0.238404 	1.47097e-20
0.231918 	0.835692 	-5.64785e-18 	1.22716 	0.244326 	1.00111e-19
0.237726 	0.85662 	-3.56618e-18 	1.24226 	0.248523 	6.55948e-20
0.243807 	0.878532 	-4.95396e-18 	1.25307 	0.25109 	-2.63279e-20
0.250174 	0.901474 	-5.64785e-18 	1.26023 	0.252174 	2.54112e-20
0.25684 	0.925495 	-2.1784e-18 	1.26441 	0.251966 	1.0506e-19
0.26382 	0.950645 	2.67882e-18 	1.26626 	0.250906 	6.63324e-20
0.275615 	0.993148 	1.24744e-18 	1.26207 	0.23896 	-9.33385e-21
0.296196 	1.06731 	5.66825e-19 	1.26566 	0.235608 	-4.06289e-21
0.314467 	1.13315 	8.12226e-19 	1.26889 	0.232242 	5.20495e-21
0.326705 	1.17725 	-4.04295e-19 	1.2235 	0.21105 	-3.62798e-22
0.345144 	1.24369 	-1.29072e-18 	1.22654 	0.208579 	-1.94827e-21
0.366977 	1.32236 	-1.60036e-18 	1.22944 	0.206057 	-9.47146e-21
0.378967 	1.36557 	1.10201e-18 	1.20906 	0.186362 	5.96092e-21
0.393099 	1.41649 	4.53093e-18 	1.21231 	0.185445 	-2.1489e-21
0.416684 	1.50148 	1.34725e-18 	1.21552 	0.184537 	-8.75522e-22
0.432451 	1.55829 	4.2154e-18 	1.21869 	0.183633 	1.45915e-21
0.44404 	1.60005 	7.65018e-18 	1.18964 	0.161209 	-1.31844e-20
0.463038 	1.66851 	8.86762e-18 	1.19237 	0.1605 	-1.65701e-20
0.485795 	1.75051 	1.25937e-17 	1.19512 	0.159804 	1.85079e-20
0.498555 	1.79649 	1.5496e-17 	1.19787 	0.159124 	6.14285e-21
0.50972 	1.83672 	1.7044e-17 	1.1762 	0.140972 	-5.73463e-21
0.530451 	1.91142 	1.72409e-17 	1.1786 	0.140708 	-3.01332e-21
0.552343 	1.99031 	1.64102e-17 	1.18101 	0.140452 	9.33071e-21
0.565322 	2.03707 	1.78559e-17 	1.18343 	0.140202 	-3.59601e-22
0.576046 	2.07572 	1.70598e-17 	1.16064 	0.121784 	-1.87579e-21
0.595241 	2.14489 	1.65691e-17 	1.16278 	0.121689 	4.74763e-21
0.616244 	2.22057 	1.68244e-17 	1.16494 	0.121608 	1.11584e-20
0.632835 	2.28035 	1.7241e-17 	1.16711 	0.121541 	-7.33951e-22
0.643113 	2.31739 	1.87106e-17 	1.14561 	0.105079 	2.89512e-21
0.657356 	2.36871 	1.99223e-17 	1.14748 	0.105105 	-9.4213e-21
0.677465 	2.44117 	2.26205e-17 	1.14929 	0.105129 	9.02001e-21
0.697276 	2.51256 	2.6613e-17 	1.1513 	0.105239 	-3.27969e-21
0.711895 	2.56523 	-1.30505e-18 	1.1592 	0.100972 	0
0.76593 	2.75995 	2.84546e-19 	1.13696 	0.0868004 	0
0.867627 	3.1264 	3.60737e-19 	1.11668 	0.0738056 	0
0.920602 	3.31729 	-3.39531e-19 	1.1235 	0.0684341 	0
