0.125041 	0.491067 	1.70014e-17 	0.0124845 	-0.00253788 	-4.14493e-21
0.126218 	0.495688 	1.35102e-17 	0.0229255 	-0.00390615 	2.85044e-20
0.12745 	0.500527 	1.14069e-17 	0.0351757 	-0.00494094 	-3.44804e-20
0.12874 	0.505593 	9.49868e-18 	0.0493657 	-0.00562244 	3.89466e-20
0.130091 	0.510897 	5.37871e-18 	0.0656361 	-0.00589976 	3.7596e-20
0.131505 	0.516451 	-2.14779e-18 	0.0841302 	-0.00571352 	1.62561e-19
0.132985 	0.522265 	4.44416e-18 	0.10499 	-0.00500231 	-5.33044e-20
0.134535 	0.528353 	7.56666e-18 	0.128354 	-0.00370157 	-9.26894e-20
0.136159 	0.534727 	4.44416e-18 	0.154355 	-0.00174325 	1.14098e-19
0.137858 	0.541401 	3.75027e-18 	0.183115 	0.000943266 	-1.58184e-20
0.139637 	0.548389 	5.485e-18 	0.214741 	0.00442975 	1.1816e-20
0.1415 	0.555705 	7.91361e-18 	0.249318 	0.0087874 	-5.21344e-21
0.143451 	0.563365 	9.64833e-18 	0.286903 	0.0140846 	-5.66544e-20
0.145493 	0.571386 	8.95445e-18 	0.327518 	0.0203841 	6.31244e-20
0.147631 	0.579783 	8.26056e-18 	0.371135 	0.0277393 	1.05316e-20
0.14987 	0.588575 	1.20769e-17 	0.417674 	0.0361908 	-3.01302e-20
0.152214 	0.597781 	2.07506e-17 	0.466988 	0.0457609 	-3.20444e-20
0.154668 	0.607419 	2.52608e-17 	0.51885 	0.056449 	-1.9242e-20
0.157238 	0.61751 	2.4567e-17 	0.572952 	0.0682262 	7.80779e-20
0.159928 	0.628076 	2.422e-17 	0.628889 	0.0810298 	3.26808e-20
0.162745 	0.639139 	2.21383e-17 	0.686159 	0.0947591 	1.02257e-19
0.165694 	0.650722 	2.31792e-17 	0.744164 	0.109272 	-9.34089e-21
0.168782 	0.662849 	2.73425e-17 	0.802217 	0.124382 	4.79536e-21
0.172015 	0.675546 	2.76895e-17 	0.859557 	0.139863 	-1.089e-19
0.175401 	0.688841 	2.52609e-17 	0.915371 	0.155449 	8.82014e-20
0.178945 	0.70276 	2.24853e-17 	0.968831 	0.170848 	7.47476e-21
0.182656 	0.717334 	2.35261e-17 	1.01913 	0.185748 	-9.55999e-20
0.186541 	0.732593 	2.73425e-17 	1.06552 	0.199839 	2.0088e-20
0.190609 	0.748569 	2.56078e-17 	1.10739 	0.212824 	1.31155e-20
0.194869 	0.765297 	1.90386e-17 	1.14425 	0.224446 	4.57272e-20
0.199328 	0.782811 	-3.18861e-18 	1.17582 	0.234497 	-7.20922e-20
0.203998 	0.801148 	-8.39278e-18 	1.20204 	0.242837 	-9.8054e-21
0.208886 	0.820348 	-1.35969e-17 	1.22302 	0.249401 	-1.34645e-19
0.214005 	0.84045 	-1.74133e-17 	1.23909 	0.254198 	8.30034e-21
0.219364 	0.861497 	-1.67194e-17 	1.25075 	0.257308 	7.21608e-20
0.224976 	0.883534 	-1.49847e-17 	1.2586 	0.25887 	5.67724e-20
0.230851 	0.906607 	-1.18622e-17 	1.26329 	0.25906 	-2.34403e-19
0.237002 	0.930764 	-1.325e-17 	1.2655 	0.258084 	3.63863e-20
0.243442 	0.956057 	-1.91481e-17 	1.26585 	0.256352 	6.09528e-20
0.252714 	0.992469 	-2.3637e-17 	1.25819 	0.242312 	6.22273e-21
0.271141 	1.06484 	-2.53354e-17 	1.26207 	0.23896 	-9.33385e-21
0.289765 	1.13798 	-2.49768e-17 	1.26566 	0.235608 	-4.06289e-21
0.302103 	1.18643 	-2.6043e-17 	1.22034 	0.213479 	6.92527e-21
0.320486 	1.25863 	-2.85764e-17 	1.2235 	0.21105 	-3.62798e-22
0.340512 	1.33727 	-2.92481e-17 	1.22654 	0.208579 	-1.94827e-21
0.35261 	1.38479 	-2.89311e-17 	1.20579 	0.187292 	2.64914e-22
0.368875 	1.44866 	-2.86978e-17 	1.20906 	0.186362 	5.96092e-21
0.392464 	1.5413 	-2.82162e-17 	1.21231 	0.185445 	-2.1489e-21
0.404308 	1.58782 	-2.78155e-17 	1.18422 	0.162665 	3.30031e-21
0.416249 	1.63471 	-2.74182e-17 	1.18693 	0.161932 	-4.42425e-21
0.439539 	1.72618 	4.1415e-18 	1.18964 	0.161209 	-1.31844e-20
0.457252 	1.79574 	1.15238e-19 	1.19237 	0.1605 	-1.65701e-20
0.468693 	1.84067 	-1.84986e-18 	1.17141 	0.141524 	-1.34372e-21
0.485302 	1.9059 	1.02176e-18 	1.1738 	0.141244 	5.98106e-21
0.507769 	1.99413 	2.6406e-19 	1.1762 	0.140972 	-5.73463e-21
0.522727 	2.05288 	-1.61107e-18 	1.1786 	0.140708 	-3.01332e-21
0.533749 	2.09616 	-3.91072e-18 	1.1564 	0.122015 	9.92829e-21
0.551857 	2.16728 	-6.13011e-18 	1.15851 	0.121893 	-6.1389e-22
0.573476 	2.25218 	-5.53576e-18 	1.16064 	0.121784 	-1.87579e-21
0.588962 	2.313 	-6.01946e-18 	1.16278 	0.121689 	4.74763e-21
0.599558 	2.35461 	-8.41994e-18 	1.14195 	0.105064 	2.07157e-21
0.615858 	2.41863 	-9.20546e-18 	1.14377 	0.105066 	-5.676e-21
0.636622 	2.50017 	-1.13293e-17 	1.14561 	0.105079 	2.89512e-21
0.656094 	2.57664 	-1.33474e-17 	1.14748 	0.105105 	-9.4213e-21
0.666263 	2.61658 	-1.27138e-17 	1.12718 	0.0898163 	3.4025e-21
0.677301 	2.65993 	-1.09254e-17 	1.1287 	0.0898729 	-1.4977e-21
0.697218 	2.73815 	-8.96693e-18 	1.1304 	0.0899991 	4.31625e-21
0.727531 	2.85719 	1.2374e-17 	1.13696 	0.0868004 	0
0.796562 	3.1283 	1.0836e-17 	1.11668 	0.0738056 	0
