0.11452 	0.493634 	2.48402e-18 	0.0152444 	-0.00276948 	-2.61099e-20
0.115598 	0.49828 	2.83096e-18 	0.027628 	-0.00419783 	1.09033e-19
0.116726 	0.503144 	4.73916e-18 	0.0419109 	-0.00521295 	-7.76184e-20
0.117908 	0.508236 	5.25958e-18 	0.0582249 	-0.00579297 	-5.91371e-20
0.119145 	0.513568 	2.13707e-18 	0.0767107 	-0.00588275 	2.86705e-20
0.12044 	0.51915 	1.18066e-19 	0.0975095 	-0.0054186 	-5.08319e-21
0.121796 	0.524995 	2.19973e-18 	0.120759 	-0.00433557 	-5.81331e-20
0.123215 	0.531115 	-1.09624e-18 	0.146592 	-0.00256631 	2.21738e-20
0.124702 	0.537523 	-2.65749e-18 	0.17513 	-4.10089e-05 	-6.6759e-20
0.126258 	0.544232 	1.1589e-18 	0.206481 	0.00331142 	8.56203e-20
0.127888 	0.551256 	3.76098e-18 	0.240733 	0.00756153 	-5.6542e-20
0.129594 	0.55861 	6.53654e-18 	0.277947 	0.0127772 	-3.74396e-21
0.13138 	0.56631 	1.34754e-17 	0.318149 	0.0190208 	1.69851e-20
0.133251 	0.574373 	1.55571e-17 	0.361321 	0.0263461 	-1.67547e-20
0.135209 	0.582814 	1.34754e-17 	0.407393 	0.0347941 	5.7942e-20
0.13726 	0.591652 	1.22611e-17 	0.45623 	0.0443886 	-3.69786e-20
0.139406 	0.600906 	1.17407e-17 	0.507625 	0.055131 	6.23746e-20
0.141654 	0.610594 	1.46897e-17 	0.561288 	0.0669955 	-1.32123e-20
0.144007 	0.620739 	1.88531e-17 	0.616837 	0.0799234 	4.91475e-20
0.146471 	0.63136 	1.9547e-17 	0.673797 	0.0938188 	-7.4717e-20
0.149051 	0.64248 	1.93735e-17 	0.731597 	0.108545 	-3.3587e-20
0.151753 	0.654123 	1.88531e-17 	0.789577 	0.123921 	2.8336e-20
0.154581 	0.666314 	1.69449e-17 	0.847001 	0.139726 	-8.36604e-20
0.157542 	0.679078 	1.85061e-17 	0.903078 	0.155699 	5.51444e-20
0.160642 	0.692442 	2.45777e-17 	0.95699 	0.17155 	4.92175e-20
0.163888 	0.706434 	2.5792e-17 	1.00793 	0.186966 	5.99238e-20
0.167287 	0.721084 	2.56185e-17 	1.05516 	0.201632 	-9.71453e-20
0.170845 	0.736423 	2.89145e-17 	1.09801 	0.215245 	-2.54856e-21
0.174571 	0.752483 	2.96084e-17 	1.13599 	0.227533 	5.33699e-20
0.178472 	0.769298 	3.36536e-17 	1.16875 	0.238271 	2.43924e-20
0.182557 	0.786903 	-1.96361e-18 	1.19618 	0.247301 	1.13569e-19
0.186833 	0.805336 	1.67931e-18 	1.21834 	0.254536 	6.57983e-20
0.19131 	0.824636 	3.93445e-18 	1.23551 	0.259964 	-2.5549e-21
0.195998 	0.844843 	1.33236e-18 	1.24812 	0.263649 	4.06639e-20
0.200907 	0.866001 	-1.61667e-18 	1.25676 	0.265715 	1.55124e-20
0.206046 	0.888153 	-7.49305e-19 	1.26205 	0.266333 	1.41862e-21
0.211427 	0.911346 	2.02625e-18 	1.26468 	0.265698 	8.22866e-20
0.21706 	0.93563 	2.89361e-18 	1.26529 	0.264026 	-4.40055e-20
0.222959 	0.961055 	4.65e-19 	1.26445 	0.261702 	-4.5171e-20
0.229671 	0.989988 	-1.10373e-18 	1.25409 	0.245671 	-7.10486e-22
0.245903 	1.05996 	-3.71653e-18 	1.25819 	0.242312 	6.22273e-21
0.264864 	1.14169 	-1.85988e-18 	1.26207 	0.23896 	-9.33385e-21
0.277293 	1.19526 	4.15961e-18 	1.21707 	0.215871 	2.49672e-22
0.295613 	1.27423 	3.28246e-18 	1.22034 	0.213479 	6.92527e-21
0.31377 	1.35249 	2.27489e-18 	1.2235 	0.21105 	-3.62798e-22
0.325968 	1.40507 	7.13575e-18 	1.20249 	0.188236 	-9.63334e-21
0.344403 	1.48453 	1.07987e-17 	1.20579 	0.187292 	2.64914e-22
0.36381 	1.56819 	1.02844e-17 	1.20906 	0.186362 	5.96092e-21
0.375763 	1.61971 	7.34466e-18 	1.18153 	0.163408 	-7.99883e-22
0.392212 	1.69061 	2.09199e-18 	1.18422 	0.162665 	3.30031e-21
0.415065 	1.78912 	-1.08933e-18 	1.18693 	0.161932 	-4.42425e-21
0.426762 	1.83954 	-7.25362e-19 	1.16666 	0.14211 	-2.49631e-21
0.438996 	1.89227 	1.23623e-17 	1.16903 	0.141813 	-3.62146e-21
0.461992 	1.9914 	1.33357e-17 	1.17141 	0.141524 	-1.34372e-21
0.479043 	2.0649 	1.37977e-17 	1.1738 	0.141244 	5.98106e-21
0.490341 	2.11359 	1.63832e-17 	1.15224 	0.122299 	1.50379e-21
0.507179 	2.18618 	1.94324e-17 	1.15431 	0.122151 	-7.20356e-21
0.529367 	2.28182 	2.471e-17 	1.1564 	0.122015 	9.92829e-21
0.543771 	2.3439 	2.9037e-17 	1.15851 	0.121893 	-6.1389e-22
0.554661 	2.39084 	3.232e-17 	1.13835 	0.105092 	-6.88679e-21
0.572927 	2.46958 	3.59385e-17 	1.14014 	0.105073 	1.90001e-22
0.594299 	2.5617 	3.58132e-17 	1.14195 	0.105064 	2.07157e-21
0.609367 	2.62665 	3.48115e-17 	1.14377 	0.105066 	-5.676e-21
0.619851 	2.67184 	3.38188e-17 	1.12407 	0.0897154 	-1.99816e-21
0.636235 	2.74247 	3.20966e-17 	1.12561 	0.0897599 	3.64609e-21
0.656803 	2.83112 	2.63161e-17 	1.12718 	0.0898163 	3.4025e-21
0.676019 	2.91395 	1.94338e-17 	1.1287 	0.0898729 	-1.4977e-21
0.686105 	2.95743 	1.88178e-17 	1.10991 	0.0760837 	-2.43961e-21
0.69715 	3.00503 	1.91099e-17 	1.11131 	0.0762001 	-6.31009e-22
0.738569 	3.18357 	4.5021e-18 	1.11668 	0.0738056 	0
