0.103949 	0.495987 	-2.7307e-18 	0.0182272 	-0.00289849 	1.38022e-20
0.104928 	0.500655 	-3.42459e-18 	0.0326926 	-0.00431239 	-3.33144e-20
0.105952 	0.505542 	-7.24098e-18 	0.0491399 	-0.00522852 	-1.71991e-20
0.107024 	0.510659 	-8.28181e-18 	0.0677012 	-0.00562326 	5.49877e-20
0.108147 	0.516016 	5.41952e-18 	0.0885154 	-0.00543763 	2.88508e-20
0.109322 	0.521625 	5.07257e-18 	0.11172 	-0.00460426 	2.44864e-20
0.110553 	0.527498 	7.41445e-18 	0.137446 	-0.0030554 	3.32814e-20
0.111842 	0.533647 	1.26186e-17 	0.165817 	-0.000721977 	-9.62892e-20
0.113191 	0.540085 	1.81697e-17 	0.196942 	0.00246634 	8.1969e-20
0.114604 	0.546826 	2.16392e-17 	0.230911 	0.00657951 	-2.33658e-20
0.116083 	0.553884 	2.12055e-17 	0.26779 	0.0116849 	3.24554e-20
0.117632 	0.561273 	1.8083e-17 	0.307609 	0.0178448 	1.1018e-20
0.119253 	0.56901 	1.65218e-17 	0.35036 	0.0251131 	3.64176e-20
0.120951 	0.577111 	1.76493e-17 	0.395983 	0.0335314 	1.51253e-22
0.122729 	0.585592 	1.73891e-17 	0.444358 	0.0431249 	-4.61852e-20
0.12459 	0.594472 	1.41799e-17 	0.495295 	0.0538974 	6.38045e-21
0.126538 	0.60377 	1.60881e-17 	0.548525 	0.0658261 	7.10829e-21
0.128579 	0.613505 	1.99045e-17 	0.603691 	0.0788565 	-3.29114e-20
0.130715 	0.623698 	2.12055e-17 	0.660343 	0.0928976 	-5.58653e-20
0.132951 	0.634369 	1.92106e-17 	0.717939 	0.107818 	-1.50833e-20
0.135293 	0.645543 	1.70422e-17 	0.775848 	0.123444 	5.49873e-20
0.137745 	0.657242 	1.49605e-17 	0.833361 	0.13956 	-1.62434e-20
0.140312 	0.66949 	1.82565e-17 	0.889707 	0.15591 	-2.46741e-20
0.143 	0.682315 	2.02514e-17 	0.944085 	0.172206 	4.91742e-21
0.145814 	0.695743 	1.79095e-17 	0.995696 	0.188136 	1.58385e-19
0.148761 	0.709802 	2.00779e-17 	1.04378 	0.203382 	-1.75109e-19
0.151846 	0.724521 	2.50219e-17 	1.08767 	0.217632 	1.41567e-19
0.155076 	0.739933 	2.70168e-17 	1.12682 	0.230602 	3.92725e-20
0.158457 	0.75607 	2.5327e-17 	1.16086 	0.24205 	-1.00061e-19
0.161998 	0.772965 	-4.29492e-18 	1.18959 	0.251797 	-2.90524e-20
0.165706 	0.790654 	-1.25349e-17 	1.21303 	0.259734 	-3.52296e-20
0.169587 	0.809176 	-1.68717e-17 	1.23141 	0.26583 	8.15521e-20
0.173651 	0.828567 	-2.06881e-17 	1.2451 	0.270125 	8.34164e-22
0.177907 	0.848871 	-2.42442e-17 	1.25464 	0.27273 	-3.72931e-20
0.182362 	0.870129 	-2.44177e-17 	1.26064 	0.273804 	-8.1866e-20
0.187027 	0.892387 	-2.31167e-17 	1.26378 	0.273543 	3.2349e-20
0.191911 	0.91569 	-2.27697e-17 	1.2647 	0.272152 	-4.03651e-20
0.197024 	0.94009 	-2.34636e-17 	1.26402 	0.269849 	3.08623e-21
0.202378 	0.965637 	-2.24228e-17 	1.26226 	0.267002 	2.96559e-20
0.2065 	0.9853 	-1.9359e-17 	1.24978 	0.249039 	-1.08585e-20
0.220499 	1.0521 	-2.06221e-17 	1.25409 	0.245671 	-7.10486e-22
0.239781 	1.1441 	-2.21022e-17 	1.25819 	0.242312 	6.22273e-21
0.252293 	1.2038 	-2.23589e-17 	1.21371 	0.218231 	-5.65703e-21
0.270542 	1.29087 	-2.55865e-17 	1.21707 	0.215871 	2.49672e-22
0.286774 	1.36833 	-2.65581e-17 	1.22034 	0.213479 	6.92527e-21
0.299064 	1.42697 	-2.56098e-17 	1.19917 	0.189198 	8.07235e-21
0.319696 	1.52541 	-2.6044e-17 	1.20249 	0.188236 	-9.63334e-21
0.334817 	1.59756 	-2.68797e-17 	1.20579 	0.187292 	2.64914e-22
0.346869 	1.65506 	-3.07172e-17 	1.17885 	0.16416 	6.49948e-21
0.367903 	1.75543 	-3.50054e-17 	1.18153 	0.163408 	-7.99883e-22
0.383981 	1.83214 	-3.66005e-17 	1.18422 	0.162665 	3.30031e-21
0.395785 	1.88847 	-3.59162e-17 	1.1643 	0.142416 	7.59525e-21
0.415118 	1.98071 	-2.99641e-17 	1.16666 	0.14211 	-2.49631e-21
0.434364 	2.07254 	2.25777e-18 	1.16903 	0.141813 	-3.62146e-21
0.445913 	2.12765 	-1.71915e-17 	1.14815 	0.122631 	-2.2185e-21
0.461313 	2.20113 	1.0972e-18 	1.15019 	0.122459 	5.60393e-21
0.484022 	2.30948 	3.17414e-18 	1.15224 	0.122299 	1.50379e-21
0.497369 	2.37317 	3.31341e-18 	1.15431 	0.122151 	-7.20356e-21
0.508529 	2.42641 	4.31763e-18 	1.13482 	0.10516 	-1.45466e-21
0.528663 	2.52248 	6.18052e-18 	1.13658 	0.105121 	4.26576e-21
0.550288 	2.62567 	4.38262e-18 	1.13835 	0.105092 	-6.88679e-21
0.561189 	2.67768 	4.47979e-18 	1.11952 	0.0896393 	4.98049e-21
0.572268 	2.73055 	2.17121e-18 	1.12102 	0.0896552 	-7.16383e-21
0.593687 	2.83274 	-2.18424e-18 	1.12254 	0.0896805 	2.9325e-21
0.614853 	2.93374 	-8.9009e-19 	1.12407 	0.0897154 	-1.99816e-21
0.625996 	2.9869 	-7.50697e-19 	1.12561 	0.0897599 	3.64609e-21
0.636392 	3.03651 	3.42404e-18 	1.10735 	0.0759581 	4.81449e-21
0.656442 	3.13217 	8.65896e-18 	1.10864 	0.0760203 	4.16103e-22
0.676873 	3.22966 	7.4308e-18 	1.10991 	0.0760837 	-2.43961e-21
0.692023 	3.30195 	7.13883e-18 	1.11131 	0.0762001 	-6.31009e-22
0.702062 	3.34985 	9.18508e-18 	1.09397 	0.0638569 	1.31056e-21
