0.0933274 	0.4981 	-6.245e-18 	0.0182272 	-0.00289849 	1.38022e-20
0.0942057 	0.502788 	-5.89806e-18 	0.0326926 	-0.00431239 	-3.33144e-20
0.0951252 	0.507696 	-2.77556e-18 	0.0491399 	-0.00522852 	-1.71991e-20
0.096088 	0.512834 	-2.77556e-18 	0.0677012 	-0.00562326 	5.49877e-20
0.0970961 	0.518214 	-4.9964e-18 	0.0885154 	-0.00543763 	2.88508e-20
0.0981515 	0.523847 	-1.02006e-17 	0.11172 	-0.00460426 	2.44864e-20
0.0992566 	0.529745 	-1.12414e-17 	0.137446 	-0.0030554 	3.32814e-20
0.100414 	0.53592 	-1.12414e-17 	0.165817 	-0.000721977 	-9.62892e-20
0.101625 	0.542386 	-1.57517e-17 	0.196942 	0.00246634 	8.1969e-20
0.102893 	0.549155 	-1.54047e-17 	0.230911 	0.00657951 	-2.33658e-20
0.104221 	0.556243 	-1.47109e-17 	0.26779 	0.0116849 	3.24554e-20
0.105612 	0.563664 	-1.81803e-17 	0.307609 	0.0178448 	1.1018e-20
0.107068 	0.571434 	-2.44253e-17 	0.35036 	0.0251131 	3.64176e-20
0.108592 	0.579569 	-2.78948e-17 	0.395983 	0.0335314 	1.51253e-22
0.110188 	0.588087 	-2.47723e-17 	0.444358 	0.0431249 	-4.61852e-20
0.111859 	0.597005 	-2.06089e-17 	0.495295 	0.0538974 	6.38045e-21
0.113608 	0.606342 	-2.09559e-17 	0.548525 	0.0658261 	7.10829e-21
0.11544 	0.616119 	-2.0262e-17 	0.603691 	0.0788565 	-3.29114e-20
0.117358 	0.626355 	-1.57517e-17 	0.660343 	0.0928976 	-5.58653e-20
0.119366 	0.637072 	-1.12414e-17 	0.717939 	0.107818 	-1.50833e-20
0.121468 	0.648293 	-6.03725e-18 	0.775848 	0.123444 	5.49873e-20
0.12367 	0.660041 	-4.64947e-18 	0.833361 	0.13956 	-1.62434e-20
0.125974 	0.672342 	-5.34336e-18 	0.889707 	0.15591 	-2.46741e-20
0.128388 	0.685222 	-7.42503e-18 	0.944085 	0.172206 	4.91742e-21
0.130914 	0.698706 	-7.42503e-18 	0.995696 	0.188136 	1.58385e-19
0.13356 	0.712825 	-8.11892e-18 	1.04378 	0.203382 	-1.75109e-19
0.136329 	0.727608 	-1.29761e-17 	1.08767 	0.217632 	1.41567e-19
0.139229 	0.743085 	-1.43639e-17 	1.12682 	0.230602 	3.92725e-20
0.142266 	0.759291 	-1.75903e-17 	1.16086 	0.24205 	-1.00061e-19
0.145445 	0.776258 	2.98331e-18 	1.18959 	0.251797 	-2.90524e-20
0.148773 	0.794022 	6.45275e-18 	1.21303 	0.259734 	-3.52296e-20
0.152258 	0.812622 	3.33025e-18 	1.23141 	0.26583 	8.15521e-20
0.155907 	0.832097 	-1.39198e-19 	1.2451 	0.270125 	8.34164e-22
0.159727 	0.852487 	-3.2617e-18 	1.25464 	0.27273 	-3.72931e-20
0.163727 	0.873836 	-3.2617e-18 	1.26064 	0.273804 	-8.1866e-20
0.167916 	0.896188 	2.63636e-18 	1.26378 	0.273543 	3.2349e-20
0.172301 	0.919591 	6.79969e-18 	1.2647 	0.272152 	-4.03651e-20
0.176892 	0.944095 	8.88136e-18 	1.26402 	0.269849 	3.08623e-21
0.181699 	0.96975 	1.30447e-17 	1.26226 	0.267002 	2.96559e-20
0.195895 	1.04552 	1.09406e-17 	1.24978 	0.249039 	-1.08585e-20
0.214532 	1.14499 	8.75502e-18 	1.25409 	0.245671 	-7.10486e-22
0.22712 	1.21217 	8.0273e-18 	1.21025 	0.220565 	-5.46267e-21
0.245289 	1.30914 	3.64112e-18 	1.21371 	0.218231 	-5.65703e-21
0.259545 	1.38523 	2.35379e-18 	1.21707 	0.215871 	2.49672e-22
0.271916 	1.45126 	3.26492e-18 	1.19584 	0.190177 	-2.48812e-22
0.293245 	1.56509 	3.46384e-18 	1.19917 	0.189198 	8.07235e-21
0.305502 	1.63051 	3.90878e-18 	1.17352 	0.165684 	2.78762e-21
0.319169 	1.70345 	5.59386e-18 	1.17618 	0.164919 	9.01727e-22
0.340454 	1.81705 	1.10526e-17 	1.17885 	0.16416 	6.49948e-21
0.352476 	1.88121 	1.29132e-17 	1.15961 	0.143057 	-7.86856e-22
0.367253 	1.96008 	8.77803e-18 	1.16195 	0.142732 	-9.49019e-21
0.388782 	2.07499 	1.04366e-17 	1.1643 	0.142416 	7.59525e-21
0.40056 	2.13784 	1.2517e-17 	1.14414 	0.123009 	-4.78091e-21
0.414363 	2.21152 	1.07221e-17 	1.14614 	0.122815 	6.90396e-21
0.437547 	2.33525 	1.1042e-17 	1.14815 	0.122631 	-2.2185e-21
0.449861 	2.40097 	-4.00557e-19 	1.15019 	0.122459 	5.60393e-21
0.461266 	2.46184 	-3.38553e-18 	1.13135 	0.105266 	-3.87416e-21
0.483168 	2.57874 	-6.28479e-18 	1.13308 	0.105208 	3.38499e-21
0.500501 	2.67124 	-7.85199e-18 	1.13482 	0.10516 	-1.45466e-21
0.511659 	2.73079 	-9.99891e-18 	1.11657 	0.089635 	-1.76968e-21
0.527801 	2.81695 	-6.92956e-18 	1.11804 	0.0896327 	-2.65568e-21
0.549751 	2.9341 	-7.20442e-18 	1.11952 	0.0896393 	4.98049e-21
0.563561 	3.00781 	-1.20341e-17 	1.12102 	0.0896552 	-7.16383e-21
0.574357 	3.06543 	-1.11339e-17 	1.10357 	0.075822 	1.62032e-21
0.592938 	3.16459 	-7.70382e-18 	1.10482 	0.0758597 	-2.1762e-21
0.614182 	3.27798 	-6.18111e-18 	1.10608 	0.0759051 	-1.99918e-21
0.627721 	3.35024 	-4.95035e-18 	1.10735 	0.0759581 	4.81449e-21
