0.0826584 	0.49996 	1.04083e-18 	0.0214282 	-0.00290823 	-1.65925e-20
0.0834363 	0.504665 	3.46945e-19 	0.0381099 	-0.00422299 	2.44272e-20
0.0842507 	0.509591 	1.38778e-18 	0.0568469 	-0.00495145 	-2.10629e-20
0.0851034 	0.514749 	-3.46945e-19 	0.0777705 	-0.00506865 	5.67836e-20
0.0859963 	0.520149 	-4.66005e-18 	0.101016 	-0.00451231 	3.01029e-20
0.086931 	0.525803 	-4.66005e-18 	0.126715 	-0.00321214 	-4.57818e-20
0.0879098 	0.531723 	-2.75186e-18 	0.15499 	-0.00109857 	1.14077e-19
0.0889345 	0.537921 	-1.36408e-18 	0.185953 	0.00189803 	-1.39712e-19
0.0900075 	0.544411 	-6.7019e-19 	0.219696 	0.00584696 	7.97036e-20
0.0911308 	0.551206 	-2.23144e-18 	0.256287 	0.0108152 	-3.30844e-20
0.092307 	0.55832 	-1.36408e-18 	0.295767 	0.016865 	1.14932e-20
0.0935385 	0.565769 	-2.23144e-18 	0.338133 	0.0240503 	-2.58661e-20
0.0948279 	0.573567 	-4.31311e-18 	0.383338 	0.0324137 	5.0263e-20
0.0961779 	0.581733 	-3.7927e-18 	0.431277 	0.0419818 	-1.00481e-19
0.0975914 	0.590282 	-4.13964e-18 	0.481776 	0.0527606 	1.20226e-19
0.0990713 	0.599234 	-4.13964e-18 	0.534587 	0.0647306 	-5.54594e-20
0.100621 	0.608606 	-3.44576e-18 	0.58938 	0.0778417 	-4.03519e-20
0.102243 	0.618419 	-1.88451e-18 	0.645731 	0.092008 	-3.3311e-20
0.103942 	0.628693 	-1.36409e-18 	0.703127 	0.107104 	1.17242e-19
0.10572 	0.63945 	1.9716e-19 	0.760968 	0.122963 	1.19726e-20
0.107582 	0.650713 	7.17575e-19 	0.818571 	0.139375 	-8.66918e-20
0.109532 	0.662506 	-1.19062e-18 	0.875191 	0.15609 	3.62619e-20
0.111573 	0.674853 	-4.96733e-19 	0.930045 	0.172823 	6.12647e-20
0.113711 	0.68778 	7.17572e-19 	0.982339 	0.189265 	-1.0993e-19
0.115948 	0.701315 	-8.4368e-19 	1.03131 	0.205092 	3.96038e-20
0.118291 	0.715487 	-2.92535e-18 	1.07628 	0.219987 	4.44392e-20
0.120744 	0.730324 	-1.88452e-18 	1.11666 	0.233653 	-8.68522e-20
0.123313 	0.74586 	-1.01716e-18 	1.15203 	0.245832 	1.17053e-19
0.126002 	0.762125 	-1.89636e-18 	1.18215 	0.256324 	-7.83361e-20
0.128818 	0.779156 	-8.43687e-19 	1.20698 	0.264997 	-6.79512e-20
0.131766 	0.796987 	1.06451e-18 	1.22667 	0.271796 	-9.68306e-21
0.134852 	0.815656 	5.22784e-18 	1.24156 	0.276742 	2.9185e-20
0.138084 	0.835204 	8.52382e-18 	1.25213 	0.279925 	-2.97569e-20
0.141468 	0.85567 	9.39118e-18 	1.25896 	0.281492 	2.78883e-20
0.14501 	0.877098 	8.35034e-18 	1.26272 	0.281632 	-5.98445e-20
0.14872 	0.899534 	1.0779e-17 	1.26405 	0.280557 	-1.36161e-20
0.152603 	0.923024 	1.30341e-17 	1.26359 	0.278474 	-1.69315e-21
0.15667 	0.947619 	1.11259e-17 	1.26188 	0.275598 	-1.83644e-20
0.160927 	0.973371 	1.02585e-17 	1.2594 	0.272286 	1.65864e-21
0.172558 	1.04372 	1.34899e-17 	1.2453 	0.252417 	-4.52837e-21
0.189136 	1.14399 	1.62536e-17 	1.24978 	0.249039 	-1.08585e-20
0.20179 	1.22053 	1.20537e-17 	1.20671 	0.222875 	7.1653e-21
0.219552 	1.32796 	7.54339e-18 	1.21025 	0.220565 	-5.46267e-21
0.232103 	1.40388 	7.02715e-18 	1.18913 	0.192192 	2.78253e-21
0.244865 	1.48107 	4.3617e-18 	1.19249 	0.191176 	7.0083e-22
0.263555 	1.59412 	2.53873e-18 	1.19584 	0.190177 	-2.48812e-22
0.275887 	1.66871 	4.92386e-18 	1.17086 	0.166454 	-4.92558e-21
0.29419 	1.77941 	6.79986e-18 	1.17352 	0.165684 	2.78762e-21
0.308473 	1.86581 	6.49649e-18 	1.17618 	0.164919 	9.01727e-22
0.320574 	1.939 	4.91104e-18 	1.15728 	0.143393 	-2.8564e-21
0.342392 	2.07097 	7.22944e-18 	1.15961 	0.143057 	-7.86856e-22
0.354375 	2.14345 	1.10979e-17 	1.14019 	0.12343 	-3.36228e-21
0.36644 	2.21643 	1.21169e-17 	1.14216 	0.123214 	2.62202e-21
0.389612 	2.35658 	1.42029e-17 	1.14414 	0.123009 	-4.78091e-21
0.401356 	2.42762 	1.43139e-17 	1.12627 	0.105494 	-3.69499e-22
0.413418 	2.50057 	1.32467e-17 	1.12795 	0.105409 	8.41524e-22
0.436549 	2.64048 	1.21167e-17 	1.12964 	0.105333 	3.41173e-22
0.449537 	2.71904 	-4.95558e-18 	1.13135 	0.105266 	-3.87416e-21
0.460924 	2.78791 	-2.79225e-18 	1.11368 	0.0896661 	-2.73805e-21
0.482099 	2.91599 	-2.317e-18 	1.11512 	0.0896463 	1.93045e-21
0.499059 	3.01857 	-4.21579e-18 	1.11657 	0.089635 	-1.76968e-21
0.510214 	3.08605 	-6.5029e-18 	1.0999 	0.0757533 	-1.08857e-21
0.526721 	3.18589 	-5.17166e-18 	1.10111 	0.0757689 	6.97472e-23
0.548695 	3.3188 	-6.58079e-18 	1.10233 	0.0757918 	1.26005e-21
0.561031 	3.39341 	-1.22556e-17 	1.10357 	0.075822 	1.62032e-21
