0.0719536 	0.501603 	1.76942e-17 	0.0248401 	-0.00278202 	-3.40481e-20
0.0726308 	0.506323 	1.9082e-17 	0.0438655 	-0.00390294 	-3.77639e-21
0.0733397 	0.511266 	1.45717e-17 	0.0650092 	-0.00434602 	3.63065e-21
0.074082 	0.51644 	7.97973e-18 	0.0883997 	-0.0040854 	2.99813e-20
0.0748592 	0.521858 	5.55112e-18 	0.114167 	-0.00305628 	4.19822e-21
0.0756729 	0.527531 	3.81639e-18 	0.142435 	-0.0011863 	-4.72811e-20
0.0765249 	0.53347 	5.55112e-18 	0.173316 	0.00159476 	6.95727e-21
0.077417 	0.539689 	5.20417e-18 	0.206905 	0.00535565 	-8.20205e-21
0.078351 	0.5462 	2.08167e-18 	0.243276 	0.010163 	2.05289e-20
0.0793289 	0.553017 	-2.42861e-18 	0.282473 	0.0160788 	-2.96085e-20
0.0803527 	0.560154 	5.82428e-18 	0.324505 	0.0231577 	-1.6382e-20
0.0814247 	0.567628 	9.85751e-18 	0.369336 	0.0314429 	9.90052e-20
0.0825472 	0.575452 	1.52785e-17 	0.416873 	0.0409626 	-4.85749e-20
0.0837223 	0.583644 	1.54086e-17 	0.466964 	0.0517253 	-1.56329e-21
0.0849528 	0.592222 	2.16103e-17 	0.519381 	0.0637149 	-5.01768e-20
0.086241 	0.601203 	2.56001e-17 	0.573817 	0.0768856 	5.73432e-20
0.0875899 	0.610606 	2.38654e-17 	0.629879 	0.0911569 	-2.94114e-20
0.0890021 	0.620451 	2.3345e-17 	0.687084 	0.10641 	-1.81021e-20
0.0904808 	0.630759 	2.3345e-17 	0.744861 	0.122484 	-1.10103e-20
0.0920289 	0.641551 	2.17837e-17 	0.802557 	0.139177 	2.49107e-20
0.0936499 	0.652851 	1.83143e-17 	0.859455 	0.156244 	-7.69963e-20
0.0953471 	0.664683 	1.72735e-17 	0.914789 	0.173405 	2.93611e-20
0.097124 	0.67707 	1.77939e-17 	0.967779 	0.190352 	5.66495e-20
0.0989845 	0.69004 	1.84878e-17 	1.01766 	0.206761 	-6.77473e-20
0.100932 	0.70362 	1.6753e-17 	1.06373 	0.222307 	1.28629e-20
0.102972 	0.717838 	1.27198e-17 	1.10539 	0.236682 	-6.72855e-20
0.105107 	0.732724 	1.13754e-17 	1.14216 	0.249612 	8.01283e-20
0.107343 	0.74831 	1.4151e-17 	1.17376 	0.260876 	-1.28187e-20
0.109684 	0.76463 	1.70935e-17 	1.20007 	0.27032 	-6.97664e-20
0.112135 	0.781716 	7.93591e-19 	1.22119 	0.277862 	-7.96769e-20
0.114702 	0.799606 	3.91609e-18 	1.2374 	0.283499 	9.70692e-20
0.117388 	0.818337 	4.34978e-18 	1.24912 	0.287303 	-5.68787e-20
0.120202 	0.837948 	3.91609e-18 	1.25692 	0.289406 	1.80667e-20
0.123147 	0.858481 	6.77839e-18 	1.26142 	0.289986 	-2.23528e-20
0.126231 	0.87998 	8.86006e-18 	1.26327 	0.289253 	5.37667e-20
0.12946 	0.90249 	1.26765e-17 	1.26311 	0.287425 	-7.8612e-20
0.132841 	0.926057 	1.47581e-17 	1.26153 	0.284707 	3.40569e-20
0.13638 	0.950733 	1.51051e-17 	1.25902 	0.281309 	4.94625e-21
0.140087 	0.976569 	1.298e-17 	1.25598 	0.277577 	2.68923e-20
0.149124 	1.03957 	8.0188e-18 	1.24065 	0.2558 	3.43705e-21
0.163608 	1.14054 	4.15255e-18 	1.2453 	0.252417 	-4.52837e-21
0.176322 	1.22917 	2.56069e-18 	1.20309 	0.225164 	-4.24838e-21
0.191853 	1.33744 	4.79019e-19 	1.20671 	0.222875 	7.1653e-21
0.204464 	1.42535 	-2.13806e-18 	1.18576 	0.193228 	1.40308e-22
0.21942 	1.52962 	-2.69039e-18 	1.18913 	0.192192 	2.78253e-21
0.233617 	1.62859 	-2.12946e-18 	1.19249 	0.191176 	7.0083e-22
0.246011 	1.71499 	-1.62769e-18 	1.16822 	0.167228 	-3.12599e-21
0.263858 	1.8394 	-2.82613e-18 	1.17086 	0.166454 	-4.92558e-21
0.276139 	1.92502 	-2.05718e-18 	1.15264 	0.144094 	5.91779e-22
0.293439 	2.04562 	8.52411e-19 	1.15496 	0.143738 	-2.2758e-21
0.307449 	2.14328 	3.0444e-18 	1.15728 	0.143393 	-2.8564e-21
0.319499 	2.22729 	3.59966e-18 	1.13825 	0.123655 	8.60425e-22
0.34003 	2.37041 	4.50568e-18 	1.14019 	0.12343 	-3.36228e-21
0.351964 	2.4536 	5.21863e-18 	1.12297 	0.105692 	1.38593e-21
0.365391 	2.54721 	2.46495e-18 	1.12461 	0.105589 	3.52534e-21
0.385806 	2.68952 	1.06271e-18 	1.12627 	0.105494 	-3.69499e-22
0.397508 	2.7711 	1.13595e-18 	1.10946 	0.0897759 	-1.21058e-21
0.412199 	2.87352 	4.47583e-19 	1.11085 	0.0897311 	8.93055e-23
0.432738 	3.0167 	3.52466e-19 	1.11226 	0.0896945 	-6.21777e-21
0.444213 	3.09669 	9.03247e-19 	1.09635 	0.0757481 	-4.66951e-22
0.458099 	3.19349 	-7.50989e-19 	1.09752 	0.075743 	3.35113e-22
0.480718 	3.35117 	-3.04294e-18 	1.0987 	0.0757447 	-1.21479e-21
0.492231 	3.43143 	-3.64838e-19 	1.0999 	0.0757533 	-1.08857e-21
