0.0612182 	0.503028 	1.44872e-17 	0.0284524 	-0.00250343 	1.61991e-20
0.0617943 	0.507762 	1.64821e-17 	0.0499404 	-0.00332621 	3.82603e-21
0.0623975 	0.512718 	1.7176e-17 	0.0735972 	-0.00337768 	-1.6078e-20
0.063029 	0.517908 	1.44005e-17 	0.0995474 	-0.00263169 	2.21433e-20
0.0636903 	0.523341 	1.70026e-17 	0.127914 	-0.00102175 	2.31275e-21
0.0643826 	0.52903 	2.35078e-17 	0.15881 	0.00152545 	-8.62481e-21
0.0651075 	0.534986 	2.6717e-17 	0.192335 	0.0050795 	4.30471e-20
0.0658664 	0.541222 	2.43751e-17 	0.228566 	0.00970669 	-1.94395e-20
0.0666611 	0.547752 	1.95179e-17 	0.267554 	0.015469 	-1.1101e-20
0.0674931 	0.554588 	1.92577e-17 	0.309317 	0.0224215 	3.16097e-20
0.0683642 	0.561746 	1.82169e-17 	0.353829 	0.0306084 	-4.64125e-20
0.0692762 	0.56924 	1.11e-17 	0.401015 	0.0400596 	-4.74651e-20
0.0702312 	0.577087 	1.0753e-17 	0.450738 	0.0507862 	3.20641e-20
0.071231 	0.585303 	1.24877e-17 	0.502794 	0.0627755 	2.21093e-20
0.0722779 	0.593905 	1.42225e-17 	0.556901 	0.0759861 	-1.65852e-20
0.0733739 	0.602911 	1.6998e-17 	0.612694 	0.0903435 	-8.27896e-22
0.0745215 	0.612341 	2.25491e-17 	0.66972 	0.105735 	3.38978e-20
0.0757231 	0.622214 	2.49777e-17 	0.727441 	0.122008 	-1.16087e-19
0.0769811 	0.632551 	2.53247e-17 	0.785235 	0.138965 	9.85292e-20
0.0782983 	0.643374 	2.3243e-17 	0.842413 	0.156371 	-5.37279e-20
0.0796774 	0.654706 	2.22022e-17 	0.898231 	0.173949 	2.69002e-20
0.0811214 	0.666571 	2.17708e-17 	0.951922 	0.191395 	-3.97232e-20
0.0826332 	0.678994 	1.14469e-17 	1.00273 	0.208384 	-1.2172e-20
0.0842161 	0.692001 	1.76919e-17 	1.04993 	0.224585 	-1.31515e-20
0.0858735 	0.705619 	1.83858e-17 	1.0929 	0.239681 	5.16611e-20
0.0876087 	0.719877 	1.52633e-17 	1.13113 	0.253381 	4.36418e-21
0.0894256 	0.734806 	1.31816e-17 	1.16427 	0.265444 	-4.07998e-20
0.0913278 	0.750437 	1.35285e-17 	1.19217 	0.275692 	-1.48315e-20
0.0933195 	0.766802 	1.40513e-17 	1.21483 	0.284017 	1.83789e-20
0.0954048 	0.783937 	4.85493e-18 	1.23248 	0.290392 	1.70731e-20
0.0975882 	0.801878 	9.71215e-18 	1.2455 	0.294864 	-4.65015e-20
0.0998742 	0.820662 	9.36521e-18 	1.25439 	0.297548 	2.21909e-20
0.102268 	0.840329 	4.85493e-18 	1.25976 	0.298613 	-4.93369e-20
0.104774 	0.860921 	9.71215e-18 	1.26225 	0.298261 	5.2621e-20
0.107398 	0.88248 	1.28347e-17 	1.26251 	0.296712 	-1.82589e-20
0.110145 	0.905054 	1.52633e-17 	1.26114 	0.294188 	3.36862e-20
0.113021 	0.928689 	1.56102e-17 	1.25866 	0.290884 	-2.55558e-20
0.116033 	0.953435 	1.49163e-17 	1.25554 	0.287006 	3.69504e-20
0.119186 	0.979344 	1.83858e-17 	1.25208 	0.28289 	1.06873e-20
0.125606 	1.0321 	1.97931e-17 	1.23585 	0.259183 	2.1114e-21
0.137967 	1.13366 	1.92738e-17 	1.24065 	0.2558 	3.43705e-21
0.150732 	1.23856 	1.581e-17 	1.19938 	0.227433 	1.99207e-21
0.163997 	1.34755 	1.30345e-17 	1.20309 	0.225164 	-4.24838e-21
0.176658 	1.45159 	1.39794e-17 	1.18237 	0.194281 	2.77708e-21
0.190893 	1.56856 	1.39794e-17 	1.18576 	0.193228 	1.40308e-22
0.203446 	1.6717 	1.13675e-17 	1.16294 	0.168784 	3.40309e-21
0.218725 	1.79725 	1.41431e-17 	1.16558 	0.168005 	3.11588e-21
0.231166 	1.89948 	1.69048e-17 	1.14805 	0.144838 	2.41068e-21
0.243582 	2.0015 	1.46398e-17 	1.15034 	0.144461 	-9.05142e-22
0.259886 	2.13546 	1.4284e-17 	1.15264 	0.144094 	5.91779e-22
0.272098 	2.23582 	1.581e-17 	1.13441 	0.124132 	3.90204e-22
0.2897 	2.38044 	1.73022e-17 	1.13632 	0.123889 	4.06752e-22
0.301797 	2.47985 	1.8068e-17 	1.11972 	0.105924 	-7.67073e-22
0.316512 	2.60076 	2.04572e-17 	1.12134 	0.105803 	8.27878e-23
0.332676 	2.73358 	2.32376e-17 	1.12297 	0.105692 	1.38593e-21
0.344544 	2.83109 	2.27611e-17 	1.10672 	0.089889 	1.53272e-22
0.363985 	2.99084 	2.31353e-17 	1.10808 	0.0898286 	1.1477e-21
0.3766 	3.0945 	2.21609e-17 	1.10946 	0.0897759 	-1.21058e-21
0.388245 	3.19018 	2.31347e-17 	1.09405 	0.0757784 	7.63495e-22
0.410059 	3.36943 	2.74006e-17 	1.09519 	0.07576 	-5.59677e-22
0.421596 	3.46422 	2.88263e-17 	1.08083 	0.0634344 	5.07875e-21
