0.0504565 	0.504235 	-4.51855e-18 	0.0322516 	-0.00205658 	-4.44165e-20
0.0509313 	0.50898 	5.1215e-19 	0.0563101 	-0.00246785 	2.33918e-20
0.0514284 	0.513949 	-8.26795e-21 	0.0825744 	-0.00201367 	2.88569e-20
0.0519489 	0.51915 	-1.91646e-18 	0.111163 	-0.000668334 	-8.70502e-21
0.0524939 	0.524597 	6.85621e-19 	0.142191 	0.00163539 	-2.99717e-20
0.0530646 	0.530299 	1.65203e-19 	0.175758 	0.00497052 	-4.52034e-20
0.053662 	0.53627 	-4.34508e-18 	0.211947 	0.00940453 	6.17167e-20
0.0542875 	0.542521 	-4.51855e-18 	0.250816 	0.0149995 	-5.25457e-20
0.0549425 	0.549066 	-5.03897e-18 	0.292389 	0.0218108 	6.1328e-20
0.0556282 	0.555919 	-5.21244e-18 	0.336655 	0.029884 	3.17121e-21
0.0563462 	0.563094 	-1.04911e-18 	0.383551 	0.0392507 	-2.25938e-20
0.0570979 	0.570606 	1.28452e-17 	0.43296 	0.0499246 	-5.85346e-22
0.057885 	0.578472 	1.28452e-17 	0.4847 	0.0618967 	-8.39358e-21
0.058709 	0.586707 	1.24983e-17 	0.538513 	0.0751304 	6.19097e-20
0.0595718 	0.59533 	8.33495e-18 	0.594064 	0.0895567 	-3.61372e-20
0.0604752 	0.604358 	7.81453e-18 	0.650931 	0.10507 	-1.59075e-20
0.0614211 	0.61381 	1.11105e-17 	0.708609 	0.121524 	2.40904e-20
0.0624114 	0.623707 	1.51004e-17 	0.766508 	0.138732 	-1.77957e-21
0.0634483 	0.634069 	2.18658e-17 	0.823968 	0.156462 	-8.89248e-21
0.0645339 	0.644918 	2.707e-17 	0.880272 	0.174447 	-5.89106e-22
0.0656706 	0.656277 	2.81108e-17 	0.934669 	0.192385 	3.30187e-20
0.0668607 	0.668171 	2.41209e-17 	0.986404 	0.20995 	2.71749e-22
0.0681067 	0.680623 	2.16923e-17 	1.03476 	0.22681 	-1.02822e-20
0.0694113 	0.693661 	2.29066e-17 	1.07907 	0.242636 	-4.79253e-20
0.0707773 	0.707312 	2.03045e-17 	1.11881 	0.257124 	7.17738e-20
0.0722075 	0.721605 	1.7182e-17 	1.15357 	0.270012 	-5.91043e-20
0.073705 	0.736569 	1.73555e-17 	1.18313 	0.281098 	2.52561e-20
0.0752728 	0.752238 	1.89168e-17 	1.20745 	0.290248 	-3.58425e-20
0.0769143 	0.768642 	2.0478e-17 	1.22668 	0.297408 	3.24379e-20
0.0786331 	0.785818 	1.77025e-17 	1.24112 	0.302599 	-2.69585e-20
0.0804326 	0.803802 	1.49186e-17 	1.25125 	0.305916 	2.1351e-20
0.0823167 	0.822631 	6.60023e-18 	1.25764 	0.307514 	2.72124e-20
0.0842894 	0.842345 	6.42676e-18 	1.26091 	0.307587 	2.09278e-20
0.0863549 	0.862987 	1.73472e-18 	1.2617 	0.306356 	4.69533e-20
0.0885174 	0.884598 	-3.11422e-18 	1.26064 	0.304048 	5.29807e-21
0.0907817 	0.907226 	-5.36936e-18 	1.25828 	0.300877 	2.75264e-21
0.0931524 	0.930917 	-3.8081e-18 	1.25511 	0.297029 	-3.74017e-21
0.0956345 	0.955723 	1.81761e-19 	1.25151 	0.292706 	-2.4113e-20
0.0982333 	0.981694 	1.74301e-18 	1.24774 	0.288231 	2.79302e-20
0.102017 	1.01951 	-2.70022e-19 	1.23088 	0.26256 	-2.6924e-21
0.112229 	1.12156 	-2.61604e-18 	1.23585 	0.259183 	2.1114e-21
0.125039 	1.24958 	-4.21872e-18 	1.1956 	0.229685 	-8.87564e-22
0.136008 	1.35919 	-6.64237e-18 	1.19938 	0.227433 	1.99207e-21
0.148707 	1.48611 	-9.16355e-18 	1.17897 	0.195351 	-2.87509e-21
0.160487 	1.60383 	-7.28997e-18 	1.18237 	0.194281 	2.77708e-21
0.173073 	1.72961 	-5.02487e-18 	1.16031 	0.169565 	-2.81081e-21
0.185725 	1.85604 	-4.34346e-18 	1.16294 	0.168784 	3.40309e-21
0.198195 	1.98066 	-1.49196e-18 	1.14576 	0.145227 	-1.15974e-22
0.211783 	2.11646 	4.96838e-18 	1.14805 	0.144838 	2.41068e-21
0.224136 	2.2399 	9.25951e-18 	1.13063 	0.124643 	6.7317e-22
0.238734 	2.38579 	4.40255e-18 	1.13251 	0.124384 	-3.76549e-23
0.250968 	2.50805 	6.83475e-19 	1.11654 	0.10619 	-1.66573e-22
0.266654 	2.66481 	-7.04304e-19 	1.11813 	0.106053 	4.66132e-22
0.27877 	2.78589 	-9.45356e-19 	1.10274 	0.0901155 	-5.8371e-22
0.291009 	2.9082 	-1.25904e-18 	1.10405 	0.0900327 	-1.236e-21
0.307622 	3.07422 	-2.4472e-19 	1.10538 	0.0899571 	2.68175e-21
0.319508 	3.19301 	-4.15139e-19 	1.0907 	0.0758721 	3.19421e-21
0.337629 	3.3741 	-6.38216e-18 	1.0918 	0.0758345 	-1.31993e-21
