0.308863 	0.401776 	2.08167e-18 	-0.00587527 	0.0047063 	1.18843e-19
0.31177 	0.405557 	-1.38778e-18 	-0.00933998 	0.00761361 	-3.94258e-20
0.314813 	0.409516 	-1.38778e-18 	-0.012426 	0.010357 	1.20075e-20
0.317999 	0.413661 	2.08167e-18 	-0.0150807 	0.012924 	-1.03171e-19
0.321335 	0.418 	-2.42861e-18 	-0.0172458 	0.0153056 	5.53411e-20
0.324828 	0.422544 	-6.93889e-18 	-0.0188588 	0.0174944 	7.45642e-20
0.328485 	0.427301 	-6.59195e-18 	-0.0198533 	0.0194848 	-6.02948e-21
0.332314 	0.432282 	-7.63278e-18 	-0.0201583 	0.0212732 	1.4283e-20
0.336324 	0.437498 	-1.07553e-17 	-0.0196982 	0.0228585 	-1.44571e-20
0.340521 	0.442958 	-1.249e-17 	-0.0183925 	0.0242423 	-1.67758e-20
0.344916 	0.448675 	-1.42247e-17 	-0.0161556 	0.0254291 	3.64059e-20
0.349518 	0.454661 	-1.42247e-17 	-0.0128964 	0.0264269 	-3.90207e-20
0.354336 	0.460928 	-1.59595e-17 	-0.00851801 	0.0272474 	-5.22132e-20
0.35938 	0.46749 	-1.59595e-17 	-0.00291733 	0.027906 	-1.98716e-19
0.364662 	0.474361 	-1.56125e-17 	0.00401509 	0.0284227 	1.81197e-19
0.370192 	0.481554 	-1.56125e-17 	0.0123955 	0.0288218 	9.37428e-20
0.375982 	0.489086 	-9.36751e-18 	0.0223474 	0.0291328 	-3.04043e-19
0.382044 	0.496972 	-3.1225e-18 	0.0340011 	0.0293902 	1.77365e-20
0.388391 	0.505228 	-1.38778e-18 	0.0474944 	0.0296342 	1.38688e-19
0.395036 	0.513873 	-4.51028e-18 	0.0629722 	0.0299107 	-1.05439e-19
0.401994 	0.522924 	-7.5383e-18 	0.0805853 	0.0302715 	-2.29216e-20
0.40928 	0.532401 	-1.98719e-18 	0.10049 	0.030775 	1.00272e-19
0.416907 	0.542323 	4.95171e-18 	0.122847 	0.0314857 	-1.32144e-19
0.424893 	0.552711 	8.72086e-18 	0.147816 	0.0324743 	-1.12775e-19
0.433255 	0.563588 	-6.15053e-18 	0.175556 	0.0338179 	-1.64557e-19
0.44201 	0.574977 	-9.27303e-18 	0.206218 	0.0355993 	3.7829e-21
0.451176 	0.586901 	-8.57914e-18 	0.23994 	0.0379063 	1.93158e-19
0.460774 	0.599385 	-8.2322e-18 	0.276839 	0.0408306 	-5.01921e-20
0.470822 	0.612457 	-8.92609e-18 	0.317004 	0.0444667 	1.65357e-19
0.481343 	0.626143 	-1.03139e-17 	0.360482 	0.0489087 	-4.62556e-20
0.492359 	0.640472 	-1.17016e-17 	0.407272 	0.0542479 	1.78085e-19
0.503892 	0.655475 	-1.44772e-17 	0.457313 	0.0605682 	-1.70557e-19
0.515968 	0.671183 	-1.89875e-17 	0.510477 	0.0679395 	-1.49435e-22
0.528611 	0.68763 	-2.10692e-17 	0.566565 	0.0764083 	3.66149e-19
0.541849 	0.704851 	-2.24569e-17 	0.625308 	0.0859803 	-7.27727e-20
0.55571 	0.72288 	-2.24569e-17 	0.686369 	0.0965825 	-4.94417e-19
0.570221 	0.741758 	-2.03753e-17 	0.749383 	0.108113 	2.63113e-19
0.585416 	0.761523 	-2.17631e-17 	0.814468 	0.121177 	3.70591e-19
0.601324 	0.782217 	-2.28039e-17 	0.874262 	0.130043 	-1.92469e-19
0.619354 	0.80567 	-2.32732e-17 	1.18306 	0.17279 	3.38091e-20
0.639288 	0.831601 	-2.34621e-17 	1.15522 	0.166759 	4.34383e-20
0.659167 	0.85746 	-1.99684e-17 	1.1221 	0.160984 	-4.72231e-21
0.678636 	0.882786 	-1.79873e-17 	1.08754 	0.15575 	1.49298e-21
0.697687 	0.907568 	-2.24467e-17 	1.03557 	0.151066 	1.91095e-20
0.707204 	0.919949 	1.28373e-17 	0.939851 	0.110485 	0
0.795357 	1.03462 	1.42235e-17 	1.20722 	0.154088 	0
0.901744 	1.17301 	1.43198e-17 	1.24927 	0.159462 	0
0.996463 	1.29622 	1.15443e-17 	1.25118 	0.141567 	0
1.11101 	1.44523 	9.19332e-18 	1.24342 	0.12791 	0
1.2129 	1.57777 	7.4586e-18 	1.24955 	0.109659 	0
1.33611 	1.73805 	6.70616e-18 	1.22714 	0.101899 	0
1.44571 	1.88062 	6.78852e-18 	1.23255 	0.0856953 	0
1.57825 	2.05303 	9.34706e-18 	1.20715 	0.078035 	0
1.69615 	2.20639 	1.18684e-17 	1.21219 	0.0630923 	0
1.83872 	2.39186 	1.2534e-17 	1.18711 	0.0582805 	0
1.96554 	2.55683 	1.35682e-17 	1.19015 	0.0455525 	0
