0.0396716 	0.505224 	-3.14134e-18 	0.036221 	-0.00142651 	-9.07728e-21
0.040045 	0.509978 	3.4506e-18 	0.0629454 	-0.00130456 	2.08756e-20
0.0404359 	0.514956 	4.83838e-18 	0.0918977 	-0.000223776 	-5.32348e-22
0.0408451 	0.520168 	4.83838e-18 	0.123189 	0.00184037 	-3.22246e-21
0.0412736 	0.525625 	9.34866e-18 	0.156923 	0.00495468 	9.68321e-21
0.0417223 	0.531339 	1.14303e-17 	0.193186 	0.00919051 	1.58401e-21
0.042192 	0.537321 	1.10834e-17 	0.23204 	0.0146116 	2.42764e-21
0.0426838 	0.543585 	1.07364e-17 	0.273521 	0.021274 	-8.15424e-21
0.0431988 	0.550143 	1.71588e-18 	0.317626 	0.0292242 	-7.3142e-21
0.0437379 	0.557009 	-2.44746e-18 	0.36431 	0.0384959 	-2.12937e-20
0.0443024 	0.564198 	3.28095e-19 	0.413472 	0.0491057 	1.1808e-20
0.0448935 	0.571725 	-1.08069e-17 	0.464952 	0.0610481 	-4.9348e-21
0.0455123 	0.579606 	-1.38101e-17 	0.518518 	0.0742916 	-1.8327e-20
0.0461602 	0.587858 	-1.50624e-17 	0.573864 	0.0887731 	-7.18985e-21
0.0468386 	0.596497 	-1.22381e-17 	0.6306 	0.104394 	2.3838e-20
0.0475489 	0.605543 	-1.28018e-17 	0.688252 	0.121016 	2.39268e-20
0.0482926 	0.615014 	-1.29699e-17 	0.746267 	0.13846 	-9.8044e-22
0.0490712 	0.62493 	-9.30528e-18 	0.804015 	0.156503 	-4.8442e-21
0.0498865 	0.635312 	-1.06605e-17 	0.860806 	0.174883 	4.29825e-21
0.0507401 	0.646183 	-1.13327e-17 	0.91591 	0.193304 	-2.30384e-21
0.0516338 	0.657564 	-2.70249e-18 	0.968582 	0.211443 	4.98837e-20
0.0525695 	0.669481 	5.21761e-18 	1.0181 	0.228963 	-6.11045e-20
0.0535492 	0.681958 	7.39143e-18 	1.06379 	0.245527 	1.90355e-20
0.054575 	0.695021 	6.51865e-18 	1.10507 	0.260819 	-1.60255e-20
0.055649 	0.708699 	6.25302e-18 	1.14152 	0.274558 	4.4998e-20
0.0567735 	0.72302 	4.98451e-18 	1.17283 	0.286516 	-2.57312e-20
0.0579508 	0.738014 	2.62095e-18 	1.1989 	0.296533 	1.87861e-20
0.0591835 	0.753712 	1.76985e-18 	1.21982 	0.304526 	-1.54296e-20
0.0604742 	0.770149 	1.89996e-18 	1.23583 	0.310491 	-3.97472e-21
0.0618256 	0.787359 	1.03802e-18 	1.24735 	0.314498 	4.44952e-20
0.0632404 	0.805378 	-4.43439e-18 	1.25491 	0.316684 	-4.57657e-20
0.0647218 	0.824244 	5.94403e-18 	1.2591 	0.317233 	-6.59109e-21
0.0662729 	0.843997 	5.88074e-19 	1.26057 	0.316364 	-1.87191e-20
0.0678969 	0.864679 	-9.27816e-18 	1.25994 	0.314307 	1.13917e-21
0.0695972 	0.886333 	-1.17664e-17 	1.2578 	0.311288 	1.81609e-20
0.0713774 	0.909005 	-1.3924e-17 	1.25467 	0.307515 	-1.09821e-20
0.0732414 	0.932743 	-1.27259e-17 	1.25096 	0.303157 	-4.00678e-20
0.075193 	0.957596 	-1.11701e-17 	1.247 	0.298414 	-6.47882e-21
0.0772363 	0.983619 	-1.3615e-17 	1.24301 	0.293599 	1.70813e-20
0.0783693 	0.998048 	-1.21379e-17 	1.22576 	0.265924 	-4.5925e-22
0.0864127 	1.10048 	6.9339e-20 	1.23088 	0.26256 	-2.6924e-21
0.0992595 	1.26409 	5.20041e-18 	1.19174 	0.231918 	-9.14558e-22
0.107907 	1.37421 	9.30204e-18 	1.1956 	0.229685 	-8.87564e-22
0.120631 	1.53626 	1.03954e-17 	1.17556 	0.196438 	6.95871e-22
0.129925 	1.65462 	1.11152e-17 	1.17897 	0.195351 	-2.87509e-21
0.140235 	1.78593 	1.31481e-17 	1.15767 	0.170346 	3.37602e-22
0.152508 	1.94222 	1.41734e-17 	1.14123 	0.146037 	-1.40882e-21
0.163239 	2.07888 	1.69489e-17 	1.14349 	0.145626 	3.83348e-22
0.17571 	2.2377 	2.23418e-17 	1.12693 	0.125186 	5.12175e-22
0.187244 	2.38459 	2.40765e-17 	1.12877 	0.124911 	-1.3602e-21
0.199588 	2.54179 	2.13578e-17 	1.11343 	0.106491 	1.8728e-21
0.211986 	2.69969 	1.96231e-17 	1.11498 	0.106336 	-5.52575e-22
0.224203 	2.85528 	2.09542e-17 	1.10016 	0.0903028 	2.18816e-21
0.237533 	3.02504 	2.44237e-17 	1.10144 	0.0902056 	-1.44499e-22
0.249626 	3.17904 	2.68721e-17 	1.08747 	0.0760218 	2.31889e-21
