0.0288648 	0.505932 	9.71445e-18 	0.036221 	-0.00142651 	-9.07728e-21
0.0291364 	0.510693 	1.07553e-17 	0.0629454 	-0.00130456 	2.08756e-20
0.0294208 	0.515678 	1.17961e-17 	0.0918977 	-0.000223776 	-5.32348e-22
0.0297186 	0.520898 	8.32667e-18 	0.123189 	0.00184037 	-3.22246e-21
0.0300303 	0.526362 	6.245e-18 	0.156923 	0.00495468 	9.68321e-21
0.0303568 	0.532084 	9.02056e-18 	0.193186 	0.00919051 	1.58401e-21
0.0306986 	0.538075 	1.04083e-17 	0.23204 	0.0146116 	2.42764e-21
0.0310564 	0.544347 	6.93889e-18 	0.273521 	0.021274 	-8.15424e-21
0.0314311 	0.550914 	1.73472e-18 	0.317626 	0.0292242 	-7.3142e-21
0.0318234 	0.55779 	0 	0.36431 	0.0384959 	-2.12937e-20
0.0322341 	0.564989 	0 	0.413472 	0.0491057 	1.1808e-20
0.0326641 	0.572527 	-8.96787e-19 	0.464952 	0.0610481 	-4.9348e-21
0.0331144 	0.580419 	4.9099e-19 	0.518518 	0.0742916 	-1.8327e-20
0.0335858 	0.588682 	-4.01929e-18 	0.573864 	0.0887731 	-7.18985e-21
0.0340794 	0.597333 	-7.83568e-18 	0.6306 	0.104394 	2.3838e-20
0.0345962 	0.606392 	-1.02643e-17 	0.688252 	0.121016 	2.39268e-20
0.0351373 	0.615876 	-9.91735e-18 	0.746267 	0.13846 	-9.8044e-22
0.0357038 	0.625806 	-8.87652e-18 	0.804015 	0.156503 	-4.8442e-21
0.036297 	0.636203 	-6.79485e-18 	0.860806 	0.174883 	4.29825e-21
0.036918 	0.647089 	-3.67235e-18 	0.91591 	0.193304 	-2.30384e-21
0.0375683 	0.658486 	-1.24374e-18 	0.968582 	0.211443 	4.98837e-20
0.0382491 	0.670419 	2.57265e-18 	1.0181 	0.228963 	-6.11045e-20
0.0389619 	0.682914 	3.61348e-18 	1.06379 	0.245527 	1.90355e-20
0.0397083 	0.695996 	2.57265e-18 	1.10507 	0.260819 	-1.60255e-20
0.0404897 	0.709692 	3.96043e-18 	1.14152 	0.274558 	4.4998e-20
0.0413079 	0.724033 	1.18487e-18 	1.17283 	0.286516 	-2.57312e-20
0.0421645 	0.739048 	-5.40708e-18 	1.1989 	0.296533 	1.87861e-20
0.0430614 	0.754769 	-9.22348e-18 	1.21982 	0.304526 	-1.54296e-20
0.0440005 	0.771229 	-1.33868e-17 	1.23583 	0.310491 	-3.97472e-21
0.0449837 	0.788463 	-1.75502e-17 	1.24735 	0.314498 	4.44952e-20
0.0460132 	0.806507 	-1.81426e-17 	1.25491 	0.316684 	-4.57657e-20
0.047091 	0.8254 	-8.18265e-18 	1.2591 	0.317233 	-6.59109e-21
0.0482195 	0.84518 	-1.1999e-17 	1.26057 	0.316364 	-1.87191e-20
0.0494011 	0.865891 	-1.68563e-17 	1.25994 	0.314307 	1.13917e-21
0.0506382 	0.887575 	-1.8244e-17 	1.2578 	0.311288 	1.81609e-20
0.0519335 	0.910279 	-1.40807e-17 	1.25467 	0.307515 	-1.09821e-20
0.0532897 	0.93405 	-7.83571e-18 	1.25096 	0.303157 	-4.00678e-20
0.0547097 	0.958939 	-5.06015e-18 	1.247 	0.298414 	-6.47882e-21
0.0561964 	0.984998 	-7.14182e-18 	1.24301 	0.293599 	1.70813e-20
0.0628199 	1.10109 	-7.3873e-18 	1.22576 	0.265924 	-4.5925e-22
0.0734106 	1.28673 	-8.67362e-18 	1.18781 	0.234134 	-6.8949e-22
0.0797162 	1.39725 	-8.32384e-18 	1.19174 	0.231918 	-9.14558e-22
0.088071 	1.54369 	-9.88577e-18 	1.17213 	0.197541 	-1.7109e-21
0.0992209 	1.73913 	-9.50593e-18 	1.15241 	0.171907 	1.09014e-21
0.106509 	1.86687 	-8.61213e-18 	1.15504 	0.171127 	-8.59881e-24
0.117259 	2.0553 	-1.2984e-17 	1.13898 	0.146458 	-1.33516e-21
0.12692 	2.22464 	-1.80876e-17 	1.12328 	0.125758 	-1.10437e-21
0.135344 	2.37229 	-1.77406e-17 	1.12509 	0.125469 	1.55156e-21
0.147768 	2.59006 	-1.68517e-17 	1.11037 	0.106825 	-4.38168e-22
0.156828 	2.74885 	-1.7563e-17 	1.11189 	0.106654 	-4.28717e-22
0.169102 	2.964 	-1.69178e-17 	1.09764 	0.0905178 	1.00999e-21
0.178845 	3.13477 	-1.45517e-17 	1.09889 	0.0904069 	-6.33611e-22
