0.018046 	0.506419 	-1.38778e-18 	0.040341 	-0.00059943 	5.04122e-21
0.0182158 	0.511184 	-1.73472e-18 	0.0698124 	0.000184803 	-3.74073e-21
0.0183936 	0.516174 	2.08167e-18 	0.101518 	0.00201906 	6.83925e-21
0.0185798 	0.521399 	2.08167e-18 	0.13556 	0.00492578 	4.03193e-21
0.0187747 	0.526868 	1.73472e-18 	0.172027 	0.00897009 	-5.36274e-21
0.0189788 	0.532596 	2.08167e-18 	0.21099 	0.0142202 	1.99567e-21
0.0191925 	0.538592 	-3.1225e-18 	0.252491 	0.0207343 	-7.39791e-22
0.0194162 	0.54487 	-5.20417e-18 	0.296539 	0.0285604 	-6.1609e-21
0.0196504 	0.551444 	-1.73472e-18 	0.343102 	0.037734 	-3.70586e-21
0.0198957 	0.558326 	0 	0.392098 	0.0482746 	2.21849e-20
0.0201525 	0.565532 	-3.46945e-18 	0.443388 	0.0601808 	4.32739e-21
0.0204213 	0.573077 	-7.67284e-18 	0.496766 	0.073426 	9.9525e-21
0.0207028 	0.580977 	-7.32589e-18 	0.551954 	0.0879534 	-8.64985e-21
0.0209976 	0.589248 	-8.45346e-18 	0.608594 	0.103671 	-3.9871e-21
0.0213061 	0.597908 	-6.02485e-18 	0.666247 	0.12045 	-5.84535e-21
0.0216292 	0.606975 	-3.5095e-18 	0.724394 	0.138119 	1.28852e-20
0.0219675 	0.616468 	-5.59117e-18 	0.782438 	0.156463 	-4.19041e-20
0.0223217 	0.626408 	-9.40756e-18 	0.839719 	0.17523 	4.26967e-21
0.0226925 	0.636815 	-1.17494e-17 	0.89553 	0.194127 	2.51272e-20
0.0230808 	0.647711 	-1.13158e-17 	0.94914 	0.212835 	-1.69912e-20
0.0234873 	0.659119 	-8.54021e-18 	0.999826 	0.231016 	-2.89785e-21
0.023913 	0.671064 	-6.63201e-18 	1.04691 	0.248326 	-1.2632e-20
0.0243586 	0.683571 	-4.72382e-18 	1.08978 	0.264438 	5.23871e-21
0.0248252 	0.696665 	-5.07076e-18 	1.12795 	0.279051 	1.02857e-20
0.0253138 	0.710375 	-7.15243e-18 	1.16109 	0.291915 	-1.53864e-20
0.0258253 	0.72473 	-5.07076e-18 	1.18902 	0.302842 	1.50512e-20
0.0263609 	0.739759 	-9.94164e-19 	1.21175 	0.31172 	-3.14342e-21
0.0269216 	0.755495 	4.66692e-20 	1.22948 	0.318516 	7.33121e-21
0.0275087 	0.771971 	-4.02993e-18 	1.24254 	0.323273 	-2.85024e-21
0.0281234 	0.789221 	-9.2341e-18 	1.25142 	0.326108 	8.62495e-22
0.028767 	0.807283 	-1.05151e-17 	1.2567 	0.327192 	6.77368e-21
0.0294409 	0.826193 	-1.94827e-18 	1.25899 	0.326738 	1.5391e-20
0.0301464 	0.845993 	-5.50445e-18 	1.25894 	0.324975 	6.58947e-21
0.0308851 	0.866724 	-8.9739e-18 	1.25713 	0.32214 	-1.63078e-20
0.0316585 	0.888429 	-1.37444e-17 	1.25413 	0.318454 	6.93588e-22
0.0324683 	0.911154 	-1.88618e-17 	1.25038 	0.314114 	1.58687e-20
0.0333162 	0.934949 	-2.36323e-17 	1.24626 	0.309274 	1.62362e-20
0.034204 	0.959861 	-3.01375e-17 	1.24205 	0.304133 	5.40946e-21
0.0351334 	0.985945 	-3.41274e-17 	1.23791 	0.298988 	7.21236e-21
0.0392789 	1.10228 	-3.80105e-17 	1.22047 	0.269267 	2.04502e-21
0.0468971 	1.31607 	-3.92048e-17 	1.1838 	0.23633 	-6.0714e-22
0.0514571 	1.44404 	-3.74436e-17 	1.16522 	0.199788 	-1.65936e-22
0.0557011 	1.56314 	-3.73182e-17 	1.16868 	0.198658 	-7.41283e-23
0.0638983 	1.79318 	-3.4916e-17 	1.14977 	0.172686 	-2.56188e-22
0.072955 	2.04734 	-3.08781e-17 	1.1345 	0.147335 	-1.35343e-21
0.077866 	2.18516 	-2.03975e-17 	1.13674 	0.146891 	-1.01214e-21
0.0835651 	2.34509 	-2.71758e-17 	1.12147 	0.126055 	3.39843e-22
0.094525 	2.65266 	-3.33744e-17 	1.10738 	0.107193 	5.76858e-22
0.101298 	2.84273 	-3.49668e-17 	1.09396 	0.090891 	-6.88843e-22
0.107406 	3.01414 	-3.8828e-17 	1.09517 	0.0907599 	6.21277e-22
