0.00721999 	0.506686 	1.6516e-17 	0.0445893 	0.000436893 	2.93996e-21
0.00728793 	0.511454 	9.18675e-18 	0.0768728 	0.00201875 	-6.80405e-21
0.00735906 	0.516446 	5.67393e-18 	0.111379 	0.00473805 	-9.32463e-23
0.00743354 	0.521673 	3.76573e-18 	0.148201 	0.00861417 	3.42057e-23
0.00751152 	0.527146 	1.68406e-18 	0.187411 	0.0137092 	2.08832e-21
0.00759316 	0.532876 	-7.87919e-19 	0.22906 	0.0200865 	-4.33773e-21
0.00767865 	0.538876 	-4.214e-18 	0.273169 	0.0277971 	1.1223e-20
0.00776815 	0.545158 	-5.38494e-18 	0.319718 	0.0368786 	-1.04379e-20
0.00786186 	0.551735 	-5.25484e-18 	0.368644 	0.0473534 	9.84222e-21
0.00795998 	0.558621 	-3.47674e-18 	0.419828 	0.0592244 	-1.07955e-21
0.00806271 	0.565831 	4.38748e-18 	0.473089 	0.07247 	2.5261e-23
0.00817027 	0.573379 	6.81609e-18 	0.528178 	0.0870399 	1.76728e-21
0.00828289 	0.581283 	1.06325e-17 	0.584768 	0.10285 	-1.9232e-21
0.0084008 	0.589559 	9.59165e-18 	0.642456 	0.119779 	-2.01144e-21
0.00852425 	0.598223 	9.59165e-18 	0.700757 	0.137665 	7.77237e-21
0.00865351 	0.607295 	8.20387e-18 	0.75911 	0.156303 	-1.25318e-20
0.00878885 	0.616793 	6.12221e-18 	0.816886 	0.175447 	3.17233e-21
0.00893055 	0.626738 	8.20388e-18 	0.873404 	0.194815 	-6.24524e-23
0.00907891 	0.63715 	7.16304e-18 	0.927952 	0.214089 	7.11861e-22
0.00923424 	0.648052 	9.24471e-18 	0.979812 	0.232931 	5.97113e-21
0.00939688 	0.659467 	1.13264e-17 	1.0283 	0.250995 	-1.15284e-20
0.00956717 	0.671418 	5.77527e-18 	1.07278 	0.26794 	8.81274e-22
0.00974546 	0.683931 	-4.69733e-19 	1.11273 	0.283451 	1.08632e-20
0.00993213 	0.697032 	-2.89834e-18 	1.14777 	0.297255 	-7.10358e-21
0.0101276 	0.710749 	-4.28612e-18 	1.17764 	0.309136 	-4.0395e-21
0.0103322 	0.725112 	-8.7964e-18 	1.20231 	0.318952 	8.85743e-21
0.0105465 	0.740149 	-1.1572e-17 	1.22188 	0.326638 	-1.10201e-20
0.0107708 	0.755893 	-8.44945e-18 	1.23663 	0.332211 	-4.86731e-21
0.0110057 	0.772378 	-8.16669e-19 	1.24701 	0.335763 	1.32382e-20
0.0112516 	0.789637 	7.85695e-18 	1.25354 	0.337447 	-5.16318e-21
0.0115091 	0.807708 	1.13191e-17 	1.25682 	0.337467 	-2.50715e-21
0.0117787 	0.826629 	6.81612e-18 	1.25749 	0.336052 	-7.52943e-21
0.0120609 	0.846439 	6.46918e-18 	1.25616 	0.333444 	-1.19152e-20
0.0123565 	0.867181 	2.30584e-18 	1.25339 	0.329874 	5.40668e-21
0.0126659 	0.888897 	5.71119e-19 	1.2497 	0.32556 	-2.95547e-22
0.0129899 	0.911635 	-1.22769e-19 	1.24548 	0.320683 	1.93181e-21
0.0133291 	0.935441 	-8.16657e-19 	1.24107 	0.315382 	-4.84807e-21
0.0136842 	0.960367 	-8.16656e-19 	1.23669 	0.309858 	-4.42151e-21
0.0140561 	0.986465 	-8.16654e-19 	1.23244 	0.304389 	-7.48721e-21
0.0157155 	1.10292 	-1.10222e-18 	1.21501 	0.272582 	1.26581e-21
0.018765 	1.31695 	-1.73472e-18 	1.17971 	0.238506 	-7.41753e-22
0.0220454 	1.54718 	0 	1.16174 	0.200932 	-2.07577e-22
0.0248423 	1.74348 	-8.324e-19 	1.14449 	0.174239 	2.76658e-23
0.0266708 	1.8718 	1.28419e-19 	1.14714 	0.173464 	4.07684e-22
0.0293689 	2.06117 	5.52204e-18 	1.13228 	0.147789 	5.81568e-22
0.0334508 	2.34765 	8.6284e-18 	1.11791 	0.126668 	4.17891e-24
0.0378419 	2.65583 	5.8019e-18 	1.10445 	0.107593 	-4.62666e-23
0.0425655 	2.98734 	1.73472e-18 	1.09159 	0.0911726 	1.19023e-23
