-0.00361006 	0.506733 	5.66317e-18 	0.0489409 	0.00169291 	-4.41965e-21
-0.00364403 	0.511502 	4.58996e-19 	0.0840842 	0.00421272 	5.31458e-21
-0.0036796 	0.516494 	-2.34893e-19 	0.121422 	0.00795201 	6.5691e-22
-0.00371684 	0.521722 	1.6733e-18 	0.161034 	0.0129261 	4.67577e-22
-0.00375583 	0.527195 	1.84678e-18 	0.202976 	0.0191924 	-6.58127e-22
-0.00379665 	0.532926 	3.40803e-18 	0.247279 	0.026808 	2.26607e-21
-0.0038394 	0.538926 	2.71414e-18 	0.293937 	0.0358144 	-9.43844e-21
-0.00388415 	0.545208 	-6.14188e-20 	0.342902 	0.0462372 	9.88156e-21
-0.00393101 	0.551786 	-2.83698e-18 	0.394077 	0.0580833 	-5.2533e-21
-0.00398007 	0.558673 	-8.90851e-18 	0.447306 	0.0713366 	-2.1502e-21
-0.00403144 	0.565883 	-1.2378e-17 	0.502366 	0.0859532 	4.63011e-21
-0.00408522 	0.573433 	3.18392e-18 	0.558965 	0.101857 	-1.59316e-21
-0.00414153 	0.581337 	2.6635e-18 	0.616731 	0.118935 	5.06069e-21
-0.00420049 	0.589614 	4.22475e-18 	0.675216 	0.137035 	4.98894e-22
-0.00426222 	0.598279 	5.786e-18 	0.733896 	0.155963 	-8.28168e-21
-0.00432685 	0.607352 	5.26559e-18 	0.792175 	0.175482 	2.18114e-21
-0.00439452 	0.616851 	6.65336e-18 	0.849403 	0.195315 	4.85522e-21
-0.00446537 	0.626796 	9.94934e-18 	0.904886 	0.215153 	-8.66489e-22
-0.00453955 	0.63721 	8.56156e-18 	0.957921 	0.234659 	-2.69075e-21
-0.00461723 	0.648113 	2.6635e-18 	1.00781 	0.253483 	-6.99395e-21
-0.00469855 	0.659528 	9.28775e-19 	1.05393 	0.271276 	7.0568e-21
-0.00478369 	0.671481 	-2.85532e-19 	1.09569 	0.287708 	-6.20558e-21
-0.00487284 	0.683995 	-4.10192e-18 	1.13268 	0.302484 	2.78163e-21
-0.00496618 	0.697097 	-5.31623e-18 	1.16459 	0.315363 	-5.72967e-21
-0.00506391 	0.710816 	-4.79581e-18 	1.1913 	0.32617 	6.76349e-22
-0.00516623 	0.725179 	-2.02026e-18 	1.21285 	0.334811 	1.41733e-21
-0.00527337 	0.740218 	5.81827e-19 	1.22945 	0.34127 	4.64979e-21
-0.00538554 	0.755964 	-8.05952e-19 	1.24149 	0.345611 	-2.70176e-21
-0.00550298 	0.77245 	-1.84679e-18 	1.24945 	0.347969 	-3.87376e-21
-0.00562595 	0.789711 	-3.06109e-18 	1.2539 	0.348532 	4.61783e-21
-0.0057547 	0.807784 	-5.72459e-18 	1.25546 	0.347527 	2.55155e-22
-0.0058895 	0.826706 	6.14076e-20 	1.25475 	0.345196 	-7.06047e-21
-0.00603063 	0.846518 	1.9696e-18 	1.25237 	0.341785 	-2.11367e-21
-0.00617841 	0.867261 	1.10224e-18 	1.24883 	0.337521 	-4.58721e-21
-0.00633313 	0.88898 	9.28768e-19 	1.24459 	0.33261 	6.15393e-21
-0.00649512 	0.91172 	3.53085e-18 	1.24002 	0.327219 	-3.4287e-21
-0.00666473 	0.935529 	5.0921e-18 	1.2354 	0.321475 	4.0223e-21
-0.00684232 	0.960457 	7.0003e-18 	1.23092 	0.315579 	-3.91054e-21
-0.00702825 	0.986557 	1.01228e-17 	1.22662 	0.309788 	-4.94568e-21
-0.00785796 	1.10303 	9.22474e-18 	1.20938 	0.27586 	-5.49177e-22
-0.00938278 	1.31707 	6.93889e-18 	1.17555 	0.24066 	2.71431e-22
-0.011023 	1.54732 	9.36751e-18 	1.15823 	0.202086 	-1.82126e-22
-0.0127874 	1.79499 	5.50439e-18 	1.14184 	0.175011 	-3.68144e-22
-0.0146854 	2.06142 	-3.36819e-18 	1.12786 	0.148729 	-1.07412e-22
-0.016727 	2.34801 	-2.18923e-18 	1.1144 	0.127307 	5.87207e-23
-0.0189232 	2.65629 	2.56455e-18 	1.10157 	0.108026 	5.43621e-23
-0.0212856 	2.98792 	-1.20654e-19 	1.08927 	0.09148 	1.0933e-22
