-0.0144388 	0.50656 	-2.48786e-17 	0.0533687 	0.00317697 	-2.60952e-21
-0.0145747 	0.511327 	-2.00214e-17 	0.0914008 	0.00677865 	6.42057e-21
-0.0147169 	0.516319 	-1.55111e-17 	0.131581 	0.0116748 	-1.31327e-20
-0.0148659 	0.521544 	-1.68989e-17 	0.173975 	0.0178756 	-6.57735e-21
-0.0150218 	0.527016 	-1.75928e-17 	0.21862 	0.0254324 	6.49191e-21
-0.0151851 	0.532745 	-1.23886e-17 	0.265523 	0.0343939 	-8.89329e-22
-0.0153561 	0.538743 	-9.26611e-18 	0.314653 	0.0447904 	-2.33111e-21
-0.0155351 	0.545023 	-8.57222e-18 	0.36593 	0.0566333 	1.21344e-20
-0.0157225 	0.551598 	-5.79666e-18 	0.419224 	0.0699118 	-4.53766e-21
-0.0159187 	0.558483 	-4.06194e-18 	0.474339 	0.0845889 	-1.90459e-20
-0.0161242 	0.565691 	-7.18444e-18 	0.531013 	0.100596 	2.28377e-20
-0.0163393 	0.573238 	1.45985e-18 	0.58891 	0.117831 	-3.20022e-20
-0.0165645 	0.58114 	7.53138e-18 	0.647619 	0.136149 	1.6691e-20
-0.0168003 	0.589413 	8.312e-18 	0.706651 	0.155368 	5.78319e-21
-0.0170472 	0.598075 	1.17815e-17 	0.765447 	0.17526 	-2.47473e-20
-0.0173057 	0.607145 	1.14345e-17 	0.823387 	0.19556 	2.91995e-20
-0.0175764 	0.616641 	7.18443e-18 	0.879805 	0.215962 	-1.63968e-21
-0.0178598 	0.626583 	3.80172e-18 	0.934011 	0.236135 	-1.0595e-20
-0.0181565 	0.636993 	4.06193e-18 	0.985316 	0.255727 	-3.16888e-20
-0.0184671 	0.647892 	6.83748e-18 	1.03307 	0.274383 	3.84119e-21
-0.0187924 	0.659304 	1.16947e-17 	1.07668 	0.291758 	-7.13903e-21
-0.019133 	0.671252 	1.69856e-17 	1.11567 	0.30754 	1.10072e-20
-0.0194895 	0.683762 	2.20163e-17 	1.14969 	0.32146 	2.67627e-21
-0.0198629 	0.69686 	2.56592e-17 	1.17854 	0.333315 	3.93696e-21
-0.0202538 	0.710574 	2.90419e-17 	1.20219 	0.342975 	1.15303e-20
-0.020663 	0.724932 	3.3639e-17 	1.2208 	0.350394 	-1.13272e-20
-0.0210915 	0.739966 	3.47665e-17 	1.23467 	0.355604 	2.07504e-21
-0.0215402 	0.755706 	3.7889e-17 	1.24424 	0.358716 	-6.521e-21
-0.0220099 	0.772187 	3.81492e-17 	1.25004 	0.359901 	1.24157e-20
-0.0225017 	0.789442 	3.63278e-17 	1.25267 	0.359376 	-1.66076e-20
-0.0230167 	0.807509 	3.67761e-17 	1.25276 	0.357387 	1.48485e-20
-0.0235558 	0.826425 	8.05178e-18 	1.2509 	0.354184 	-5.30398e-21
-0.0241203 	0.84623 	1.89351e-18 	1.24766 	0.350009 	9.54884e-21
-0.0247114 	0.866966 	5.0573e-19 	1.2435 	0.345085 	1.73274e-20
-0.0253302 	0.888677 	5.92465e-19 	1.23886 	0.339604 	-7.40405e-21
-0.0259782 	0.911409 	2.06698e-18 	1.23404 	0.333719 	-1.10258e-21
-0.0266565 	0.93521 	6.664e-18 	1.22929 	0.327542 	1.08616e-20
-0.0273668 	0.96013 	7.01094e-18 	1.22475 	0.321282 	1.04152e-20
-0.0281105 	0.986221 	3.36802e-18 	1.22045 	0.315169 	1.92282e-20
-0.0314272 	1.10259 	1.94422e-18 	1.20356 	0.279093 	-9.36058e-22
-0.0375223 	1.31643 	4.24916e-18 	1.17132 	0.242788 	1.00927e-21
-0.0440791 	1.54646 	3.66311e-18 	1.15471 	0.203251 	-7.27321e-22
-0.0496696 	1.7426 	4.54785e-19 	1.13919 	0.17578 	8.84114e-22
-0.053324 	1.87082 	-6.93889e-19 	1.13652 	0.176546 	-9.3168e-22
-0.0587156 	2.05998 	-2.42861e-18 	1.12348 	0.14971 	-1.10381e-21
-0.066873 	2.34617 	-2.40945e-18 	1.11093 	0.127972 	4.71826e-22
-0.0740465 	2.59785 	-2.40945e-18 	1.09876 	0.10849 	1.28803e-22
-0.0785937 	2.75738 	-4.16334e-18 	1.09737 	0.108734 	-6.06462e-22
-0.0850853 	2.98513 	-4.47534e-18 	1.08589 	0.0919893 	-4.35739e-22
