-0.0252602 	0.506135 	2.498e-17 	0.0533687 	0.00317697 	-2.60952e-21
-0.025498 	0.510898 	2.25514e-17 	0.0914008 	0.00677865 	6.42057e-21
-0.0257468 	0.515885 	2.18575e-17 	0.131581 	0.0116748 	-1.31327e-20
-0.0260074 	0.521107 	2.01228e-17 	0.173975 	0.0178756 	-6.57735e-21
-0.0262803 	0.526574 	1.59595e-17 	0.21862 	0.0254324 	6.49191e-21
-0.0265659 	0.532298 	1.42247e-17 	0.265523 	0.0343939 	-8.89329e-22
-0.0268651 	0.538291 	1.249e-17 	0.314653 	0.0447904 	-2.33111e-21
-0.0271782 	0.544565 	1.249e-17 	0.36593 	0.0566333 	1.21344e-20
-0.0275061 	0.551135 	1.49186e-17 	0.419224 	0.0699118 	-4.53766e-21
-0.0278494 	0.558014 	1.249e-17 	0.474339 	0.0845889 	-1.90459e-20
-0.0282088 	0.565216 	1.07553e-17 	0.531013 	0.100596 	2.28377e-20
-0.0285852 	0.572757 	2.34601e-18 	0.58891 	0.117831 	-3.20022e-20
-0.0289792 	0.580652 	7.55018e-18 	0.647619 	0.136149 	1.6691e-20
-0.0293918 	0.588918 	1.03257e-17 	0.706651 	0.155368 	5.78319e-21
-0.0298237 	0.597573 	9.63185e-18 	0.765447 	0.17526 	-2.47473e-20
-0.030276 	0.606635 	6.85629e-18 	0.823387 	0.19556 	2.91995e-20
-0.0307495 	0.616123 	5.12157e-18 	0.879805 	0.215962 	-1.63968e-21
-0.0312453 	0.626057 	4.77463e-18 	0.934011 	0.236135 	-1.0595e-20
-0.0317644 	0.636458 	3.0399e-18 	0.985316 	0.255727 	-3.16888e-20
-0.0323079 	0.647348 	1.99907e-18 	1.03307 	0.274383 	3.84119e-21
-0.032877 	0.65875 	3.73379e-18 	1.07668 	0.291758 	-7.13903e-21
-0.0334728 	0.670689 	1.99907e-18 	1.11567 	0.30754 	1.10072e-20
-0.0340966 	0.683188 	-1.47038e-18 	1.14969 	0.32146 	2.67627e-21
-0.0347497 	0.696275 	-4.93982e-18 	1.17854 	0.333315 	3.93696e-21
-0.0354336 	0.709977 	-4.93982e-18 	1.20219 	0.342975 	1.15303e-20
-0.0361496 	0.724324 	-7.76488e-19 	1.2208 	0.350394 	-1.13272e-20
-0.0368993 	0.739345 	-1.81732e-18 	1.23467 	0.355604 	2.07504e-21
-0.0376842 	0.755072 	-1.81732e-18 	1.24424 	0.358716 	-6.521e-21
-0.038506 	0.771539 	2.34601e-18 	1.25004 	0.359901 	1.24157e-20
-0.0393665 	0.78878 	6.50935e-18 	1.25267 	0.359376 	-1.66076e-20
-0.0402674 	0.806831 	3.60162e-18 	1.25276 	0.357387 	1.48485e-20
-0.0412106 	0.825731 	5.46852e-18 	1.2509 	0.354184 	-5.30398e-21
-0.0421982 	0.84552 	9.9788e-18 	1.24766 	0.350009 	9.54884e-21
-0.0432323 	0.866239 	1.41421e-17 	1.2435 	0.345085 	1.73274e-20
-0.0443149 	0.887932 	1.72646e-17 	1.23886 	0.339604 	-7.40405e-21
-0.0454485 	0.910644 	1.58769e-17 	1.23404 	0.333719 	-1.10258e-21
-0.0466354 	0.934425 	1.86524e-17 	1.22929 	0.327542 	1.08616e-20
-0.047878 	0.959324 	2.24688e-17 	1.22475 	0.321282 	1.04152e-20
-0.0491791 	0.985393 	2.31627e-17 	1.22045 	0.315169 	1.92282e-20
-0.051076 	1.0234 	2.40857e-17 	1.20356 	0.279093 	-9.36058e-22
-0.0562086 	1.12624 	2.29127e-17 	1.19756 	0.282275 	-7.23918e-22
-0.0656299 	1.31502 	2.00993e-17 	1.16701 	0.244888 	2.52108e-22
-0.0745613 	1.49397 	2.00993e-17 	1.15115 	0.204426 	9.27286e-22
-0.080497 	1.61291 	2.15106e-17 	1.14758 	0.205608 	-1.6103e-22
-0.0894034 	1.79136 	2.4393e-17 	1.13385 	0.177308 	3.76896e-22
-0.099545 	1.99457 	2.4393e-17 	1.1213 	0.150215 	5.9391e-22
-0.106408 	2.13208 	2.32453e-17 	1.11912 	0.150729 	8.15978e-23
-0.116891 	2.34214 	2.33674e-17 	1.10751 	0.128663 	-5.59534e-22
-0.126288 	2.53041 	2.23211e-17 	1.096 	0.108986 	-8.67894e-23
-0.134223 	2.68941 	2.04643e-17 	1.09464 	0.109245 	4.29265e-23
-0.146558 	2.93656 	1.97758e-17 	1.08371 	0.0923611 	-7.82815e-22
-0.155094 	3.10759 	1.97758e-17 	1.08264 	0.0925567 	3.90023e-22
