-0.0360691 	0.50546 	-1.80411e-17 	0.0578434 	0.00489515 	1.43108e-20
-0.0364085 	0.510217 	-1.52656e-17 	0.098774 	0.00972465 	-2.91314e-20
-0.0367639 	0.515197 	-1.38778e-17 	0.141788 	0.0159151 	9.34448e-22
-0.037136 	0.520411 	-1.38778e-17 	0.186935 	0.0234701 	4.54726e-21
-0.0375256 	0.525871 	-1.21431e-17 	0.234234 	0.0324336 	-1.14027e-20
-0.0379335 	0.531587 	-6.93889e-18 	0.283665 	0.0428439 	-2.66967e-21
-0.0383606 	0.537572 	-3.46945e-18 	0.33517 	0.0547184 	-1.61215e-21
-0.0388078 	0.543839 	0 	0.388639 	0.0680521 	1.08875e-21
-0.0392759 	0.5504 	1.73472e-18 	0.443905 	0.0828146 	1.33926e-20
-0.0397661 	0.557269 	1.73472e-18 	0.500735 	0.0989461 	6.11872e-21
-0.0402794 	0.564462 	3.46945e-18 	0.558828 	0.116352 	-3.81865e-20
-0.0408168 	0.571992 	9.62123e-18 	0.617808 	0.134901 	5.09691e-21
-0.0413794 	0.579877 	9.44776e-18 	0.677224 	0.154419 	-7.07467e-21
-0.0419685 	0.588132 	9.10081e-18 	0.736556 	0.174692 	1.74571e-20
-0.0425853 	0.596776 	8.75387e-18 	0.795216 	0.195461 	-2.68648e-20
-0.0432311 	0.605826 	9.27428e-18 	0.852568 	0.216433 	-3.24516e-21
-0.0439072 	0.615301 	7.36609e-18 	0.90794 	0.237278 	2.90518e-21
-0.0446151 	0.625222 	3.5497e-18 	0.960654 	0.257648 	4.31172e-20
-0.0453564 	0.635609 	1.12108e-18 	1.01005 	0.277182 	-1.13612e-21
-0.0461324 	0.646485 	3.37623e-18 	1.05553 	0.295524 	1.05099e-20
-0.046945 	0.657872 	3.89664e-18 	1.09656 	0.312345 	-5.46208e-20
-0.0477957 	0.669794 	-1.82794e-18 	1.13274 	0.327351 	4.49447e-20
-0.0486865 	0.682276 	-7.726e-18 	1.16383 	0.340309 	-4.40557e-20
-0.0496191 	0.695346 	-1.3971e-17 	1.18971 	0.351057 	3.44729e-20
-0.0505956 	0.70903 	-2.00425e-17 	1.21047 	0.359512 	-2.02838e-20
-0.051618 	0.723357 	-2.62875e-17 	1.22634 	0.365677 	4.87973e-20
-0.0526884 	0.738358 	-2.90631e-17 	1.23771 	0.369631 	-2.55973e-20
-0.0538092 	0.754065 	-3.07978e-17 	1.24505 	0.371525 	1.94153e-20
-0.0549827 	0.770509 	-3.47877e-17 	1.24895 	0.371564 	-1.26861e-20
-0.0562113 	0.787727 	-3.33999e-17 	1.25002 	0.369989 	1.89917e-20
-0.0574977 	0.805754 	-3.18788e-17 	1.24886 	0.367056 	-2.36783e-20
-0.0588446 	0.824629 	7.71304e-18 	1.24605 	0.36302 	4.96594e-21
-0.0602548 	0.844391 	5.97832e-18 	1.24211 	0.358119 	-2.0984e-20
-0.0617313 	0.865083 	5.80485e-18 	1.23749 	0.352564 	7.68435e-21
-0.0632772 	0.886747 	5.63137e-18 	1.23254 	0.346535 	-1.44649e-20
-0.0648958 	0.909429 	9.4762e-19 	1.22756 	0.340171 	-2.42576e-21
-0.0665905 	0.933178 	-3.56266e-18 	1.22274 	0.333572 	9.94643e-21
-0.0683649 	0.958044 	-3.21572e-18 	1.21821 	0.326952 	-2.04262e-21
-0.0702227 	0.984079 	-3.04224e-18 	1.21393 	0.320515 	-2.74491e-20
-0.0747724 	1.04784 	-3.61235e-18 	1.19756 	0.282275 	-7.23918e-22
-0.0820928 	1.15042 	-1.0504e-18 	1.19136 	0.285398 	3.01147e-21
-0.0936831 	1.31285 	-1.8678e-18 	1.16262 	0.246955 	-7.39598e-22
-0.102777 	1.44029 	-3.80326e-18 	1.14758 	0.205608 	-1.6103e-22
-0.111232 	1.55877 	1.84672e-18 	1.14397 	0.206798 	6.71398e-22
-0.123916 	1.73652 	9.68024e-18 	1.13116 	0.178065 	-1.2864e-21
-0.133006 	1.86391 	1.249e-17 	1.12847 	0.178819 	2.61389e-22
-0.145558 	2.0398 	1.52656e-17 	1.11695 	0.151251 	-9.1022e-22
-0.155329 	2.17674 	1.63064e-17 	1.11479 	0.151781 	5.83631e-22
-0.166687 	2.33591 	1.54936e-17 	1.10416 	0.129378 	-6.96039e-22
-0.17825 	2.49794 	1.70982e-17 	1.09329 	0.109513 	-1.05833e-23
-0.18954 	2.65616 	1.66372e-17 	1.09196 	0.109789 	6.91681e-22
-0.201826 	2.82833 	1.72265e-17 	1.08158 	0.0927589 	1.79885e-22
-0.213965 	2.99845 	2.06917e-17 	1.08053 	0.0929677 	7.21213e-22
-0.22612 	3.16878 	2.14004e-17 	1.07051 	0.0780176 	-7.99934e-23
