-0.0468611 	0.504566 	3.46945e-19 	0.0623342 	0.00685099 	4.25588e-20
-0.0473021 	0.509314 	5.20417e-18 	0.106152 	0.0130547 	-8.31028e-21
-0.0477638 	0.514285 	7.97973e-18 	0.151972 	0.0206756 	-2.79177e-20
-0.0482472 	0.519491 	7.63278e-18 	0.199825 	0.0297098 	1.04936e-21
-0.0487534 	0.524941 	9.02056e-18 	0.249707 	0.0401917 	4.19643e-20
-0.0492833 	0.530647 	1.04083e-17 	0.301577 	0.0521479 	-2.27515e-21
-0.0498382 	0.536621 	8.67362e-18 	0.355344 	0.0655807 	-3.83326e-20
-0.0504192 	0.542877 	6.93889e-18 	0.410867 	0.0804668 	4.41527e-20
-0.0510275 	0.549426 	5.55112e-18 	0.467945 	0.0967546 	-6.53231e-20
-0.0516643 	0.556283 	2.42861e-18 	0.526308 	0.11436 	5.73302e-20
-0.0523312 	0.563463 	3.46945e-19 	0.585617 	0.133161 	5.13577e-21
-0.0530293 	0.57098 	-9.18937e-18 	0.64546 	0.152996 	6.80777e-21
-0.0537603 	0.578851 	-1.16397e-17 	0.705352 	0.173662 	2.77742e-20
-0.0545257 	0.587092 	-1.40683e-17 	0.764744 	0.194912 	-2.98642e-20
-0.055327 	0.59572 	-1.77112e-17 	0.82303 	0.216462 	-6.72891e-21
-0.056166 	0.604754 	-1.86653e-17 	0.879564 	0.237991 	2.96272e-20
-0.0570445 	0.614212 	-2.38695e-17 	0.93368 	0.25915 	-2.18258e-20
-0.0579643 	0.624116 	-3.13938e-17 	0.984721 	0.279579 	-6.12773e-21
-0.0589273 	0.634484 	-3.4126e-17 	1.03207 	0.298913 	1.73823e-20
-0.0599355 	0.645341 	-3.23696e-17 	1.07517 	0.316805 	7.49622e-21
-0.0609912 	0.656707 	-3.3237e-17 	1.11358 	0.332942 	3.02622e-20
-0.0620965 	0.668609 	-3.6533e-17 	1.14698 	0.347061 	-1.01169e-20
-0.0632538 	0.681069 	-3.54488e-17 	1.1752 	0.358966 	1.37218e-20
-0.0644655 	0.694116 	-3.43646e-17 	1.19825 	0.36854 	2.63424e-20
-0.0657342 	0.707776 	-3.92218e-17 	1.21629 	0.375748 	-8.55717e-20
-0.0670625 	0.722078 	-4.01325e-17 	1.22963 	0.38064 	1.88411e-20
-0.0684532 	0.737052 	-3.87881e-17 	1.23872 	0.38334 	-3.10907e-20
-0.0699094 	0.75273 	-4.2431e-17 	1.24409 	0.384036 	5.6088e-20
-0.071434 	0.769146 	-4.46862e-17 	1.24633 	0.382962 	-5.02588e-20
-0.0730302 	0.786333 	-4.01759e-17 	1.24606 	0.380374 	-1.42819e-21
-0.0747015 	0.804329 	-4.21275e-17 	1.24386 	0.376538 	4.30293e-20
-0.0764514 	0.82317 	-5.30043e-17 	1.24028 	0.371708 	-6.81364e-21
-0.0782836 	0.842897 	1.97788e-18 	1.2358 	0.366112 	3.48655e-20
-0.0802019 	0.863552 	3.53913e-18 	1.23082 	0.359951 	-4.99784e-20
-0.0822104 	0.885178 	6.48816e-18 	1.22567 	0.353392 	3.64825e-20
-0.0843133 	0.90782 	9.30709e-18 	1.22059 	0.346561 	-2.65528e-20
-0.0865151 	0.931527 	1.24513e-17 	1.21577 	0.339545 	-1.31668e-20
-0.0888204 	0.956349 	1.53136e-17 	1.21127 	0.332569 	-1.78062e-20
-0.0912341 	0.982337 	1.28199e-17 	1.20706 	0.325804 	-8.88406e-21
-0.098425 	1.05976 	1.13539e-17 	1.19136 	0.285398 	3.01147e-21
-0.107919 	1.16198 	1.35308e-17 	1.18497 	0.288455 	-3.05817e-21
-0.120704 	1.29965 	1.52656e-17 	1.15816 	0.248984 	1.77038e-21
-0.130904 	1.40947 	1.70003e-17 	1.15362 	0.250972 	-1.0027e-21
-0.142809 	1.53765 	1.76101e-17 	1.14032 	0.207994 	1.66683e-21
-0.154529 	1.66384 	1.752e-17 	1.12847 	0.178819 	2.61389e-22
-0.166295 	1.79053 	1.7432e-17 	1.12577 	0.179567 	-6.15132e-25
-0.178848 	1.9257 	1.7005e-17 	1.11479 	0.151781 	5.83631e-22
-0.19149 	2.06181 	1.70266e-17 	1.11264 	0.15232 	-5.68482e-22
-0.203924 	2.19569 	1.63657e-17 	1.10248 	0.129745 	-2.60811e-22
-0.217508 	2.34195 	1.92832e-17 	1.10082 	0.130119 	2.03426e-22
-0.229822 	2.47453 	2.14949e-17 	1.09064 	0.110072 	-3.92135e-22
-0.242091 	2.60664 	2.18504e-17 	1.08934 	0.110363 	-6.35321e-22
-0.256609 	2.76296 	2.28983e-17 	1.08804 	0.110662 	1.66323e-21
-0.268684 	2.89297 	1.94289e-17 	1.07848 	0.0934054 	-6.7085e-22
-0.284371 	3.06187 	1.59595e-17 	1.07747 	0.0936344 	3.00551e-22
-0.296329 	3.19063 	1.4373e-17 	1.06807 	0.0785291 	-3.15405e-22
