-0.0576336 	0.503452 	-9.65545e-18 	0.0668092 	0.00904541 	3.81884e-20
-0.0581759 	0.50819 	-7.22684e-18 	0.113484 	0.0167685 	-8.94782e-21
-0.0587438 	0.513151 	-6.09927e-18 	0.162059 	0.0259534 	2.49995e-20
-0.0593384 	0.518344 	-5.48156e-19 	0.21255 	0.0365873 	-1.33437e-20
-0.0599609 	0.523782 	5.00296e-18 	0.26493 	0.0486939 	3.16825e-21
-0.0606127 	0.529476 	5.61011e-18 	0.319129 	0.0622857 	2.46579e-20
-0.0612951 	0.535437 	5.08969e-18 	0.375028 	0.0773485 	-2.28673e-20
-0.0620096 	0.541679 	3.61518e-18 	0.432456 	0.093839 	2.61257e-20
-0.0627577 	0.548214 	3.61518e-18 	0.491174 	0.111683 	1.9864e-20
-0.063541 	0.555056 	3.09476e-18 	0.550879 	0.130769 	-2.33434e-20
-0.0643611 	0.56222 	-3.74685e-19 	0.611198 	0.150949 	4.32983e-20
-0.0652198 	0.569721 	1.45127e-17 	0.671683 	0.172031 	4.7857e-20
-0.0661188 	0.577574 	1.55535e-17 	0.731824 	0.193781 	-3.84832e-20
-0.0670601 	0.585797 	1.65943e-17 	0.791049 	0.215926 	-2.57456e-20
-0.0680456 	0.594406 	2.00638e-17 	0.848738 	0.238152 	3.05748e-20
-0.0690775 	0.60342 	2.42271e-17 	0.904247 	0.260118 	-2.29058e-20
-0.0701579 	0.612857 	2.70027e-17 	0.956925 	0.281461 	-2.51711e-20
-0.0712891 	0.622739 	2.94313e-17 	1.00614 	0.301812 	9.91932e-20
-0.0724735 	0.633085 	3.1513e-17 	1.05133 	0.32081 	-1.06093e-19
-0.0737135 	0.643917 	3.1513e-17 	1.092 	0.338123 	5.48536e-20
-0.0750119 	0.655259 	3.1166e-17 	1.12778 	0.353461 	-3.80217e-20
-0.0763713 	0.667133 	3.46355e-17 	1.15844 	0.366595 	4.01059e-20
-0.0777946 	0.679567 	4.29621e-17 	1.18391 	0.377371 	-1.18212e-20
-0.0792848 	0.692584 	4.71255e-17 	1.20428 	0.385718 	6.49136e-20
-0.0808451 	0.706214 	4.33091e-17 	1.21978 	0.391651 	-1.8625e-20
-0.0824787 	0.720484 	4.26152e-17 	1.23081 	0.395263 	-2.06491e-20
-0.0841892 	0.735426 	4.29621e-17 	1.23786 	0.396722 	-1.94615e-20
-0.08598 	0.75107 	4.15744e-17 	1.24149 	0.396247 	1.42626e-20
-0.0878551 	0.767449 	4.01866e-17 	1.2423 	0.394093 	5.68074e-21
-0.0898183 	0.784598 	3.7758e-17 	1.2409 	0.390533 	-2.77073e-20
-0.0918738 	0.802554 	3.7411e-17 	1.23785 	0.385832 	-3.12478e-20
-0.0940259 	0.821354 	3.81639e-17 	1.23366 	0.38024 	5.30734e-21
-0.0962793 	0.841038 	9.81842e-19 	1.22877 	0.373979 	-2.49978e-20
-0.0986385 	0.861647 	9.81842e-19 	1.22354 	0.367234 	3.06515e-20
-0.101109 	0.883225 	6.34897e-19 	1.21826 	0.360161 	5.40202e-21
-0.103695 	0.905817 	-7.52881e-19 	1.21315 	0.352871 	1.40194e-20
-0.106403 	0.929472 	-1.09983e-18 	1.20837 	0.345443 	3.36566e-20
-0.109238 	0.954239 	-7.52881e-19 	1.20395 	0.338113 	-2.56739e-21
-0.112207 	0.98017 	-5.26316e-18 	1.19983 	0.331017 	-1.05777e-21
-0.122022 	1.06591 	-8.1827e-18 	1.18497 	0.288455 	-3.05817e-21
-0.13367 	1.16766 	-7.63278e-18 	1.17838 	0.291438 	4.80663e-21
-0.146417 	1.27901 	-4.85723e-18 	1.15362 	0.250972 	-1.0027e-21
-0.158919 	1.38822 	-2.08167e-18 	1.14899 	0.252913 	-1.98194e-23
-0.171558 	1.49863 	-4.85723e-18 	1.13664 	0.209194 	-1.34e-21
-0.184978 	1.61586 	-7.63278e-18 	1.13292 	0.210396 	-1.74248e-21
-0.197506 	1.7253 	-7.97973e-18 	1.12307 	0.18031 	1.65282e-21
-0.211912 	1.85114 	-9.71445e-18 	1.12035 	0.181047 	-1.72559e-21
-0.224327 	1.95959 	-1.31727e-17 	1.11049 	0.152867 	1.85425e-21
-0.239795 	2.0947 	-1.56479e-17 	1.10836 	0.153421 	-4.67963e-22
-0.252095 	2.20215 	-1.85517e-17 	1.09916 	0.1305 	6.28015e-22
-0.267762 	2.33901 	-2.05869e-17 	1.09751 	0.130888 	-4.81138e-22
-0.280888 	2.45367 	-1.83881e-17 	1.09587 	0.131283 	-9.21222e-23
-0.292957 	2.55909 	-1.88199e-17 	1.08676 	0.110968 	-1.18641e-21
-0.31079 	2.71487 	-1.5008e-17 	1.08549 	0.111282 	-7.79916e-22
-0.322743 	2.81929 	-1.19182e-17 	1.07647 	0.0938704 	7.15254e-22
-0.339833 	2.96857 	-1.35636e-17 	1.07549 	0.0941133 	-9.66705e-23
-0.353746 	3.09011 	-1.56125e-17 	1.07452 	0.0943633 	-4.88313e-22
-0.365475 	3.19257 	-1.27935e-17 	1.06573 	0.0790932 	2.06803e-22
-0.38607 	3.37248 	-1.11402e-17 	1.06498 	0.0792932 	-5.02788e-22
