0.300192 	0.408266 	-2.42861e-18 	-0.00573172 	0.00437437 	1.70481e-19
0.303017 	0.412108 	-7.63278e-18 	-0.00903213 	0.0070555 	-1.08992e-19
0.305975 	0.41613 	-1.35308e-17 	-0.0118954 	0.00957073 	-1.59298e-20
0.309072 	0.420342 	-1.63064e-17 	-0.0142643 	0.0119087 	1.06408e-19
0.312314 	0.424752 	-1.97758e-17 	-0.0160751 	0.0140621 	-1.16761e-19
0.315709 	0.429369 	-2.15106e-17 	-0.0172597 	0.0160259 	-6.68904e-20
0.319264 	0.434203 	-1.97758e-17 	-0.0177456 	0.017797 	1.13693e-19
0.322985 	0.439265 	-1.35308e-17 	-0.0174553 	0.0193744 	-4.00149e-20
0.326882 	0.444564 	-9.02056e-18 	-0.0163067 	0.02076 	6.45782e-20
0.330962 	0.450113 	-1.17961e-17 	-0.014212 	0.0219586 	-1.81836e-19
0.335233 	0.455922 	-1.35308e-17 	-0.0110781 	0.0229783 	1.91593e-19
0.339706 	0.462005 	-1.31839e-17 	-0.00680592 	0.023831 	-1.23884e-19
0.344388 	0.468373 	-1.04083e-17 	-0.0012901 	0.0245323 	8.67578e-20
0.349291 	0.475041 	-6.93889e-18 	0.00558111 	0.0251025 	1.02305e-19
0.354425 	0.482023 	-8.67362e-18 	0.0139263 	0.025566 	-5.94839e-20
0.359799 	0.489332 	-1.00614e-17 	0.023871 	0.0259526 	-1.48327e-19
0.365427 	0.496986 	-9.36751e-18 	0.035548 	0.0262968 	2.2602e-19
0.371319 	0.504999 	-7.28584e-18 	0.0490969 	0.026639 	1.68275e-19
0.377487 	0.513389 	-4.51028e-18 	0.0646643 	0.0270252 	6.20391e-20
0.383946 	0.522173 	2.51241e-18 	0.0824026 	0.0275073 	8.68754e-20
0.390709 	0.53137 	-4.36615e-19 	0.102469 	0.028143 	-2.23931e-19
0.39779 	0.541 	-2.63142e-19 	0.125024 	0.0289964 	2.97921e-19
0.405203 	0.551082 	9.51165e-19 	0.150228 	0.030137 	1.56563e-20
0.412965 	0.561639 	2.68589e-18 	0.178239 	0.0316402 	1.0624e-19
0.421092 	0.572692 	-7.83558e-19 	0.209205 	0.0335859 	-1.43177e-19
0.429601 	0.584264 	-2.29997e-18 	0.24326 	0.0360578 	-4.41901e-20
0.43851 	0.59638 	-5.98773e-18 	0.280516 	0.0391417 	4.57233e-20
0.447838 	0.609067 	-7.72245e-18 	0.321052 	0.0429236 	-5.75619e-20
0.457605 	0.622349 	-4.59995e-18 	0.364905 	0.0474864 	-1.24226e-19
0.46783 	0.636256 	-2.86522e-18 	0.412056 	0.0529062 	1.41252e-19
0.478537 	0.650817 	-3.38564e-18 	0.46242 	0.0592473 	-2.52402e-19
0.489746 	0.666062 	-2.17133e-18 	0.515833 	0.0665551 	2.4282e-19
0.501483 	0.682024 	4.30752e-19 	0.572042 	0.0748474 	-1.94628e-19
0.513772 	0.698737 	9.51169e-19 	0.630703 	0.0841028 	-3.42057e-19
0.526638 	0.716235 	1.992e-18 	0.691378 	0.094242 	2.95699e-19
0.540109 	0.734556 	3.03284e-18 	0.753535 	0.105095 	-3.66889e-19
0.554214 	0.753739 	5.28798e-18 	0.816564 	0.116421 	-1.3957e-20
0.568981 	0.773823 	7.0227e-18 	0.88015 	0.128539 	-1.93446e-19
0.584443 	0.794851 	1.29812e-18 	0.938411 	0.13737 	2.2461e-20
0.60052 	0.816716 	-8.5893e-19 	1.20668 	0.17886 	-7.88543e-22
0.618934 	0.84176 	9.15942e-19 	1.18306 	0.17279 	3.38091e-20
0.639227 	0.869359 	8.39676e-19 	1.15522 	0.166759 	4.34383e-20
0.65912 	0.896413 	4.48016e-19 	1.1221 	0.160984 	-4.72231e-21
0.678605 	0.922913 	-3.33296e-18 	1.08754 	0.15575 	1.49298e-21
0.688657 	0.936584 	-5.94633e-18 	1.03557 	0.151066 	1.91095e-20
0.698088 	0.94941 	-1.35352e-18 	1.21435 	0.155971 	-1.43725e-20
0.776035 	1.05542 	5.80312e-18 	1.20722 	0.154088 	0
0.88252 	1.20024 	6.47334e-18 	1.24927 	0.159462 	0
0.973117 	1.32345 	5.39702e-18 	1.25118 	0.141567 	0
1.08766 	1.47924 	4.72656e-18 	1.24342 	0.12791 	0
1.18512 	1.61178 	2.96933e-18 	1.24955 	0.109659 	0
1.30833 	1.77935 	-1.21318e-18 	1.22714 	0.101899 	0
1.41316 	1.92192 	-2.03304e-18 	1.23255 	0.0856953 	0
1.5435 	2.09918 	-1.2248e-18 	1.20715 	0.078035 	0
1.65847 	2.25554 	-1.57941e-18 	1.18173 	0.0704591 	0
1.77977 	2.42051 	2.23699e-18 	1.18711 	0.0582805 	0
1.92234 	2.61441 	4.06606e-18 	1.16285 	0.0527798 	0
