-0.0683816 	0.502121 	1.51404e-17 	0.0712356 	0.0114765 	3.22844e-20
-0.0690251 	0.506846 	9.2423e-18 	0.120714 	0.0208612 	-2.64517e-21
-0.0696989 	0.511793 	7.85453e-18 	0.171977 	0.0317393 	-9.78443e-21
-0.0704043 	0.516973 	5.77286e-18 	0.225019 	0.044088 	-3.63912e-20
-0.0711429 	0.522397 	-1.25199e-19 	0.27979 	0.0579182 	-2.13214e-20
-0.0719162 	0.528076 	-4.28853e-18 	0.336193 	0.0732273 	4.28164e-20
-0.0727259 	0.534021 	-8.10493e-18 	0.394082 	0.0899824 	-1.17394e-20
-0.0735737 	0.540246 	-8.79881e-18 	0.45325 	0.108119 	2.11536e-20
-0.0744613 	0.546764 	-9.83965e-18 	0.513428 	0.127538 	-3.45196e-20
-0.0753906 	0.553588 	-1.12274e-17 	0.57428 	0.148102 	2.59133e-20
-0.0763636 	0.560733 	-9.14575e-18 	0.635399 	0.169633 	4.73276e-20
-0.0773824 	0.568214 	5.50283e-18 	0.696311 	0.191912 	-6.61448e-20
-0.0784491 	0.576046 	7.93145e-18 	0.756482 	0.214675 	2.75436e-20
-0.0795659 	0.584247 	4.98241e-18 	0.815323 	0.237621 	6.85519e-20
-0.0807353 	0.592834 	-1.78301e-18 	0.872214 	0.260414 	4.97401e-20
-0.0819596 	0.601824 	-5.94635e-18 	0.926516 	0.282695 	-7.79968e-20
-0.0832414 	0.611236 	-5.07899e-18 	0.977601 	0.304091 	2.5522e-20
-0.0845836 	0.621092 	-2.82385e-18 	1.02488 	0.324233 	1.94298e-20
-0.0859888 	0.63141 	-4.55857e-18 	1.06784 	0.342768 	-2.39397e-20
-0.0874601 	0.642214 	-5.77288e-18 	1.10605 	0.359383 	-3.50548e-21
-0.0890006 	0.653525 	-7.16066e-18 	1.13924 	0.373818 	3.90362e-20
-0.0906135 	0.665369 	-4.21163e-18 	1.16724 	0.385883 	-2.7904e-20
-0.0923022 	0.677769 	1.33948e-18 	1.19008 	0.395468 	-5.88136e-20
-0.0940703 	0.690752 	3.94157e-18 	1.20793 	0.40255 	4.03406e-20
-0.0959216 	0.704346 	3.76809e-18 	1.2211 	0.407191 	-6.05004e-20
-0.0978598 	0.718579 	2.72726e-18 	1.23004 	0.409528 	3.49715e-20
-0.0998892 	0.733481 	2.55378e-18 	1.23527 	0.409765 	-2.6425e-20
-0.102014 	0.749083 	1.85989e-18 	1.23739 	0.408149 	2.45949e-22
-0.104239 	0.765419 	3.59461e-18 	1.23699 	0.404953 	2.81547e-20
-0.106568 	0.782523 	1.51294e-18 	1.23465 	0.400458 	-4.34842e-20
-0.109007 	0.800431 	-3.17081e-18 	1.23091 	0.394929 	3.56036e-21
-0.11156 	0.819182 	-4.85722e-18 	1.22625 	0.388608 	1.67292e-20
-0.114234 	0.838813 	2.72725e-18 	1.22105 	0.381706 	5.79426e-20
-0.117033 	0.859368 	-4.03818e-18 	1.21566 	0.374396 	-2.8869e-20
-0.119964 	0.880889 	-4.03818e-18 	1.21033 	0.366821 	-2.14116e-20
-0.123033 	0.903422 	-1.26262e-18 	1.20525 	0.359079 	2.03497e-20
-0.126245 	0.927014 	-2.30346e-18 	1.20055 	0.351243 	-2.61937e-20
-0.129609 	0.951715 	-4.83181e-20 	1.19624 	0.34356 	4.18808e-20
-0.133131 	0.977578 	3.94154e-18 	1.19225 	0.336131 	-3.37101e-20
-0.145551 	1.06878 	5.44022e-18 	1.17838 	0.291438 	4.80663e-21
-0.159329 	1.16995 	7.28584e-18 	1.17158 	0.294343 	-2.11583e-21
-0.172028 	1.26319 	4.51028e-18 	1.14899 	0.252913 	-1.98194e-23
-0.186804 	1.37169 	2.77556e-18 	1.14429 	0.254802 	5.03805e-23
-0.199398 	1.46417 	6.20902e-18 	1.13292 	0.210396 	-1.74248e-21
-0.215247 	1.58055 	6.97913e-18 	1.1292 	0.2116 	1.94142e-21
-0.227732 	1.67223 	5.99606e-18 	1.12035 	0.181047 	-1.72559e-21
-0.244098 	1.7924 	6.96067e-18 	1.1176 	0.18178 	1.19171e-21
-0.257108 	1.88793 	9.02056e-18 	1.11483 	0.182508 	-2.06029e-22
-0.269368 	1.97796 	5.55112e-18 	1.10622 	0.153981 	-7.20468e-22
-0.287598 	2.11182 	2.18545e-18 	1.10409 	0.154548 	3.89788e-22
-0.299743 	2.201 	2.23085e-18 	1.09587 	0.131283 	-9.21222e-23
-0.317314 	2.33002 	-9.06596e-18 	1.09424 	0.131686 	3.91033e-22
-0.331338 	2.433 	-9.02056e-18 	1.09262 	0.132096 	-1.61201e-22
-0.343252 	2.52049 	-8.63491e-18 	1.08423 	0.111604 	-4.02552e-22
-0.364248 	2.67466 	-7.3322e-18 	1.08298 	0.111933 	4.54053e-22
-0.376046 	2.7613 	-4.63975e-18 	1.07452 	0.0943633 	-4.88313e-22
-0.388454 	2.8524 	-6.63635e-18 	1.07356 	0.0946205 	4.18544e-22
-0.410271 	3.0126 	-1.16219e-17 	1.07261 	0.094885 	-1.28024e-23
-0.421843 	3.09758 	-1.3092e-17 	1.06424 	0.0794993 	1.23047e-22
-0.434744 	3.19231 	-1.36132e-17 	1.06351 	0.0797116 	-2.11086e-22
-0.457522 	3.35957 	-1.56172e-17 	1.06279 	0.0799302 	1.35839e-22
-0.468876 	3.44294 	-1.77009e-17 	1.05472 	0.0665136 	-6.65862e-22
