-0.0790989 	0.500567 	1.31839e-17 	0.0712356 	0.0114765 	3.22844e-20
-0.0798433 	0.505277 	8.67362e-18 	0.120714 	0.0208612 	-2.64517e-21
-0.0806226 	0.51021 	7.63278e-18 	0.171977 	0.0317393 	-9.78443e-21
-0.0814387 	0.515374 	3.46945e-18 	0.225019 	0.044088 	-3.63912e-20
-0.082293 	0.52078 	-4.51028e-18 	0.27979 	0.0579182 	-2.13214e-20
-0.0831876 	0.526441 	-5.89806e-18 	0.336193 	0.0732273 	4.28164e-20
-0.0841242 	0.532368 	-4.16334e-18 	0.394082 	0.0899824 	-1.17394e-20
-0.0851048 	0.538574 	-8.67362e-18 	0.45325 	0.108119 	2.11536e-20
-0.0861315 	0.545072 	-1.17961e-17 	0.513428 	0.127538 	-3.45196e-20
-0.0872065 	0.551875 	-1.249e-17 	0.57428 	0.148102 	2.59133e-20
-0.0883321 	0.558998 	-1.31839e-17 	0.635399 	0.169633 	4.73276e-20
-0.0895106 	0.566455 	-1.00301e-18 	0.696311 	0.191912 	-6.61448e-20
-0.0907444 	0.574264 	-8.28885e-18 	0.756482 	0.214675 	2.75436e-20
-0.0920363 	0.582439 	-1.66155e-17 	0.815323 	0.237621 	6.85519e-20
-0.0933889 	0.590999 	-2.77178e-17 	0.872214 	0.260414 	4.97401e-20
-0.0948051 	0.599961 	-3.2575e-17 	0.926516 	0.282695 	-7.79968e-20
-0.0962879 	0.609345 	-3.77791e-17 	0.977601 	0.304091 	2.5522e-20
-0.0978404 	0.619169 	-4.29833e-17 	1.02488 	0.324233 	1.94298e-20
-0.0994659 	0.629456 	-4.09017e-17 	1.06784 	0.342768 	-2.39397e-20
-0.101168 	0.640226 	-3.8473e-17 	1.10605 	0.359383 	-3.50548e-21
-0.10295 	0.651503 	-3.67383e-17 	1.13924 	0.373818 	3.90362e-20
-0.104815 	0.66331 	-3.63914e-17 	1.16724 	0.385883 	-2.7904e-20
-0.106769 	0.675672 	-3.2575e-17 	1.19008 	0.395468 	-5.88136e-20
-0.108814 	0.688615 	-2.5983e-17 	1.20793 	0.40255 	4.03406e-20
-0.110956 	0.702166 	-2.70239e-17 	1.2211 	0.407191 	-6.05004e-20
-0.113198 	0.716355 	-2.66769e-17 	1.23004 	0.409528 	3.49715e-20
-0.115545 	0.731211 	-2.45953e-17 	1.23527 	0.409765 	-2.6425e-20
-0.118003 	0.746765 	-2.56361e-17 	1.23739 	0.408149 	2.45949e-22
-0.120576 	0.76305 	-3.04933e-17 	1.23699 	0.404953 	2.81547e-20
-0.123271 	0.780101 	-4.02078e-17 	1.23465 	0.400458 	-4.34842e-20
-0.126092 	0.797954 	-4.09017e-17 	1.23091 	0.394929 	3.56036e-21
-0.129046 	0.816646 	-4.02267e-17 	1.22625 	0.388608 	1.67292e-20
-0.132138 	0.836217 	1.07864e-18 	1.22105 	0.381706 	5.79426e-20
-0.135376 	0.856708 	1.77253e-18 	1.21566 	0.374396 	-2.8869e-20
-0.138766 	0.878163 	2.81336e-18 	1.21033 	0.366821 	-2.14116e-20
-0.142316 	0.900626 	1.77253e-18 	1.20525 	0.359079 	2.03497e-20
-0.146032 	0.924145 	-2.73776e-18 	1.20055 	0.351243 	-2.61937e-20
-0.149924 	0.94877 	-6.90109e-18 	1.19624 	0.34356 	4.18808e-20
-0.153998 	0.974552 	-7.24804e-18 	1.19225 	0.336131 	-3.37101e-20
-0.156256 	0.988844 	-8.32296e-18 	1.17838 	0.291438 	4.80663e-21
-0.169173 	1.07058 	-7.30103e-18 	1.17158 	0.294343 	-2.11583e-21
-0.184878 	1.16997 	-6.245e-18 	1.16455 	0.297161 	-1.6446e-21
-0.197519 	1.24997 	-6.245e-18 	1.14429 	0.254802 	5.03805e-23
-0.214535 	1.35765 	-9.42304e-18 	1.13955 	0.256631 	2.38721e-21
-0.227072 	1.43699 	-1.25933e-17 	1.1292 	0.2116 	1.94142e-21
-0.244699 	1.54854 	-1.28847e-17 	1.12545 	0.212808 	-1.03862e-21
-0.257737 	1.63105 	-1.31839e-17 	1.12166 	0.214022 	-2.33903e-21
-0.270053 	1.70899 	-1.2837e-17 	1.11483 	0.182508 	-2.06029e-22
-0.289583 	1.83258 	-1.49833e-17 	1.11204 	0.183233 	3.56635e-22
-0.301785 	1.9098 	-1.72959e-17 	1.10409 	0.154548 	3.89788e-22
-0.318249 	2.01399 	4.04732e-18 	1.10196 	0.155119 	2.84227e-22
-0.334803 	2.11875 	5.55112e-18 	1.09983 	0.155695 	9.01703e-22
-0.346771 	2.19449 	7.51667e-18 	1.09262 	0.132096 	-1.61201e-22
-0.366122 	2.31694 	1.27208e-17 	1.091 	0.132513 	3.31698e-22
-0.381058 	2.41147 	1.59595e-17 	1.08939 	0.132938 	1.98758e-22
-0.39279 	2.48571 	1.43339e-17 	1.08175 	0.11227 	-5.73036e-22
-0.413048 	2.61391 	1.25992e-17 	1.08052 	0.112614 	-1.98538e-22
-0.428459 	2.71143 	9.02056e-18 	1.07931 	0.112967 	-1.58739e-22
-0.439955 	2.78418 	1.13827e-17 	1.07167 	0.0951569 	-2.36336e-22
-0.459033 	2.90492 	1.5893e-17 	1.07074 	0.0954363 	1.1976e-22
-0.477142 	3.01952 	1.52272e-17 	1.06983 	0.0957234 	3.74156e-23
-0.488408 	3.09081 	1.67351e-17 	1.06208 	0.0801552 	1.50476e-22
-0.504099 	3.19011 	1.60795e-17 	1.06138 	0.0803866 	-6.07863e-23
-0.526298 	3.33059 	1.63064e-17 	1.06069 	0.0806247 	-4.49768e-23
-0.538318 	3.40666 	1.80411e-17 	1.06002 	0.0808696 	4.25564e-23
