-0.0897734 	0.498737 	1.35308e-17 	0.0755802 	0.0141397 	3.69006e-20
-0.0906182 	0.503431 	1.249e-17 	0.127789 	0.0253235 	-3.91128e-20
-0.0915027 	0.508345 	1.35308e-17 	0.18165 	0.0380181 	7.24616e-20
-0.0924289 	0.51349 	1.2837e-17 	0.237138 	0.0521894 	-9.57583e-20
-0.0933985 	0.518877 	1.2837e-17 	0.294178 	0.0678342 	5.69559e-20
-0.0944138 	0.524517 	1.73472e-17 	0.352647 	0.0849328 	5.07522e-20
-0.0954768 	0.530423 	1.66533e-17 	0.412367 	0.103432 	-1.46371e-19
-0.0965898 	0.536606 	1.31839e-17 	0.473102 	0.123245 	1.49044e-19
-0.0977551 	0.54308 	1.31839e-17 	0.534553 	0.144248 	-1.28128e-19
-0.0989751 	0.549858 	1.31839e-17 	0.596352 	0.166275 	4.46551e-20
-0.100253 	0.556955 	1.04083e-17 	0.658064 	0.189121 	-5.81749e-20
-0.10159 	0.564385 	6.59195e-18 	0.719192 	0.212536 	3.82039e-20
-0.10299 	0.572165 	2.1089e-18 	0.779184 	0.236231 	-6.40635e-21
-0.104457 	0.58031 	-2.40138e-18 	0.837444 	0.259879 	9.34585e-20
-0.105992 	0.588839 	-9.16681e-18 	0.893354 	0.283127 	-1.31807e-19
-0.107599 	0.597768 	-1.12485e-17 	0.946291 	0.3056 	8.04373e-20
-0.109282 	0.607118 	-1.15954e-17 	0.995659 	0.326923 	2.97909e-20
-0.111044 	0.616907 	-1.1075e-17 	1.04092 	0.346728 	7.04768e-21
-0.112889 	0.627156 	-1.19424e-17 	1.0816 	0.36468 	-3.63517e-20
-0.11482 	0.637887 	-1.29832e-17 	1.11737 	0.38049 	-6.53714e-20
-0.116843 	0.649122 	-9.51376e-18 	1.14801 	0.393932 	1.38601e-19
-0.11896 	0.660886 	-7.25862e-18 	1.17346 	0.404858 	-4.25411e-20
-0.121177 	0.673202 	-7.08515e-18 	1.19382 	0.413205 	-9.92158e-21
-0.123499 	0.686098 	-1.00342e-17 	1.20933 	0.418996 	-4.32505e-20
-0.125929 	0.6996 	-1.24628e-17 	1.22037 	0.422339 	-2.20903e-20
-0.128474 	0.713737 	-1.12485e-17 	1.22744 	0.423413 	-1.07916e-20
-0.131138 	0.728538 	-1.00342e-17 	1.23108 	0.422454 	9.39491e-20
-0.133928 	0.744036 	-9.16682e-18 	1.2319 	0.419731 	-9.48994e-20
-0.136848 	0.760262 	-9.16682e-18 	1.23048 	0.415532 	1.23526e-19
-0.139906 	0.77725 	-8.64641e-18 	1.22738 	0.41014 	-3.48061e-20
-0.143108 	0.795038 	-9.51377e-18 	1.2231 	0.403817 	-4.56772e-20
-0.14646 	0.813662 	-1.23897e-17 	1.21809 	0.396797 	-2.01136e-20
-0.14997 	0.833161 	1.58846e-18 	1.2127 	0.389277 	-1.76502e-20
-0.153645 	0.853577 	-1.53404e-18 	1.20723 	0.381418 	1.84401e-20
-0.157493 	0.874953 	-2.05446e-18 	1.2019 	0.373351 	1.88627e-20
-0.161522 	0.897334 	-2.74835e-18 	1.19689 	0.365164 	-4.90618e-20
-0.16574 	0.920767 	-5.69738e-18 	1.1923 	0.356923 	-9.52785e-21
-0.170156 	0.945302 	-6.91169e-18 	1.18814 	0.348886 	-2.68874e-20
-0.17478 	0.97099 	-6.04433e-18 	1.18431 	0.341121 	1.33328e-21
-0.179663 	0.998117 	-1.48119e-18 	1.17158 	0.294343 	-2.11583e-21
-0.194859 	1.08254 	-1.23458e-18 	1.16455 	0.297161 	-1.6446e-21
-0.210299 	1.16832 	-4.85723e-18 	1.15724 	0.299889 	-2.41733e-21
-0.222875 	1.23819 	-5.55112e-18 	1.13955 	0.256631 	2.38721e-21
-0.242092 	1.34494 	-7.45395e-18 	1.13481 	0.258385 	-2.63617e-22
-0.254562 	1.41422 	-8.35397e-18 	1.12545 	0.212808 	-1.03862e-21
-0.269987 	1.49992 	-1.02675e-17 	1.12166 	0.214022 	-2.33903e-21
-0.287483 	1.59711 	-1.2837e-17 	1.11784 	0.215235 	-5.68835e-23
-0.299728 	1.66514 	-1.27368e-17 	1.11204 	0.183233 	3.56635e-22
-0.318966 	1.77201 	4.41009e-18 	1.10923 	0.183954 	-1.01004e-21
-0.333864 	1.85478 	1.73472e-18 	1.1064 	0.184671 	-1.32166e-21
-0.345874 	1.9215 	2.05869e-18 	1.09983 	0.155695 	9.01703e-22
-0.367004 	2.03889 	7.6098e-18 	1.0977 	0.156275 	-6.2029e-22
-0.381315 	2.11839 	1.2837e-17 	1.09557 	0.156859 	3.32718e-22
-0.393082 	2.18377 	1.44052e-17 	1.08939 	0.132938 	1.98758e-22
-0.414073 	2.30038 	1.614e-17 	1.08778 	0.133371 	1.70873e-22
-0.429939 	2.38853 	1.80411e-17 	1.08618 	0.133811 	-5.68789e-23
-0.441461 	2.45254 	1.85342e-17 	1.07931 	0.112967 	-1.58739e-22
-0.460162 	2.55643 	2.13097e-17 	1.0781 	0.113327 	-5.86875e-24
-0.479866 	2.66589 	2.2706e-17 	1.07691 	0.113696 	3.78691e-23
-0.491144 	2.72855 	2.187e-17 	1.06983 	0.0957234 	3.74156e-23
-0.505274 	2.80705 	2.65571e-17 	1.06893 	0.0960182 	-1.1347e-23
-0.527469 	2.93035 	3.25973e-17 	1.06804 	0.096321 	6.18793e-23
-0.542278 	3.01262 	3.22659e-17 	1.06715 	0.096632 	-1.06012e-22
-0.553198 	3.07329 	3.12529e-17 	1.06002 	0.0808696 	4.25564e-23
-0.571152 	3.17303 	3.08846e-17 	1.05935 	0.0811212 	8.95552e-23
-0.592649 	3.29246 	1.73472e-18 	1.05869 	0.0813798 	-7.98806e-23
-0.605742 	3.3652 	1.73472e-18 	1.05806 	0.0816454 	3.01177e-22
