-0.100408 	0.496692 	2.42861e-18 	0.0798101 	0.0170275 	-3.44528e-20
-0.101353 	0.501366 	2.42861e-18 	0.134655 	0.0301416 	6.76623e-20
-0.102343 	0.50626 	-3.81639e-18 	0.191007 	0.0447686 	1.62739e-21
-0.103378 	0.511384 	-8.32667e-18 	0.248818 	0.0608621 	-6.13154e-20
-0.104463 	0.516749 	-6.59195e-18 	0.307989 	0.078403 	1.22853e-19
-0.105599 	0.522366 	-5.89806e-18 	0.368368 	0.0973532 	-2.56446e-20
-0.106787 	0.528247 	-8.67362e-18 	0.429752 	0.117639 	-8.29891e-20
-0.108032 	0.534405 	-6.93889e-18 	0.491874 	0.139148 	1.17845e-20
-0.109336 	0.540852 	-5.20417e-18 	0.554406 	0.161731 	2.93984e-20
-0.1107 	0.547603 	-5.20417e-18 	0.616951 	0.185195 	2.61233e-20
-0.112129 	0.55467 	-3.46945e-18 	0.679052 	0.209308 	3.08957e-20
-0.113625 	0.56207 	-3.46945e-18 	0.740193 	0.233791 	-5.4761e-21
-0.115191 	0.569818 	7.99627e-18 	0.79981 	0.258331 	-3.48058e-20
-0.116831 	0.57793 	9.38405e-18 	0.857307 	0.282579 	8.1747e-21
-0.118548 	0.586424 	1.07718e-17 	0.912075 	0.306166 	4.83228e-21
-0.120346 	0.595317 	1.21596e-17 	0.963516 	0.328711 	-3.15076e-21
-0.122228 	0.604628 	1.04249e-17 	1.01107 	0.349836 	-9.06849e-20
-0.124199 	0.614376 	1.21596e-17 	1.05425 	0.369185 	8.93327e-20
-0.126262 	0.624583 	1.32004e-17 	1.09265 	0.386445 	7.3366e-21
-0.128423 	0.63527 	1.25065e-17 	1.12601 	0.401354 	-6.19265e-20
-0.130685 	0.64646 	1.38943e-17 	1.15419 	0.413726 	-4.28793e-20
-0.133053 	0.658175 	1.32004e-17 	1.17721 	0.423456 	4.19325e-20
-0.135533 	0.670441 	1.14657e-17 	1.19525 	0.430529 	1.87932e-20
-0.138129 	0.683284 	7.64932e-18 	1.20861 	0.435016 	4.83998e-20
-0.140847 	0.696731 	4.09314e-18 	1.21774 	0.437067 	-9.1148e-20
-0.143693 	0.71081 	1.23084e-18 	1.22314 	0.436898 	1.23292e-19
-0.146673 	0.72555 	-2.58555e-18 	1.22541 	0.434772 	-1.09007e-19
-0.149793 	0.740984 	-1.89166e-18 	1.22512 	0.43098 	-2.16581e-22
-0.15306 	0.757143 	-4.32027e-18 	1.22286 	0.425816 	-2.98619e-21
-0.15648 	0.774063 	-1.3948e-17 	1.21916 	0.419564 	9.62204e-20
-0.160061 	0.791777 	-2.20145e-17 	1.21448 	0.41248 	9.94824e-21
-0.163811 	0.810325 	-2.47983e-17 	1.20922 	0.404788 	-6.9489e-20
-0.167736 	0.829744 	8.95036e-18 	1.20372 	0.39667 	-6.61469e-20
-0.171847 	0.850076 	1.19861e-17 	1.19823 	0.388278 	-2.91614e-20
-0.17615 	0.871365 	1.23331e-17 	1.19296 	0.379728 	7.71328e-21
-0.180656 	0.893654 	1.54556e-17 	1.18807 	0.371101 	4.0472e-20
-0.185374 	0.916991 	1.75372e-17 	1.18364 	0.362457 	-1.44736e-20
-0.190313 	0.941425 	1.33739e-17 	1.17965 	0.354065 	-6.38221e-20
-0.195485 	0.967008 	1.32004e-17 	1.17601 	0.345964 	7.40746e-20
-0.202968 	1.00402 	1.50263e-17 	1.16455 	0.297161 	-1.6446e-21
-0.220412 	1.09032 	1.70129e-17 	1.15724 	0.299889 	-2.41733e-21
-0.235576 	1.16533 	2.01228e-17 	1.14962 	0.302521 	-1.20782e-21
-0.248079 	1.22717 	1.94133e-17 	1.13481 	0.258385 	-2.63617e-22
-0.269452 	1.3329 	1.86112e-17 	1.12997 	0.260056 	-4.8732e-23
-0.281845 	1.39421 	1.82215e-17 	1.12166 	0.214022 	-2.33903e-21
-0.29509 	1.45973 	1.46638e-17 	1.11784 	0.215235 	-5.68835e-23
-0.316958 	1.5679 	1.61424e-18 	1.11399 	0.216441 	-5.53191e-22
-0.32912 	1.62806 	4.93798e-18 	1.10923 	0.183954 	-1.01004e-21
-0.343738 	1.70037 	1.06096e-17 	1.1064 	0.184671 	-1.32166e-21
-0.365567 	1.80835 	1.43231e-17 	1.10354 	0.185386 	3.23618e-22
-0.377487 	1.86732 	1.4557e-17 	1.0977 	0.156275 	-6.2029e-22
-0.391418 	1.93623 	1.65403e-17 	1.09557 	0.156859 	3.32718e-22
-0.414884 	2.05231 	1.97758e-17 	1.09344 	0.157445 	-3.35507e-23
-0.427037 	2.11243 	2.15106e-17 	1.0913 	0.158035 	6.55928e-23
-0.43858 	2.16953 	2.12213e-17 	1.08618 	0.133811 	-5.68789e-23
-0.461055 	2.28071 	1.94866e-17 	1.08459 	0.13426 	-2.06749e-23
-0.47787 	2.36388 	1.80411e-17 	1.083 	0.134716 	1.39121e-22
-0.489157 	2.41972 	1.98497e-17 	1.07691 	0.113696 	3.78691e-23
-0.506204 	2.50405 	1.63803e-17 	1.07572 	0.114073 	-2.95681e-23
-0.528395 	2.61382 	1.45717e-17 	1.07455 	0.114458 	-1.47636e-22
-0.541171 	2.67702 	1.80411e-17 	1.07338 	0.114852 	-2.55347e-22
-0.552077 	2.73096 	1.7817e-17 	1.06715 	0.096632 	-1.06012e-22
-0.572018 	2.82961 	2.016e-17 	1.06628 	0.0969511 	-2.05467e-22
-0.593455 	2.93565 	-4.85723e-18 	1.06542 	0.0972784 	-6.1121e-22
-0.605429 	2.99489 	-3.46945e-18 	1.06457 	0.0976142 	2.64469e-22
-0.615964 	3.04699 	-2.80201e-18 	1.05806 	0.0816454 	3.01177e-22
-0.635594 	3.1441 	-4.53673e-18 	1.05744 	0.0819185 	-1.93895e-22
-0.656305 	3.24655 	-5.20417e-18 	1.05683 	0.0821997 	1.76169e-22
-0.670871 	3.31861 	-3.46945e-18 	1.05617 	0.0824883 	-5.08308e-22
-0.681054 	3.36898 	-5.7009e-19 	1.04958 	0.0684761 	-1.44585e-24
