-0.110999 	0.494431 	-1.64305e-17 	0.0838927 	0.0201295 	2.32503e-20
-0.112043 	0.499084 	-1.35682e-17 	0.141261 	0.0352971 	-1.43945e-19
-0.113137 	0.503956 	-1.13998e-17 	0.199977 	0.0519638 	7.88017e-20
-0.114282 	0.509056 	-7.97375e-18 	0.259971 	0.0700692 	7.24897e-20
-0.115481 	0.514397 	-2.76958e-18 	0.321119 	0.0895774 	-2.91102e-20
-0.116736 	0.519988 	-2.76958e-18 	0.383245 	0.11043 	-1.51309e-19
-0.118051 	0.525843 	-2.16243e-18 	0.446115 	0.132532 	-1.42703e-20
-0.119427 	0.531973 	-2.59611e-18 	0.509436 	0.155746 	1.06682e-19
-0.120868 	0.53839 	-4.67778e-18 	0.572853 	0.179895 	6.67613e-20
-0.122376 	0.54511 	-5.3283e-18 	0.635946 	0.204762 	-1.12765e-19
-0.123956 	0.552146 	-5.84872e-18 	0.698238 	0.230084 	7.20121e-20
-0.125609 	0.559512 	-4.114e-18 	0.759199 	0.25556 	-1.1652e-20
-0.127341 	0.567225 	2.94306e-18 	0.81826 	0.280851 	4.33146e-20
-0.129154 	0.5753 	3.9839e-18 	0.874831 	0.305594 	-6.52387e-20
-0.131052 	0.583755 	5.02473e-18 	0.928319 	0.329406 	-2.50167e-20
-0.133039 	0.592607 	5.71862e-18 	0.978157 	0.351902 	1.82529e-19
-0.13512 	0.601876 	3.63696e-18 	1.02383 	0.372712 	-3.43042e-20
-0.137299 	0.61158 	3.29001e-18 	1.0649 	0.391496 	-3.56446e-21
-0.13958 	0.62174 	2.94307e-18 	1.10104 	0.407963 	-2.14853e-20
-0.141968 	0.632379 	3.98391e-18 	1.13204 	0.421888 	3.40284e-20
-0.144469 	0.643517 	4.6778e-18 	1.15787 	0.433125 	1.69024e-20
-0.147087 	0.655179 	4.6778e-18 	1.1786 	0.441617 	-8.01885e-20
-0.149828 	0.66739 	7.45336e-18 	1.19449 	0.447393 	-1.58069e-20
-0.152698 	0.680174 	1.19636e-17 	1.2059 	0.450572 	6.16513e-20
-0.155703 	0.693559 	1.19636e-17 	1.21331 	0.451343 	4.36984e-20
-0.158849 	0.707574 	9.18808e-18 	1.21726 	0.449957 	-6.52804e-20
-0.162144 	0.722248 	6.41253e-18 	1.21834 	0.4467 	1.77725e-20
-0.165593 	0.737611 	2.24919e-18 	1.21714 	0.441876 	1.99256e-20
-0.169204 	0.753697 	4.33086e-18 	1.21421 	0.435786 	1.10254e-20
-0.172985 	0.770539 	4.67781e-18 	1.21004 	0.42871 	-8.26509e-20
-0.176944 	0.788173 	4.67781e-18 	1.20508 	0.420897 	5.35346e-20
-0.181089 	0.806636 	9.97466e-18 	1.19968 	0.412557 	8.51592e-21
-0.185428 	0.825967 	-1.56719e-18 	1.19415 	0.403862 	9.94348e-21
-0.189972 	0.846207 	5.14478e-19 	1.1887 	0.394949 	-1.96516e-20
-0.19473 	0.867398 	-1.7941e-19 	1.18354 	0.385927 	6.47336e-20
-0.199711 	0.889586 	-5.26354e-19 	1.17879 	0.376865 	-7.20695e-20
-0.204926 	0.912817 	-5.26352e-19 	1.17455 	0.36782 	8.95314e-20
-0.210387 	0.93714 	-1.56719e-18 	1.17076 	0.359071 	1.16347e-20
-0.216104 	0.962607 	-1.91413e-18 	1.16735 	0.350639 	-6.08212e-20
-0.226158 	1.00739 	3.29713e-19 	1.15724 	0.299889 	-2.41733e-21
-0.245817 	1.09496 	-9.68364e-19 	1.14962 	0.302521 	-1.20782e-21
-0.26069 	1.16121 	-5.89806e-18 	1.14183 	0.305049 	4.89203e-21
-0.273111 	1.21654 	-6.14512e-18 	1.12997 	0.260056 	-4.8732e-23
-0.295495 	1.31624 	-7.81487e-18 	1.12496 	0.261638 	-1.74086e-21
-0.308894 	1.37593 	0 	1.11983 	0.263132 	-3.15045e-21
-0.321084 	1.43023 	8.04409e-20 	1.11399 	0.216441 	-5.53191e-22
-0.344252 	1.53343 	8.04409e-20 	1.1101 	0.217637 	1.24564e-21
-0.358195 	1.59553 	0 	1.10617 	0.218818 	-1.3406e-21
-0.370141 	1.64874 	-6.95053e-19 	1.10354 	0.185386 	3.23618e-22
-0.392032 	1.74625 	-6.95053e-19 	1.10066 	0.186099 	-4.46079e-22
-0.408674 	1.82039 	-1.73472e-18 	1.09776 	0.186809 	7.64101e-24
-0.420365 	1.87246 	-3.45537e-18 	1.09344 	0.157445 	-3.35507e-23
-0.438792 	1.95454 	-2.76148e-18 	1.0913 	0.158035 	6.55928e-23
-0.460437 	2.05096 	-5.09935e-19 	1.08916 	0.158627 	2.49392e-22
-0.471865 	2.10186 	-5.70784e-19 	1.08459 	0.13426 	-2.06749e-23
-0.484502 	2.15815 	-4.27875e-18 	1.083 	0.134716 	1.39121e-22
-0.506959 	2.25818 	-5.25874e-18 	1.08141 	0.13518 	1.72205e-22
-0.524741 	2.33739 	-1.5951e-18 	1.07983 	0.135652 	2.66551e-23
-0.535768 	2.38651 	-7.41588e-19 	1.07455 	0.114458 	-1.47636e-22
-0.551068 	2.45466 	1.93616e-18 	1.07338 	0.114852 	-2.55347e-22
-0.572721 	2.55111 	7.77668e-18 	1.07222 	0.115254 	1.19114e-22
-0.589905 	2.62765 	-1.39925e-17 	1.07106 	0.115665 	7.6806e-22
-0.600532 	2.67499 	-1.83231e-17 	1.06542 	0.0972784 	-6.1121e-22
-0.61523 	2.74046 	-1.46314e-17 	1.06457 	0.0976142 	2.64469e-22
-0.63609 	2.83338 	-8.56604e-18 	1.06376 	0.0979593 	1.78294e-22
-0.656107 	2.92254 	-6.32382e-18 	1.06295 	0.0983143 	7.97728e-22
-0.666343 	2.96813 	-4.9577e-18 	1.05683 	0.0821997 	1.76169e-22
-0.677033 	3.01575 	-6.66544e-18 	1.05617 	0.0824883 	-5.08308e-22
-0.697124 	3.10524 	-8.37851e-18 	1.05545 	0.0827823 	-2.08426e-22
-0.72613 	3.23445 	-5.55112e-18 	1.05318 	0.0839458 	0
