-0.121542 	0.491956 	7.80146e-18 	0.0877964 	0.0234328 	3.581e-20
-0.122686 	0.496585 	7.97493e-18 	0.147555 	0.0407677 	-5.25474e-20
-0.123884 	0.501433 	6.76063e-18 	0.208491 	0.0595708 	3.67099e-20
-0.125138 	0.506508 	7.28105e-18 	0.270514 	0.0797673 	-4.14826e-20
-0.12645 	0.511821 	1.07505e-17 	0.333474 	0.101303 	-7.80697e-20
-0.127825 	0.517385 	9.70966e-18 	0.397169 	0.124099 	2.45405e-20
-0.129264 	0.52321 	5.89327e-18 	0.46134 	0.148034 	9.77846e-20
-0.130771 	0.529309 	5.02591e-18 	0.525669 	0.17295 	4.38094e-20
-0.132349 	0.535695 	7.97494e-18 	0.589776 	0.198642 	-9.06324e-20
-0.134 	0.542381 	9.70966e-18 	0.653221 	0.224865 	-3.88264e-22
-0.13573 	0.549381 	9.18924e-18 	0.715513 	0.251332 	-1.42288e-20
-0.137541 	0.556711 	9.53619e-18 	0.776113 	0.277718 	1.73055e-20
-0.139437 	0.564385 	8.14841e-18 	0.834453 	0.303665 	-2.20651e-21
-0.141422 	0.57242 	-9.88314e-18 	0.889954 	0.328794 	8.94013e-20
-0.1435 	0.580832 	-9.88314e-18 	0.942047 	0.352717 	-1.72612e-20
-0.145676 	0.58964 	-7.628e-18 	0.990199 	0.375051 	2.12003e-20
-0.147955 	0.598862 	-3.46466e-18 	1.03394 	0.395435 	-6.00278e-20
-0.15034 	0.608518 	-4.33202e-18 	1.0729 	0.413551 	5.71952e-20
-0.152838 	0.618628 	-7.628e-18 	1.10681 	0.429138 	-1.39019e-20
-0.155453 	0.629213 	-5.7198e-18 	1.13556 	0.442008 	-5.80649e-22
-0.158191 	0.640295 	-5.37286e-18 	1.15914 	0.452059 	-4.36848e-20
-0.161058 	0.651899 	-2.94425e-18 	1.17774 	0.45928 	1.89215e-20
-0.164059 	0.664048 	1.21909e-18 	1.19166 	0.463749 	2.36072e-20
-0.167202 	0.676769 	-1.20953e-18 	1.2013 	0.465625 	5.39103e-21
-0.170493 	0.690087 	-3.98508e-18 	1.2072 	0.465138 	-8.4471e-20
-0.173938 	0.704032 	-3.46467e-18 	1.2099 	0.462565 	6.46899e-20
-0.177545 	0.718632 	-5.71981e-18 	1.20999 	0.458214 	5.84619e-20
-0.181322 	0.733919 	-6.24023e-18 	1.20804 	0.452398 	3.76935e-20
-0.185276 	0.749924 	-5.89328e-18 	1.20459 	0.445421 	-4.74633e-21
-0.189416 	0.766682 	-9.18926e-18 	1.20009 	0.437557 	1.38844e-20
-0.193751 	0.784227 	-1.02301e-17 	1.19495 	0.429044 	-6.92286e-20
-0.198289 	0.802598 	-8.84231e-18 	1.1895 	0.420081 	-2.72097e-20
-0.203041 	0.821832 	-6.76542e-18 	1.18399 	0.410826 	6.75999e-20
-0.208017 	0.841971 	6.98663e-19 	1.17865 	0.401406 	1.25765e-20
-0.213226 	0.863056 	-3.42172e-19 	1.17363 	0.39192 	-4.6089e-20
-0.21868 	0.885133 	1.04561e-18 	1.16906 	0.382429 	6.53997e-20
-0.224391 	0.908247 	4.34158e-18 	1.16503 	0.372984 	-4.66687e-20
-0.23037 	0.932448 	2.60686e-18 	1.16148 	0.363875 	-1.57258e-20
-0.23663 	0.957787 	2.78033e-18 	1.15832 	0.355133 	3.74305e-20
-0.249222 	1.00875 	4.4045e-18 	1.14962 	0.302521 	-1.20782e-21
-0.271056 	1.09713 	2.6674e-18 	1.14183 	0.305049 	4.89203e-21
-0.285626 	1.1561 	1.38778e-18 	1.13392 	0.307445 	2.08002e-21
-0.297957 	1.20601 	-1.1818e-18 	1.12496 	0.261638 	-1.74086e-21
-0.320373 	1.29675 	-2.92711e-19 	1.11983 	0.263132 	-3.15045e-21
-0.335687 	1.35873 	-1.73472e-18 	1.11458 	0.264529 	5.62412e-22
-0.347779 	1.40767 	-1.15106e-18 	1.1101 	0.217637 	1.24564e-21
-0.368736 	1.4925 	-2.19189e-18 	1.10617 	0.218818 	-1.3406e-21
-0.386922 	1.56611 	-8.97385e-19 	1.10221 	0.21998 	4.44721e-22
-0.39876 	1.61403 	-9.91816e-19 	1.10066 	0.186099 	-4.46079e-22
-0.416087 	1.68416 	-3.21693e-18 	1.09776 	0.186809 	7.64101e-24
-0.439368 	1.77839 	-5.55112e-18 	1.09483 	0.187517 	1.06454e-22
-0.450993 	1.82544 	-6.93889e-18 	1.09188 	0.188223 	-2.62358e-22
-0.462431 	1.87174 	-8.83775e-18 	1.08916 	0.158627 	2.49392e-22
-0.48512 	1.96358 	-1.05725e-17 	1.08702 	0.159221 	-7.53142e-22
-0.504547 	2.04221 	-1.26938e-17 	1.08487 	0.159818 	-1.69391e-22
-0.51571 	2.08739 	-1.55969e-17 	1.08141 	0.13518 	1.72205e-22
-0.52977 	2.1443 	-1.71564e-17 	1.07983 	0.135652 	2.66551e-23
-0.551677 	2.23297 	-1.87636e-17 	1.07825 	0.136132 	-7.04666e-22
-0.570445 	2.30894 	-1.99713e-17 	1.07667 	0.13662 	4.16355e-22
-0.581188 	2.35242 	-2.13332e-17 	1.07222 	0.115254 	1.19114e-22
-0.594649 	2.40691 	2.91125e-18 	1.07106 	0.115665 	7.6806e-22
-0.615715 	2.49217 	4.75861e-18 	1.06993 	0.116085 	-7.08515e-22
-0.636501 	2.57631 	3.81639e-18 	1.06884 	0.116515 	2.25174e-22
-0.647558 	2.62106 	2.08167e-18 	1.06773 	0.116956 	-1.24612e-21
-0.657743 	2.66229 	6.24147e-18 	1.06295 	0.0983143 	7.97728e-22
-0.67724 	2.7412 	9.01703e-18 	1.06204 	0.098678 	-1.83708e-22
-0.697197 	2.82198 	9.36751e-18 	1.06107 	0.0990471 	7.32107e-22
-0.71641 	2.89975 	1.11022e-17 	1.05803 	0.100501 	0
-0.772874 	3.1283 	1.215e-17 	1.05318 	0.0839458 	0
