-0.132033 	0.489267 	-1.89237e-17 	0.0914908 	0.0269218 	-2.99719e-21
-0.133275 	0.493871 	-1.99646e-17 	0.15349 	0.0465267 	-1.07135e-20
-0.134576 	0.498692 	-2.13524e-17 	0.216487 	0.0675518 	-4.05203e-20
-0.135938 	0.50374 	-1.82299e-17 	0.280369 	0.0899067 	-3.31182e-20
-0.137364 	0.509024 	-1.51073e-17 	0.344964 	0.113518 	7.72537e-20
-0.138857 	0.514558 	-1.7189e-17 	0.410044 	0.138284 	-5.79099e-20
-0.140421 	0.520351 	-2.06585e-17 	0.475325 	0.164061 	1.24619e-19
-0.142058 	0.526417 	-2.3434e-17 	0.540468 	0.190664 	-9.71322e-21
-0.143772 	0.532767 	-2.20462e-17 	0.60507 	0.217864 	-4.3669e-20
-0.145566 	0.539417 	-2.10054e-17 	0.668678 	0.24539 	2.52047e-20
-0.147445 	0.546379 	-2.20463e-17 	0.730787 	0.27293 	-1.14071e-19
-0.149412 	0.553668 	-2.41279e-17 	0.790857 	0.300138 	1.54922e-19
-0.151471 	0.5613 	-2.06585e-17 	0.848327 	0.326641 	-5.08961e-20
-0.153628 	0.569291 	-1.03497e-17 	0.902634 	0.35205 	-1.60368e-19
-0.155886 	0.577658 	-9.30887e-18 	0.953238 	0.375974 	1.17787e-19
-0.15825 	0.586418 	-9.09203e-18 	0.999646 	0.398036 	-2.07715e-20
-0.160725 	0.595589 	-1.08268e-17 	1.04144 	0.417892 	7.5759e-20
-0.163316 	0.605192 	-8.26803e-18 	1.07831 	0.435248 	-4.81669e-20
-0.166029 	0.615247 	-6.22973e-18 	1.11006 	0.449877 	9.84453e-21
-0.16887 	0.625774 	-5.53584e-18 	1.13663 	0.461633 	2.91222e-21
-0.171845 	0.636796 	-4.19143e-18 	1.15812 	0.470458 	-7.82845e-20
-0.174959 	0.648336 	-1.41587e-18 	1.17474 	0.476389 	-5.71737e-20
-0.178219 	0.660419 	1.18622e-18 	1.18687 	0.479548 	4.367e-20
-0.181633 	0.67307 	4.35209e-18 	1.19494 	0.480136 	2.26078e-20
-0.185208 	0.686316 	7.34449e-18 	1.19951 	0.478417 	3.19551e-20
-0.18895 	0.700184 	3.74494e-18 	1.20115 	0.474693 	-7.23189e-20
-0.192869 	0.714705 	1.44643e-18 	1.20042 	0.469288 	-6.44693e-20
-0.196972 	0.729908 	2.96432e-18 	1.19789 	0.462521 	2.35507e-20
-0.201267 	0.745825 	4.05604e-19 	1.19405 	0.454695 	-5.54e-20
-0.205765 	0.762492 	-3.54089e-18 	1.18934 	0.446077 	2.1682e-20
-0.210474 	0.779941 	-6.96697e-18 	1.18412 	0.436893 	3.42945e-20
-0.215404 	0.798212 	-8.91853e-18 	1.17869 	0.427331 	4.63914e-20
-0.220566 	0.817341 	-1.2837e-17 	1.17328 	0.417535 	-1.66735e-20
-0.225971 	0.837369 	-3.1072e-18 	1.16808 	0.407623 	1.08014e-19
-0.23163 	0.858339 	-4.88529e-18 	1.16324 	0.397683 	-3.97803e-20
-0.237555 	0.880295 	-4.84192e-18 	1.15888 	0.387769 	-3.00561e-20
-0.243759 	0.903283 	-2.32657e-18 	1.15508 	0.377924 	5.47848e-20
-0.250254 	0.927352 	-3.84445e-18 	1.15178 	0.368448 	4.04161e-20
-0.257054 	0.952553 	-4.97202e-18 	1.14885 	0.359423 	-1.89963e-20
-0.272147 	1.00848 	-3.21532e-18 	1.14183 	0.305049 	4.89203e-21
-0.296112 	1.09728 	-2.03581e-18 	1.13392 	0.307445 	2.08002e-21
-0.310365 	1.1501 	2.08167e-18 	1.1258 	0.309691 	1.09786e-21
-0.322597 	1.19543 	1.0423e-18 	1.11983 	0.263132 	-3.15045e-21
-0.345037 	1.27858 	-3.46798e-18 	1.11458 	0.264529 	5.62412e-22
-0.362208 	1.34221 	-6.93889e-18 	1.10922 	0.265823 	1.38849e-21
-0.374192 	1.38662 	-4.31654e-18 	1.10617 	0.218818 	-1.3406e-21
-0.39297 	1.45621 	-5.00151e-19 	1.10221 	0.21998 	4.44721e-22
-0.415287 	1.53891 	-1.53684e-18 	1.09821 	0.221117 	4.67675e-23
-0.427009 	1.58234 	-2.98035e-18 	1.09776 	0.186809 	7.64101e-24
-0.439853 	1.62994 	-2.36196e-18 	1.09483 	0.187517 	1.06454e-22
-0.462886 	1.71529 	-2.65318e-18 	1.09188 	0.188223 	-2.62358e-22
-0.481104 	1.7828 	-9.03573e-19 	1.0889 	0.188927 	5.8575e-22
-0.49241 	1.8247 	2.02967e-18 	1.08702 	0.159221 	-7.53142e-22
-0.50811 	1.88287 	1.51684e-18 	1.08487 	0.159818 	-1.69391e-22
-0.530294 	1.96508 	-1.76335e-18 	1.08272 	0.160417 	1.04185e-21
-0.547606 	2.02923 	-4.11111e-19 	1.08055 	0.161018 	-3.23916e-23
-0.558481 	2.06953 	7.96692e-19 	1.07825 	0.136132 	-7.04666e-22
-0.573793 	2.12627 	7.70309e-19 	1.07667 	0.13662 	4.16355e-22
-0.595105 	2.20524 	6.29219e-18 	1.07509 	0.137115 	1.0593e-21
-0.614874 	2.2785 	6.42618e-18 	1.07354 	0.137619 	1.52202e-21
-0.62531 	2.31717 	9.84958e-18 	1.06993 	0.116085 	-7.08515e-22
-0.636846 	2.35992 	7.33265e-18 	1.06884 	0.116515 	2.25174e-22
-0.657276 	2.43563 	2.86841e-18 	1.06773 	0.116956 	-1.24612e-21
-0.677413 	2.51025 	3.81639e-18 	1.06648 	0.117405 	-1.10281e-22
-0.693006 	2.56803 	5.21304e-18 	1.06514 	0.117857 	1.36477e-21
-0.702855 	2.60453 	6.10608e-18 	1.06107 	0.0990471 	7.32107e-22
-0.749896 	2.77884 	4.76618e-18 	1.05803 	0.100501 	0
-0.824684 	3.05598 	1.09758e-18 	1.05318 	0.0839458 	0
-0.876197 	3.24687 	-1.38778e-18 	1.04519 	0.0781623 	0
