-0.142457 	0.486327 	-2.39392e-17 	0.0914908 	0.0269218 	-2.99719e-21
-0.143797 	0.490904 	-2.11636e-17 	0.15349 	0.0465267 	-1.07135e-20
-0.145201 	0.495696 	-1.80411e-17 	0.216487 	0.0675518 	-4.05203e-20
-0.146671 	0.500713 	-1.52656e-17 	0.280369 	0.0899067 	-3.31182e-20
-0.148209 	0.505966 	-1.07553e-17 	0.344964 	0.113518 	7.72537e-20
-0.14982 	0.511466 	-1.07553e-17 	0.410044 	0.138284 	-5.79099e-20
-0.151507 	0.517224 	-9.36751e-18 	0.475325 	0.164061 	1.24619e-19
-0.153273 	0.523253 	-9.36751e-18 	0.540468 	0.190664 	-9.71322e-21
-0.155123 	0.529566 	-1.38778e-17 	0.60507 	0.217864 	-4.3669e-20
-0.157059 	0.536176 	-1.35308e-17 	0.668678 	0.24539 	2.52047e-20
-0.159086 	0.543096 	-1.38778e-17 	0.730787 	0.27293 	-1.14071e-19
-0.161208 	0.550341 	-1.14492e-17 	0.790857 	0.300138 	1.54922e-19
-0.16343 	0.557928 	-3.46945e-18 	0.848327 	0.326641 	-5.08961e-20
-0.165757 	0.56587 	2.05567e-18 	0.902634 	0.35205 	-1.60368e-19
-0.168193 	0.574187 	2.40262e-18 	0.953238 	0.375974 	1.17787e-19
-0.170743 	0.582894 	1.70873e-18 	0.999646 	0.398036 	-2.07715e-20
-0.173414 	0.592011 	2.40262e-18 	1.04144 	0.417892 	7.5759e-20
-0.17621 	0.601556 	1.36179e-18 	1.07831 	0.435248 	-4.81669e-20
-0.179137 	0.61155 	-2.4546e-18 	1.11006 	0.449877 	9.84453e-21
-0.182203 	0.622014 	-3.49543e-18 	1.13663 	0.461633 	2.91222e-21
-0.185412 	0.63297 	-1.76071e-18 	1.15812 	0.470458 	-7.82845e-20
-0.188772 	0.644441 	-1.06682e-18 	1.17474 	0.476389 	-5.71737e-20
-0.19229 	0.656451 	-7.19874e-19 	1.18687 	0.479548 	4.367e-20
-0.195973 	0.669026 	-7.19873e-19 	1.19494 	0.480136 	2.26078e-20
-0.19983 	0.682192 	-7.19872e-19 	1.19951 	0.478417 	3.19551e-20
-0.203868 	0.695977 	1.01485e-18 	1.20115 	0.474693 	-7.23189e-20
-0.208096 	0.71041 	3.20964e-19 	1.20042 	0.469288 	-6.44693e-20
-0.212522 	0.725522 	-1.06681e-18 	1.19789 	0.462521 	2.35507e-20
-0.217157 	0.741344 	6.67911e-19 	1.19405 	0.454695 	-5.54e-20
-0.22201 	0.75791 	3.44347e-18 	1.18934 	0.446077 	2.1682e-20
-0.22709 	0.775255 	8.64764e-18 	1.18412 	0.436893 	3.42945e-20
-0.23241 	0.793415 	5.17819e-18 	1.17869 	0.427331 	4.63914e-20
-0.23798 	0.81243 	-1.92118e-18 	1.17328 	0.417535 	-1.66735e-20
-0.243811 	0.832338 	2.05569e-18 	1.16808 	0.407623 	1.08014e-19
-0.249917 	0.853182 	-3.84236e-18 	1.16324 	0.397683 	-3.97803e-20
-0.25631 	0.875006 	-6.96487e-18 	1.15888 	0.387769 	-3.00561e-20
-0.263003 	0.897856 	-9.74042e-18 	1.15508 	0.377924 	5.47848e-20
-0.270011 	0.92178 	-1.00874e-17 	1.15178 	0.368448 	4.04161e-20
-0.277349 	0.946829 	-6.96486e-18 	1.14885 	0.359423 	-1.89963e-20
-0.282544 	0.964565 	-5.11514e-18 	1.14183 	0.305049 	4.89203e-21
-0.296353 	1.01171 	-3.19945e-18 	1.13392 	0.307445 	2.08002e-21
-0.320968 	1.09574 	1.07797e-17 	1.1258 	0.309691 	1.09786e-21
-0.334892 	1.14327 	8.67362e-18 	1.11745 	0.311825 	-2.6431e-23
-0.347018 	1.18467 	8.79028e-18 	1.11458 	0.264529 	5.62412e-22
-0.36947 	1.26132 	5.32083e-18 	1.10922 	0.265823 	1.38849e-21
-0.388435 	1.32606 	3.67683e-18 	1.10373 	0.267008 	-3.88526e-22
-0.400304 	1.36658 	4.15454e-18 	1.10221 	0.21998 	4.44721e-22
-0.416939 	1.42337 	3.94716e-18 	1.09821 	0.221117 	4.67675e-23
-0.440268 	1.50302 	3.46945e-18 	1.09417 	0.222226 	9.35368e-23
-0.454842 	1.55277 	3.46945e-18 	1.09008 	0.2233 	1.05933e-22
-0.466296 	1.59187 	2.42229e-18 	1.09188 	0.188223 	-2.62358e-22
-0.486084 	1.65942 	2.42229e-18 	1.0889 	0.188927 	5.8575e-22
-0.50856 	1.73616 	3.46945e-18 	1.0859 	0.189628 	1.08587e-21
-0.52186 	1.78156 	1.73472e-18 	1.08287 	0.190328 	-4.2987e-22
-0.532877 	1.81917 	2.25276e-18 	1.08272 	0.160417 	1.04185e-21
-0.552628 	1.88659 	5.02832e-18 	1.08055 	0.161018 	-3.23916e-23
-0.574212 	1.96028 	2.61204e-18 	1.07836 	0.161621 	1.96094e-22
-0.589523 	2.01255 	-3.46945e-18 	1.07617 	0.162225 	-1.39082e-21
-0.600088 	2.04862 	-5.42537e-18 	1.07509 	0.137115 	1.0593e-21
-0.616471 	2.10455 	-8.98333e-18 	1.07354 	0.137619 	1.52202e-21
-0.637141 	2.17511 	-1.04969e-17 	1.07204 	0.138133 	1.40339e-21
-0.657505 	2.24463 	-9.71445e-18 	1.07048 	0.138658 	1.94805e-22
-0.668026 	2.28055 	-9.02056e-18 	1.0687 	0.139189 	2.45531e-21
-0.677977 	2.31452 	-1.05691e-17 	1.06648 	0.117405 	-1.10281e-22
-0.697309 	2.38052 	-1.44031e-17 	1.06514 	0.117857 	1.36477e-21
-0.731789 	2.49823 	-1.6324e-17 	1.06103 	0.119622 	0
-0.806577 	2.75354 	-1.76942e-17 	1.05803 	0.100501 	0
-0.858558 	2.931 	-1.94289e-17 	1.04856 	0.0927041 	0
-0.91635 	3.1283 	-1.86831e-17 	1.04519 	0.0781623 	0
