-0.152811 	0.483154 	7.63278e-18 	0.0949472 	0.0305786 	1.1375e-19
-0.154249 	0.487701 	9.36751e-18 	0.159019 	0.0525438 	-1.83002e-20
-0.155754 	0.492462 	1.2837e-17 	0.223903 	0.075864 	-1.0596e-20
-0.157331 	0.497446 	1.2837e-17 	0.289464 	0.100432 	3.15253e-20
-0.158981 	0.502665 	1.11022e-17 	0.355506 	0.126154 	3.72228e-20
-0.16071 	0.508129 	1.11022e-17 	0.421779 	0.152906 	-4.61666e-21
-0.162519 	0.51385 	9.36751e-18 	0.487977 	0.18052 	8.1272e-21
-0.164413 	0.51984 	9.36751e-18 	0.553738 	0.208786 	1.82104e-20
-0.166397 	0.526111 	7.63278e-18 	0.618646 	0.23745 	-5.7177e-20
-0.168474 	0.532677 	4.16334e-18 	0.682232 	0.266215 	-1.70218e-19
-0.170648 	0.539552 	4.16334e-18 	0.743987 	0.29475 	1.52399e-19
-0.172925 	0.546751 	9.36751e-18 	0.803373 	0.32269 	1.33255e-20
-0.175309 	0.554287 	1.2837e-17 	0.859841 	0.349648 	7.25289e-21
-0.177804 	0.562179 	1.2837e-17 	0.912849 	0.37523 	-6.59315e-20
-0.180417 	0.570441 	1.17781e-18 	0.96189 	0.399048 	-2.20068e-20
-0.183153 	0.579091 	1.52475e-18 	1.00652 	0.420735 	2.44105e-20
-0.186018 	0.588148 	2.91253e-18 	1.04637 	0.439968 	-6.27728e-21
-0.189017 	0.597631 	-3.83445e-19 	1.08119 	0.456483 	1.19434e-19
-0.192158 	0.60756 	-2.63859e-18 	1.11086 	0.470089 	-1.58591e-19
-0.195445 	0.617956 	-1.42428e-18 	1.13537 	0.480684 	-3.00068e-20
-0.198888 	0.62884 	-4.19984e-18 	1.1549 	0.488256 	-6.25262e-20
-0.202492 	0.640236 	-9.92443e-18 	1.16971 	0.492887 	1.37499e-19
-0.206266 	0.652168 	-9.40401e-18 	1.18023 	0.494744 	6.8349e-20
-0.210217 	0.664661 	-6.62846e-18 	1.18692 	0.494066 	-3.25578e-20
-0.214354 	0.677741 	-5.76109e-18 	1.19036 	0.491147 	-6.52653e-21
-0.218686 	0.691436 	-5.7611e-18 	1.1911 	0.486311 	5.07939e-20
-0.223221 	0.705775 	-4.54679e-18 	1.18973 	0.479893 	-6.09488e-20
-0.227969 	0.720788 	-2.81207e-18 	1.18676 	0.472216 	2.81697e-20
-0.232941 	0.736507 	-2.6386e-18 	1.18266 	0.463579 	4.76649e-20
-0.238146 	0.752965 	-9.03874e-19 	1.17784 	0.45424 	2.43859e-20
-0.243596 	0.770197 	-1.59776e-18 	1.17263 	0.444415 	-1.60004e-19
-0.249302 	0.788239 	-1.77124e-18 	1.16728 	0.434277 	1.63039e-19
-0.255277 	0.807129 	-1.3193e-18 	1.16202 	0.42396 	-7.81887e-20
-0.261532 	0.826907 	-4.72027e-18 	1.15701 	0.41357 	-6.37689e-20
-0.268082 	0.847615 	-2.6386e-18 	1.15239 	0.403192 	-2.39106e-20
-0.274939 	0.869297 	3.95335e-18 	1.14827 	0.392869 	3.32161e-21
-0.282119 	0.891998 	5.68807e-18 	1.14472 	0.382637 	7.12224e-21
-0.289636 	0.915766 	3.6064e-18 	1.14163 	0.372804 	6.43411e-21
-0.297507 	0.940652 	3.6064e-18 	1.13886 	0.363474 	-5.40171e-20
-0.305238 	0.965094 	2.06226e-18 	1.13392 	0.307445 	2.08002e-21
-0.321206 	1.01558 	-4.33566e-18 	1.1258 	0.309691 	1.09786e-21
-0.345609 	1.09274 	-5.89806e-18 	1.11745 	0.311825 	-2.6431e-23
-0.359188 	1.13567 	-5.55112e-18 	1.10889 	0.313856 	3.63206e-22
-0.371201 	1.17365 	-2.02772e-18 	1.10922 	0.265823 	1.38849e-21
-0.393655 	1.24465 	5.39519e-20 	1.10373 	0.267008 	-3.88526e-22
-0.414349 	1.31008 	-1.3871e-18 	1.09812 	0.268081 	-8.55947e-22
-0.426093 	1.34721 	-2.5495e-18 	1.09821 	0.221117 	4.67675e-23
-0.440628 	1.39317 	-5.28158e-18 	1.09417 	0.222226 	9.35368e-23
-0.463693 	1.46609 	-9.32335e-18 	1.09008 	0.2233 	1.05933e-22
-0.482243 	1.52475 	-9.45203e-18 	1.08595 	0.224334 	-8.47979e-22
-0.493558 	1.56052 	-7.8832e-18 	1.0889 	0.188927 	5.8575e-22
-0.50895 	1.60919 	-9.48998e-18 	1.0859 	0.189628 	1.08587e-21
-0.531131 	1.67932 	-9.32409e-18 	1.08287 	0.190328 	-4.2987e-22
-0.550729 	1.74128 	-8.61758e-18 	1.07981 	0.191024 	-8.26269e-22
-0.56159 	1.77562 	-8.00818e-18 	1.08055 	0.161018 	-3.23916e-23
-0.574575 	1.81668 	-7.57999e-18 	1.07836 	0.161621 	1.96094e-22
-0.595831 	1.88388 	6.43342e-19 	1.07617 	0.162225 	-1.39082e-21
-0.616772 	1.9501 	1.38778e-18 	1.07401 	0.162832 	-2.72414e-21
-0.630208 	1.99258 	1.38778e-18 	1.07192 	0.163444 	1.06722e-22
-0.640441 	2.02493 	3.21621e-18 	1.07204 	0.138133 	1.40339e-21
-0.657703 	2.07951 	1.52197e-18 	1.07048 	0.138658 	1.94805e-22
-0.677689 	2.1427 	-3.77591e-18 	1.0687 	0.139189 	2.45531e-21
-0.697354 	2.20488 	-5.20417e-18 	1.06678 	0.139717 	-1.46019e-21
-0.709768 	2.24413 	-4.85723e-18 	1.06112 	0.141751 	0
-0.764607 	2.41752 	-2.45185e-18 	1.06103 	0.119622 	0
-0.836733 	2.64556 	-5.1651e-19 	1.05803 	0.100501 	0
-0.892859 	2.82302 	2.0062e-19 	1.04856 	0.0927041 	0
-0.980102 	3.09886 	1.38778e-18 	1.04519 	0.0781623 	0
-1.04048 	3.28975 	-1.73472e-18 	1.04013 	0.077812 	0
