-0.163099 	0.479772 	-1.249e-17 	0.0981388 	0.0343828 	7.27048e-21
-0.164634 	0.484287 	-1.83881e-17 	0.164102 	0.0587853 	5.31991e-20
-0.166241 	0.489014 	-2.15106e-17 	0.230684 	0.0844599 	5.41997e-20
-0.167924 	0.493963 	-2.28983e-17 	0.297732 	0.111282 	-7.21452e-20
-0.169686 	0.499145 	-1.76942e-17 	0.365026 	0.139138 	-2.37526e-21
-0.17153 	0.504571 	-1.42247e-17 	0.432295 	0.167879 	-6.76971e-20
-0.173461 	0.510252 	-1.249e-17 	0.499213 	0.197314 	1.14353e-19
-0.175483 	0.5162 	-1.07553e-17 	0.5654 	0.227207 	-2.65464e-19
-0.1776 	0.522428 	-1.07553e-17 	0.630426 	0.257281 	2.06566e-19
-0.179817 	0.528948 	-6.93889e-18 	0.693815 	0.287217 	5.70952e-21
-0.182138 	0.535775 	-3.46945e-18 	0.755057 	0.316663 	-6.89286e-20
-0.184568 	0.542923 	-3.46945e-19 	0.813619 	0.34524 	2.463e-19
-0.187112 	0.550407 	2.42861e-18 	0.868968 	0.372553 	-2.03999e-19
-0.189776 	0.558243 	5.20417e-18 	0.920592 	0.398205 	5.7748e-20
-0.192565 	0.566447 	-1.26161e-18 	0.96802 	0.421814 	7.72899e-20
-0.195485 	0.575037 	-1.60856e-18 	1.01085 	0.443031 	-8.29677e-21
-0.198542 	0.58403 	1.34048e-18 	1.04878 	0.461556 	-4.08503e-20
-0.201743 	0.593447 	3.22699e-18 	1.08161 	0.477159 	-5.11064e-20
-0.205095 	0.603306 	5.63392e-18 	1.10928 	0.489688 	-9.50598e-20
-0.208604 	0.613629 	7.91075e-18 	1.13187 	0.499086 	6.67033e-20
-0.212279 	0.624437 	7.40117e-18 	1.14959 	0.505387 	9.6106e-20
-0.216126 	0.635754 	7.3036e-18 	1.16276 	0.508719 	-1.68735e-19
-0.220154 	0.647602 	7.04339e-18 	1.17184 	0.50929 	-2.3985e-20
-0.224371 	0.660007 	9.29853e-18 	1.17734 	0.507374 	8.37261e-20
-0.228786 	0.672996 	1.09465e-17 	1.17982 	0.503292 	1.8271e-20
-0.233409 	0.686595 	1.2768e-17 	1.17985 	0.497385 	-4.67459e-20
-0.23825 	0.700834 	1.74409e-17 	1.17797 	0.489997 	1.35172e-19
-0.243318 	0.715742 	2.20704e-17 	1.17469 	0.481452 	3.24402e-20
-0.248624 	0.731351 	2.61796e-17 	1.17045 	0.472042 	-7.80023e-20
-0.25418 	0.747694 	2.65265e-17 	1.16562 	0.462016 	9.10882e-20
-0.259997 	0.764805 	2.51496e-17 	1.16049 	0.451577 	-1.13938e-19
-0.266087 	0.78272 	1.79938e-17 	1.1553 	0.440886 	2.99148e-20
-0.272464 	0.801478 	9.46118e-18 	1.15024 	0.430067 	-2.66782e-20
-0.27914 	0.821118 	8.29219e-18 	1.14546 	0.419218 	5.40444e-20
-0.286131 	0.841681 	-2.73609e-18 	1.14109 	0.408417 	1.20065e-22
-0.29345 	0.863211 	-6.98616e-18 	1.13724 	0.397705 	1.06074e-20
-0.301113 	0.885753 	-7.39621e-18 	1.13396 	0.38713 	4.80266e-20
-0.309137 	0.909355 	-6.55248e-18 	1.13111 	0.377034 	3.79854e-20
-0.317537 	0.934066 	-1.01087e-17 	1.12856 	0.367378 	-2.05428e-20
-0.327762 	0.964142 	-1.39883e-17 	1.1258 	0.309691 	1.09786e-21
-0.345841 	1.01733 	-1.58728e-17 	1.11745 	0.311825 	-2.6431e-23
-0.370018 	1.08844 	-1.73472e-17 	1.10889 	0.313856 	3.63206e-22
-0.38324 	1.12734 	-2.25514e-17 	1.10012 	0.315781 	-1.11434e-22
-0.395131 	1.16232 	-2.33443e-17 	1.10373 	0.267008 	-3.88526e-22
-0.417577 	1.22834 	-2.16096e-17 	1.09812 	0.268081 	-8.55947e-22
-0.43993 	1.2941 	-2.05907e-17 	1.09238 	0.269038 	2.33146e-22
-0.451542 	1.32825 	-2.06304e-17 	1.09417 	0.222226 	9.35368e-23
-0.464021 	1.36496 	-2.42121e-17 	1.09008 	0.2233 	1.05933e-22
-0.486806 	1.43199 	-2.93765e-17 	1.08595 	0.224334 	-8.47979e-22
-0.5092 	1.49786 	-2.81138e-17 	1.08179 	0.225321 	2.17798e-22
-0.520367 	1.53071 	-2.63824e-17 	1.0859 	0.189628 	1.08587e-21
-0.53147 	1.56337 	-2.64403e-17 	1.08287 	0.190328 	-4.2987e-22
-0.553339 	1.6277 	-2.36614e-17 	1.07981 	0.191024 	-8.26269e-22
-0.574892 	1.6911 	-2.34358e-17 	1.0767 	0.191715 	8.63768e-22
-0.589684 	1.73461 	1.249e-17 	1.07356 	0.192397 	8.24317e-22
-0.60022 	1.76561 	1.22616e-17 	1.07617 	0.162225 	-1.39082e-21
-0.617035 	1.81507 	1.26172e-17 	1.07401 	0.162832 	-2.72414e-21
-0.63762 	1.87562 	1.45802e-17 	1.07192 	0.163444 	1.06722e-22
-0.657876 	1.93521 	1.76942e-17 	1.06971 	0.164065 	1.11937e-21
-0.669573 	1.96961 	1.76942e-17 	1.06711 	0.164682 	1.524e-23
-0.679452 	1.99868 	1.56819e-17 	1.0687 	0.139189 	2.45531e-21
-0.697394 	2.05145 	1.73732e-17 	1.06678 	0.139717 	-1.46019e-21
-0.736431 	2.16628 	2.2161e-17 	1.06112 	0.141751 	0
-0.811219 	2.38628 	2.22045e-17 	1.06103 	0.119622 	0
-0.867301 	2.55125 	1.94289e-17 	1.05004 	0.109041 	0
-0.938247 	2.75995 	1.63941e-17 	1.04856 	0.0927041 	0
-1.01487 	2.98534 	1.3617e-17 	1.04519 	0.0781623 	0
