0.291392 	0.414578 	2.01228e-17 	-0.00550917 	0.00400937 	-1.60414e-19
0.294134 	0.418479 	2.35922e-17 	-0.00858614 	0.00644494 	-3.90222e-20
0.297005 	0.422564 	2.5327e-17 	-0.0111621 	0.00871494 	-7.98933e-21
0.300011 	0.426841 	2.35922e-17 	-0.0131748 	0.0108092 	1.22023e-19
0.303158 	0.431319 	2.01228e-17 	-0.014555 	0.0127226 	-3.98264e-20
0.306454 	0.436007 	2.18575e-17 	-0.0152285 	0.0144527 	1.06457e-19
0.309904 	0.440916 	2.18575e-17 	-0.0151166 	0.0159991 	-1.27243e-19
0.313517 	0.446056 	2.35922e-17 	-0.0141351 	0.0173637 	5.66973e-20
0.317299 	0.451437 	2.42861e-17 	-0.0121949 	0.0185518 	-1.0851e-19
0.321259 	0.457072 	1.97758e-17 	-0.00920092 	0.0195717 	8.96341e-20
0.325406 	0.462971 	1.63064e-17 	-0.00505213 	0.0204355 	-7.47197e-20
0.329747 	0.469148 	1.63064e-17 	0.00035863 	0.0211593 	-3.50214e-20
0.334292 	0.475615 	1.63064e-17 	0.00714509 	0.0217632 	-2.57111e-20
0.339052 	0.482386 	1.35308e-17 	0.0154277 	0.0222723 	5.94319e-20
0.344034 	0.489475 	9.02056e-18 	0.025334 	0.0227162 	-8.78681e-20
0.349252 	0.496898 	3.81639e-18 	0.0369982 	0.02313 	-2.51422e-20
0.354714 	0.504669 	3.81639e-18 	0.0505615 	0.0235542 	-2.40312e-20
0.360433 	0.512806 	7.28584e-18 	0.0661718 	0.0240348 	-6.81106e-20
0.366421 	0.521326 	-3.04938e-18 	0.0839821 	0.0246238 	1.09372e-19
0.372691 	0.530246 	-4.43716e-18 	0.10415 	0.025379 	3.11319e-21
0.379255 	0.539586 	-4.35042e-18 	0.126836 	0.0263641 	-1.23397e-19
0.386128 	0.549364 	-4.35042e-18 	0.1522 	0.027648 	-1.15829e-21
0.393324 	0.559602 	-2.87591e-18 	0.180397 	0.0293049 	-1.2247e-19
0.400859 	0.570322 	3.33333e-19 	0.211572 	0.031413 	6.90332e-22
0.408748 	0.581546 	4.40993e-18 	0.245856 	0.0340534 	2.24632e-19
0.417007 	0.593297 	6.14466e-18 	0.283355 	0.0373083 	-1.24737e-19
0.425655 	0.605601 	5.97119e-18 	0.324139 	0.0412583 	1.89295e-19
0.43471 	0.618483 	6.36831e-18 	0.368236 	0.0459796 	-1.20977e-19
0.44419 	0.631971 	-2.96263e-18 	0.415612 	0.0515395 	-1.40199e-20
0.454116 	0.646093 	-5.34021e-19 	0.466164 	0.057991 	2.21965e-19
0.464508 	0.660879 	-5.34019e-19 	0.519703 	0.0653666 	-2.9805e-20
0.475389 	0.67636 	-6.77902e-18 	0.575943 	0.0736702 	-7.00147e-20
0.486782 	0.692569 	-9.55458e-18 	0.634493 	0.0828677 	1.75324e-19
0.49871 	0.70954 	-6.34534e-18 	0.694855 	0.0928747 	2.19939e-19
0.511199 	0.727309 	-6.60555e-18 	0.756423 	0.103542 	-8.83891e-20
0.524276 	0.745913 	-8.25353e-18 	0.818491 	0.114633 	-7.39414e-20
0.537967 	0.765392 	-1.10291e-17 	0.880265 	0.125827 	3.62658e-20
0.552301 	0.785787 	-1.48455e-17 	0.941124 	0.137215 	6.36147e-20
0.56731 	0.80714 	-1.47587e-17 	0.996567 	0.146121 	-2.54703e-22
0.581353 	0.82712 	-1.20143e-17 	1.22606 	0.184813 	-3.0212e-20
0.598164 	0.851037 	-1.06196e-17 	1.20668 	0.17886 	-7.88543e-22
0.618859 	0.880481 	-1.30473e-17 	1.18306 	0.17279 	3.38091e-20
0.639163 	0.909369 	-1.42476e-17 	1.15522 	0.166759 	4.34383e-20
0.659071 	0.937692 	-1.24958e-17 	1.1221 	0.160984 	-4.72231e-21
0.669694 	0.952806 	-1.18835e-17 	1.08754 	0.15575 	1.49298e-21
0.679343 	0.966535 	-1.11362e-17 	1.2262 	0.16061 	-5.47366e-23
0.697665 	0.992602 	-1.08522e-17 	1.21435 	0.155971 	-1.43725e-20
0.757407 	1.0776 	5.35125e-18 	1.20722 	0.154088 	0
0.863891 	1.2291 	2.71588e-18 	1.24927 	0.159462 	0
0.950494 	1.35231 	-1.0954e-18 	1.25118 	0.141567 	0
1.06504 	1.51528 	-1.96871e-18 	1.24342 	0.12791 	0
1.1582 	1.64782 	-2.39579e-18 	1.24955 	0.109659 	0
1.26744 	1.80324 	-5.3059e-18 	1.22714 	0.101899 	0
1.38162 	1.9657 	-7.62636e-18 	1.20151 	0.0915409 	0
1.48941 	2.11906 	-9.36109e-18 	1.20715 	0.078035 	0
1.62195 	2.30763 	-1.13327e-17 	1.18173 	0.0704591 	0
1.73791 	2.4726 	-1.13327e-17 	1.18711 	0.0582805 	0
1.88048 	2.67545 	-1.15473e-17 	1.16285 	0.0527798 	0
