-0.173316 	0.476181 	-3.0589e-17 	0.101041 	0.0383123 	-9.60369e-20
-0.174947 	0.480662 	-2.59052e-17 	0.168699 	0.0652142 	6.5171e-20
-0.176655 	0.485354 	-2.41705e-17 	0.236781 	0.0932885 	-1.1636e-20
-0.178443 	0.490267 	-2.27827e-17 	0.305115 	0.122393 	2.21285e-20
-0.180315 	0.49541 	-2.24358e-17 	0.37346 	0.15239 	2.00615e-19
-0.182275 	0.500795 	-2.27827e-17 	0.441524 	0.183111 	-3.2531e-20
-0.184327 	0.506434 	-2.1395e-17 	0.508965 	0.214339 	-2.02708e-19
-0.186475 	0.512337 	-1.79255e-17 	0.575388 	0.245815 	1.75563e-19
-0.188725 	0.518518 	-1.37622e-17 	0.640352 	0.277237 	-2.24435e-19
-0.191081 	0.52499 	-1.30683e-17 	0.703377 	0.308268 	-3.5891e-20
-0.193547 	0.531766 	-1.11601e-17 	0.763957 	0.338539 	6.36468e-20
-0.196129 	0.53886 	-7.51717e-18 	0.821569 	0.367657 	1.00146e-19
-0.198833 	0.546288 	-5.95592e-18 	0.875703 	0.395224 	5.28528e-20
-0.201663 	0.554065 	-1.27216e-18 	0.925875 	0.420846 	-1.25897e-19
-0.204627 	0.562208 	6.36032e-19 	0.971655 	0.44415 	1.31217e-19
-0.20773 	0.570733 	2.3133e-19 	1.01269 	0.464809 	4.13639e-20
-0.210979 	0.57966 	9.25219e-19 	1.04874 	0.48255 	-1.84967e-20
-0.214381 	0.589006 	9.25219e-19 	1.07965 	0.49718 	7.44438e-20
-0.217942 	0.598792 	-2.89117e-18 	1.10544 	0.508589 	1.48517e-19
-0.221671 	0.609037 	-4.97284e-18 	1.12623 	0.516765 	3.35042e-20
-0.225576 	0.619764 	-6.70756e-18 	1.14229 	0.521788 	-9.82953e-20
-0.229664 	0.630996 	-3.93201e-18 	1.154 	0.52383 	-1.64479e-20
-0.233944 	0.642756 	-1.50339e-18 	1.16182 	0.523139 	1.73505e-19
-0.238425 	0.655068 	2.313e-18 	1.1663 	0.520019 	2.97272e-21
-0.243118 	0.66796 	6.82328e-18 	1.16799 	0.514814 	-1.00991e-19
-0.24803 	0.681457 	5.4355e-18 	1.16745 	0.50788 	3.22036e-20
-0.253174 	0.695589 	2.65994e-18 	1.16521 	0.499565 	-1.3066e-19
-0.258559 	0.710386 	-4.62558e-19 	1.16175 	0.490194 	6.81967e-20
-0.264198 	0.725878 	9.25221e-19 	1.15747 	0.480049 	-8.71755e-20
-0.270102 	0.742098 	3.00689e-18 	1.15272 	0.469368 	1.03938e-19
-0.276283 	0.759081 	5.4355e-18 	1.14775 	0.458344 	-6.006e-20
-0.282755 	0.776863 	6.82328e-18 	1.14277 	0.447124 	-4.21921e-20
-0.289531 	0.79548 	5.08856e-18 	1.13796 	0.435823 	-1.50027e-20
-0.296626 	0.814973 	5.0307e-18 	1.13346 	0.424531 	3.08859e-20
-0.304054 	0.835382 	-5.31978e-18 	1.12937 	0.413321 	-1.81717e-20
-0.311832 	0.856751 	-3.932e-18 	1.12581 	0.402231 	6.41052e-21
-0.319975 	0.879124 	-1.50339e-18 	1.12284 	0.391326 	3.19417e-20
-0.328501 	0.90255 	2.31333e-19 	1.1203 	0.380976 	2.17646e-20
-0.337428 	0.927076 	2.31333e-19 	1.11812 	0.371023 	-1.33275e-20
-0.350102 	0.961897 	4.71646e-19 	1.11745 	0.311825 	-2.6431e-23
-0.370244 	1.01724 	-1.0318e-18 	1.10889 	0.313856 	3.63206e-22
-0.394178 	1.08299 	-1.73472e-18 	1.10012 	0.315781 	-1.11434e-22
-0.407029 	1.1183 	-3.85186e-34 	1.09115 	0.317602 	1.30586e-21
-0.418791 	1.15062 	6.68388e-18 	1.09812 	0.268081 	-8.55947e-22
-0.441219 	1.21224 	8.76555e-18 	1.09238 	0.269038 	2.33146e-22
-0.46431 	1.27568 	2.08167e-18 	1.08651 	0.269877 	-7.04856e-22
-0.47662 	1.3095 	-1.38778e-18 	1.0805 	0.270597 	3.38497e-22
-0.487941 	1.34061 	-3.17024e-18 	1.08595 	0.224334 	-8.47979e-22
-0.509592 	1.40009 	-6.98663e-18 	1.08179 	0.225321 	2.17798e-22
-0.53177 	1.46102 	-7.28584e-18 	1.07758 	0.226257 	6.36351e-23
-0.546659 	1.50193 	-7.28584e-18 	1.07329 	0.227136 	1.79312e-21
-0.55751 	1.53175 	-9.61649e-18 	1.07981 	0.191024 	-8.26269e-22
-0.575171 	1.58027 	-1.27993e-17 	1.0767 	0.191715 	8.63768e-22
-0.596385 	1.63855 	-1.06082e-17 	1.07356 	0.192397 	8.24317e-22
-0.617143 	1.69558 	-7.64955e-18 	1.0705 	0.193071 	1.89324e-21
-0.627501 	1.72404 	-7.30684e-18 	1.07401 	0.162832 	-2.72414e-21
-0.637817 	1.75239 	-1.26726e-17 	1.07192 	0.163444 	1.06722e-22
-0.658028 	1.80792 	-1.68317e-17 	1.06971 	0.164065 	1.11937e-21
-0.6779 	1.86251 	-1.70003e-17 	1.06711 	0.164682 	1.524e-23
-0.697428 	1.91617 	-1.8735e-17 	1.06438 	0.165279 	-2.4698e-21
-0.707663 	1.94429 	-2.01228e-17 	1.05658 	0.167521 	0
-0.764039 	2.09918 	-1.82093e-17 	1.06112 	0.141751 	0
-0.838271 	2.30313 	-1.60328e-17 	1.06103 	0.119622 	0
-0.898316 	2.4681 	-1.44768e-17 	1.05004 	0.109041 	0
-0.985558 	2.7078 	-1.59595e-17 	1.04856 	0.0927041 	0
-1.05015 	2.88526 	-1.8735e-17 	1.04225 	0.092154 	0
