0.282466 	0.420709 	-1.49866e-18 	-0.00519685 	0.00361194 	2.69901e-21
0.285124 	0.424668 	-2.84358e-19 	-0.00798398 	0.00578356 	-1.7184e-19
0.287907 	0.428814 	-2.19255e-18 	-0.0102006 	0.00779279 	1.14233e-19
0.290821 	0.433154 	-2.10582e-18 	-0.0117793 	0.0096308 	2.00636e-22
0.293872 	0.437698 	3.79224e-18 	-0.0126451 	0.011295 	-3.8302e-20
0.297067 	0.442456 	5.18002e-18 	-0.0127175 	0.0127856 	-5.72931e-20
0.300411 	0.447437 	3.53203e-18 	-0.0119112 	0.0141054 	2.68114e-20
0.303913 	0.452653 	5.52696e-18 	-0.0101353 	0.0152597 	4.14985e-20
0.30758 	0.458114 	6.48106e-18 	-0.00729325 	0.0162572 	1.2664e-19
0.311419 	0.463832 	4.05245e-18 	-0.00328258 	0.0171103 	1.82503e-21
0.315438 	0.469818 	5.70043e-18 	0.00200557 	0.0178353 	-7.02181e-21
0.319646 	0.476086 	7.17495e-18 	0.00868651 	0.0184528 	4.31351e-21
0.324053 	0.482649 	4.83307e-18 	0.0168823 	0.0189878 	-1.15636e-19
0.328666 	0.48952 	8.56272e-18 	0.0267217 	0.0194705 	1.06008e-19
0.333496 	0.496714 	1.22056e-17 	0.0383405 	0.0199362 	5.60215e-21
0.338553 	0.504247 	8.04231e-18 	0.0518809 	0.0204255 	3.211e-20
0.343849 	0.512133 	3.9657e-18 	0.0674913 	0.0209848 	3.36854e-20
0.349393 	0.520391 	1.15173e-18 	0.0853253 	0.0216662 	-2.15832e-20
0.355197 	0.529036 	3.92729e-18 	0.105541 	0.0225275 	9.7921e-20
0.361275 	0.538088 	6.70285e-18 	0.128297 	0.0236322 	1.20057e-19
0.367638 	0.547566 	8.09063e-18 	0.153751 	0.0250492 	-1.70321e-19
0.374301 	0.557489 	1.01723e-17 	0.182058 	0.0268518 	-1.27186e-19
0.381276 	0.567879 	6.70285e-18 	0.21336 	0.0291172 	-2.04824e-20
0.38858 	0.578757 	2.88646e-18 	0.247782 	0.031925 	4.00632e-19
0.396227 	0.590147 	8.09063e-18 	0.285425 	0.0353549 	-1.96521e-19
0.404234 	0.602072 	1.08662e-17 	0.326354 	0.0394845 	6.98112e-20
0.412617 	0.614558 	7.39674e-18 	0.370585 	0.0443856 	-8.43916e-20
0.421394 	0.627631 	6.35591e-18 	0.418076 	0.0501201 	-2.77219e-20
0.430583 	0.641318 	5.63785e-18 	0.468709 	0.0567345 	7.00038e-20
0.440205 	0.655649 	1.1907e-17 	0.522279 	0.0642541 	-3.32216e-20
0.450279 	0.670653 	1.46826e-17 	0.578478 	0.0726753 	-7.44836e-20
0.460827 	0.686364 	1.08662e-17 	0.636889 	0.0819578 	-6.78231e-20
0.471871 	0.702812 	9.13147e-18 	0.696979 	0.0920155 	-1.68754e-19
0.483434 	0.720034 	1.12131e-17 	0.7581 	0.102707 	1.0307e-19
0.49554 	0.738066 	1.01723e-17 	0.819502 	0.113826 	8.04992e-21
0.508216 	0.756945 	5.66203e-18 	0.880345 	0.125088 	4.37986e-20
0.521488 	0.776712 	-2.36033e-19 	0.939723 	0.136134 	-1.40438e-19
0.535383 	0.797409 	-2.3177e-18 	0.996836 	0.14688 	-4.10405e-20
0.549932 	0.819078 	-1.97075e-18 	1.04839 	0.155777 	4.15973e-19
0.561864 	0.83685 	-1.98484e-18 	1.2416 	0.190529 	-9.95148e-21
0.57699 	0.859379 	-1.77758e-18 	1.22606 	0.184813 	-3.0212e-20
0.598074 	0.890781 	-2.93076e-18 	1.20668 	0.17886 	-7.88543e-22
0.618778 	0.921619 	-3.89541e-18 	1.18306 	0.17279 	3.38091e-20
0.639096 	0.951879 	-2.57547e-18 	1.15522 	0.166759 	4.34383e-20
0.650284 	0.968544 	-8.18037e-19 	1.1221 	0.160984 	-4.72231e-21
0.660146 	0.983232 	3.38622e-18 	1.23092 	0.164238 	-3.67362e-20
0.678539 	1.01063 	7.19615e-18 	1.2262 	0.16061 	-5.47366e-23
0.697653 	1.0391 	4.34501e-18 	1.21435 	0.155971 	-1.43725e-20
0.73933 	1.10117 	3.63097e-18 	1.20722 	0.154088 	0
0.845814 	1.25977 	2.84456e-18 	1.24927 	0.159462 	0
0.92854 	1.38298 	1.42722e-18 	1.25118 	0.141567 	0
1.02599 	1.52813 	1.28522e-18 	1.24342 	0.12791 	0
1.13207 	1.68613 	-9.66523e-19 	1.21949 	0.117316 	0
1.2278 	1.8287 	-1.31347e-18 	1.22714 	0.101899 	0
1.35101 	2.01222 	1.29475e-18 	1.20151 	0.0915409 	0
1.45398 	2.16558 	2.7217e-18 	1.20715 	0.078035 	0
1.58652 	2.36299 	2.57953e-18 	1.18173 	0.0704591 	0
1.69728 	2.52796 	1.49012e-18 	1.18711 	0.0582805 	0
1.83985 	2.74031 	-1.93752e-18 	1.16285 	0.0527798 	0
