0.273416 	0.426659 	2.48039e-18 	-0.00478321 	0.0031833 	-6.32441e-20
0.275989 	0.430675 	3.6947e-18 	-0.00720647 	0.00507408 	-1.26725e-19
0.278683 	0.434878 	1.61303e-18 	-0.00898415 	0.00680899 	8.27212e-20
0.281504 	0.43928 	-2.20336e-18 	-0.0100436 	0.00838071 	8.00097e-20
0.284457 	0.443888 	-2.02989e-18 	-0.0103037 	0.00978938 	-1.5391e-19
0.287549 	0.448714 	-1.68294e-18 	-0.00967747 	0.0110385 	1.699e-19
0.290787 	0.453766 	-1.68294e-18 	-0.00807293 	0.012134 	7.41793e-20
0.294177 	0.459055 	1.78651e-18 	-0.00539222 	0.013085 	-1.1948e-19
0.297726 	0.464593 	3.17429e-18 	-0.0015315 	0.0139041 	4.19932e-20
0.301442 	0.470392 	5.60291e-18 	0.00361937 	0.0146079 	-1.18515e-19
0.305332 	0.476463 	1.04601e-17 	0.010177 	0.0152173 	1.36855e-19
0.309406 	0.48282 	1.28887e-17 	0.0182647 	0.0157578 	5.23198e-20
0.313671 	0.489475 	1.1501e-17 	0.0280122 	0.0162598 	8.48985e-20
0.318136 	0.496443 	9.93972e-18 	0.0395564 	0.0167586 	-1.87613e-19
0.322812 	0.503739 	1.16744e-17 	0.05304 	0.0172954 	1.96196e-19
0.327707 	0.511378 	1.445e-17 	0.0686118 	0.0179167 	-1.40118e-19
0.332833 	0.519376 	-5.0825e-18 	0.0864256 	0.0186747 	-6.901e-20
0.338199 	0.527751 	-8.205e-18 	0.106638 	0.0196275 	-2.1268e-19
0.343818 	0.536518 	-8.72542e-18 	0.129409 	0.0208386 	8.28201e-20
0.349701 	0.545698 	-6.81723e-18 	0.154893 	0.0223766 	-3.62249e-21
0.35586 	0.55531 	-6.64376e-18 	0.183242 	0.0243147 	-9.26243e-21
0.362309 	0.565374 	-8.37848e-18 	0.214595 	0.0267294 	8.50742e-20
0.369061 	0.57591 	-1.32357e-17 	0.249075 	0.0296991 	1.8504e-19
0.376131 	0.586942 	-1.82664e-17 	0.286777 	0.0333021 	-2.80584e-19
0.383533 	0.598493 	-2.15624e-17 	0.327758 	0.0376141 	5.1681e-21
0.391283 	0.610587 	-2.3991e-17 	0.372031 	0.0427041 	-6.58219e-20
0.399398 	0.623249 	-2.34706e-17 	0.419543 	0.0486307 	1.08691e-19
0.407894 	0.636507 	-2.03481e-17 	0.470168 	0.0554366 	1.66117e-19
0.416789 	0.650388 	-1.75725e-17 	0.523688 	0.0631426 	-1.20222e-19
0.426103 	0.664921 	-1.60113e-17 	0.579786 	0.071741 	-1.41263e-20
0.435854 	0.680138 	-1.38778e-17 	0.638027 	0.0811883 	3.0689e-20
0.446064 	0.69607 	-4.21517e-18 	0.697861 	0.0913977 	1.67292e-19
0.456754 	0.712752 	-4.56212e-18 	0.758619 	0.102233 	3.04124e-19
0.467946 	0.730217 	-5.42948e-18 	0.819527 	0.113501 	-1.57705e-19
0.479665 	0.748504 	-8.20504e-18 	0.879724 	0.124949 	-9.2692e-21
0.491935 	0.76765 	-1.16745e-17 	0.938293 	0.136262 	-7.50252e-21
0.504781 	0.787697 	-9.59282e-18 	0.994288 	0.147069 	1.47991e-19
0.518232 	0.808686 	-7.68463e-18 	1.04686 	0.157167 	2.44102e-20
0.532314 	0.830662 	-7.33769e-18 	1.09369 	0.165863 	-2.56417e-20
0.542062 	0.845873 	-4.63582e-18 	1.25364 	0.195938 	-1.13308e-21
0.555428 	0.86673 	-5.7438e-19 	1.2416 	0.190529 	-9.95148e-21
0.576887 	0.900217 	3.73725e-18 	1.22606 	0.184813 	-3.0212e-20
0.597978 	0.933128 	5.26705e-18 	1.20668 	0.17886 	-7.88543e-22
0.618693 	0.965453 	3.52989e-18 	1.18306 	0.17279 	3.38091e-20
0.630439 	0.983782 	3.31102e-18 	1.15522 	0.166759 	4.34383e-20
0.640507 	0.999493 	4.5538e-18 	1.23598 	0.168138 	3.99734e-21
0.658962 	1.02829 	5.64306e-18 	1.23092 	0.164238 	-3.67362e-20
0.678503 	1.05879 	7.08503e-18 	1.2262 	0.16061 	-5.47366e-23
0.69764 	1.08865 	9.32294e-18 	1.21435 	0.155971 	-1.43725e-20
0.721764 	1.12629 	-7.89364e-18 	1.20722 	0.154088 	0
0.81538 	1.27238 	-1.12933e-17 	1.24927 	0.159462 	0
0.907208 	1.41567 	-1.31471e-17 	1.23428 	0.144197 	0
0.992144 	1.54821 	-1.4188e-17 	1.24342 	0.12791 	0
1.10669 	1.72695 	-1.25387e-17 	1.21949 	0.117316 	0
1.19805 	1.86953 	-9.35971e-18 	1.22714 	0.101899 	0
1.32127 	2.0618 	-8.97273e-18 	1.20151 	0.0915409 	0
1.41955 	2.21516 	-1.06678e-17 	1.20715 	0.078035 	0
1.54922 	2.41752 	-9.61834e-18 	1.18173 	0.0704591 	0
1.65781 	2.58696 	-7.66287e-18 	1.15744 	0.0626591 	0
1.77153 	2.76442 	-9.39759e-18 	1.16285 	0.0527798 	0
