0.264249 	0.432424 	-6.37707e-18 	-0.00425612 	0.00272548 	1.2439e-19
0.266736 	0.436493 	-1.19282e-17 	-0.00623354 	0.00432051 	-2.07596e-19
0.26934 	0.440754 	-1.47037e-17 	-0.00748491 	0.00577007 	2.11615e-19
0.272066 	0.445215 	-6.72402e-18 	-0.00793208 	0.00706849 	-1.58292e-19
0.27492 	0.449886 	-1.1729e-18 	-0.00748768 	0.00821896 	5.06464e-20
0.277909 	0.454776 	-3.25457e-18 	-0.00605824 	0.00922843 	-7.42867e-20
0.281037 	0.459896 	-5.68319e-18 	-0.00354483 	0.0101066 	3.08617e-20
0.284313 	0.465257 	-9.84653e-18 	0.000157431 	0.0108664 	-2.82251e-21
0.287743 	0.47087 	-1.3316e-17 	0.00515971 	0.0115248 	8.68136e-21
0.291335 	0.476747 	-1.36629e-17 	0.0115796 	0.0121031 	3.03691e-20
0.295095 	0.4829 	-1.40099e-17 	0.0195413 	0.0126269 	1.1917e-20
0.299032 	0.489343 	-1.57446e-17 	0.0291755 	0.0131268 	-6.15427e-20
0.303154 	0.496088 	-1.71324e-17 	0.0406194 	0.0136388 	-1.36529e-20
0.30747 	0.503151 	-1.3316e-17 	0.0540163 	0.014204 	5.23449e-21
0.311988 	0.510545 	-1.19282e-17 	0.069515 	0.0148692 	1.86901e-21
0.31672 	0.518288 	-7.78642e-19 	0.0872689 	0.0156868 	1.70472e-19
0.321673 	0.526394 	8.25979e-19 	0.107434 	0.0167151 	-1.59665e-19
0.32686 	0.534881 	2.3005e-18 	0.130169 	0.0180176 	1.13886e-19
0.33229 	0.543767 	2.18829e-19 	0.155626 	0.0196628 	-8.62274e-20
0.337976 	0.553071 	-2.8603e-18 	0.183956 	0.0217238 	3.97674e-22
0.343928 	0.562813 	-3.90114e-18 	0.215294 	0.0242766 	-1.38972e-19
0.350161 	0.573012 	-1.42915e-18 	0.24976 	0.0273991 	2.23813e-19
0.356687 	0.583692 	-4.75052e-19 	0.287443 	0.0311686 	3.50255e-21
0.36352 	0.594873 	-9.52099e-19 	0.328397 	0.0356594 	2.20358e-19
0.370674 	0.606579 	-6.37311e-18 	0.372629 	0.0409388 	-1.35938e-19
0.378164 	0.618837 	-8.06446e-18 	0.420081 	0.0470634 	5.3292e-20
0.386006 	0.63167 	-5.07206e-18 	0.47062 	0.0540733 	-1.0474e-19
0.394217 	0.645107 	-5.50574e-18 	0.524023 	0.0619869 	4.74167e-20
0.402814 	0.659175 	-8.71498e-18 	0.579964 	0.0707941 	1.91951e-19
0.411816 	0.673905 	-1.01895e-17 	0.638002 	0.0804496 	-1.80255e-19
0.42124 	0.689328 	-7.32719e-18 	0.697581 	0.0908666 	3.63718e-20
0.431108 	0.705475 	-7.06698e-18 	0.758022 	0.101912 	4.66742e-20
0.441439 	0.722382 	-1.17094e-17 	0.818543 	0.1134 	1.16686e-20
0.452256 	0.740084 	-2.58189e-19 	0.878276 	0.125095 	4.22021e-20
0.463582 	0.758617 	-2.29649e-18 	0.936296 	0.13671 	-2.35913e-19
0.47544 	0.778022 	-3.771e-18 	0.991666 	0.147911 	1.07284e-19
0.487856 	0.79834 	-1.10568e-17 	1.04348 	0.158338 	2.59838e-19
0.500855 	0.819612 	-1.80825e-17 	1.09094 	0.167726 	-4.50773e-19
0.514466 	0.841885 	-2.40239e-17 	1.13251 	0.175986 	4.6098e-21
0.521959 	0.854148 	-2.89856e-17 	1.26259 	0.201005 	3.09443e-20
0.533491 	0.873018 	-2.90093e-17 	1.25364 	0.195938 	-1.13308e-21
0.555313 	0.908728 	-2.65609e-17 	1.2416 	0.190529 	-9.95148e-21
0.576777 	0.943853 	-2.65222e-17 	1.22606 	0.184813 	-3.0212e-20
0.597876 	0.97838 	-2.78331e-17 	1.20668 	0.17886 	-7.88543e-22
0.610171 	0.9985 	-2.86398e-17 	1.18306 	0.17279 	3.38091e-20
0.62044 	1.0153 	-2.74095e-17 	1.2392 	0.17193 	-1.16107e-20
0.638946 	1.04559 	-2.21027e-17 	1.23598 	0.168138 	3.99734e-21
0.658902 	1.07825 	-2.03343e-17 	1.23092 	0.164238 	-3.67362e-20
0.678465 	1.11026 	-2.20243e-17 	1.2262 	0.16061 	-5.47366e-23
0.696067 	1.13906 	-2.50814e-17 	1.21435 	0.155971 	-1.43725e-20
0.705547 	1.15458 	-2.4331e-17 	1.24276 	0.168893 	-1.20398e-20
0.779968 	1.27636 	4.49008e-18 	1.24927 	0.159462 	0
0.886452 	1.45061 	2.65778e-18 	1.23428 	0.144197 	0
0.967446 	1.58315 	-6.91695e-19 	1.24342 	0.12791 	0
1.08199 	1.7706 	2.64276e-19 	1.21949 	0.117316 	0
1.16911 	1.91317 	2.69517e-18 	1.22714 	0.101899 	0
1.28278 	2.09918 	3.93863e-18 	1.20151 	0.0915409 	0
1.38605 	2.26816 	2.90696e-18 	1.17616 	0.0815721 	0
1.48686 	2.43314 	2.90696e-18 	1.18173 	0.0704591 	0
1.6194 	2.65003 	1.22208e-18 	1.15744 	0.0626591 	0
1.72784 	2.82749 	-5.15937e-19 	1.16285 	0.0527798 	0
