0.254942 	0.437961 	2.22045e-17 	-0.00425612 	0.00272548 	1.2439e-19
0.257341 	0.442083 	1.8735e-17 	-0.00623354 	0.00432051 	-2.07596e-19
0.259853 	0.446398 	1.97758e-17 	-0.00748491 	0.00577007 	2.11615e-19
0.262483 	0.450916 	1.97758e-17 	-0.00793208 	0.00706849 	-1.58292e-19
0.265237 	0.455647 	2.15106e-17 	-0.00748768 	0.00821896 	5.06464e-20
0.26812 	0.4606 	1.70003e-17 	-0.00605824 	0.00922843 	-7.42867e-20
0.271139 	0.465785 	1.249e-17 	-0.00354483 	0.0101066 	3.08617e-20
0.274299 	0.471215 	9.02056e-18 	0.000157431 	0.0108664 	-2.82251e-21
0.277608 	0.4769 	5.55112e-18 	0.00515971 	0.0115248 	8.68136e-21
0.281073 	0.482852 	7.63278e-18 	0.0115796 	0.0121031 	3.03691e-20
0.284701 	0.489084 	1.14492e-17 	0.0195413 	0.0126269 	1.1917e-20
0.288499 	0.495609 	1.49186e-17 	0.0291755 	0.0131268 	-6.15427e-20
0.292476 	0.502441 	1.56125e-17 	0.0406194 	0.0136388 	-1.36529e-20
0.29664 	0.509594 	1.35308e-17 	0.0540163 	0.014204 	5.23449e-21
0.300999 	0.517083 	1.249e-17 	0.069515 	0.0148692 	1.86901e-21
0.305564 	0.524924 	-1.31531e-17 	0.0872689 	0.0156868 	1.70472e-19
0.310343 	0.533134 	-1.24592e-17 	0.107434 	0.0167151 	-1.59665e-19
0.315347 	0.54173 	-1.07245e-17 	0.130169 	0.0180176 	1.13886e-19
0.320586 	0.550731 	-6.56117e-18 	0.155626 	0.0196628 	-8.62274e-20
0.326071 	0.560154 	-3.09172e-18 	0.183956 	0.0217238 	3.97674e-22
0.331814 	0.57002 	-5.86728e-18 	0.215294 	0.0242766 	-1.38972e-19
0.337828 	0.58035 	-6.56117e-18 	0.24976 	0.0273991 	2.23813e-19
0.344124 	0.591166 	-6.90812e-18 	0.287443 	0.0311686 	3.50255e-21
0.350716 	0.60249 	-8.98979e-18 	0.328397 	0.0356594 	2.20358e-19
0.357618 	0.614347 	-1.28062e-17 	0.372629 	0.0409388 	-1.35938e-19
0.364844 	0.626761 	-1.48879e-17 	0.420081 	0.0470634 	5.3292e-20
0.37241 	0.639759 	-1.76634e-17 	0.47062 	0.0540733 	-1.0474e-19
0.380332 	0.653368 	-2.39084e-17 	0.524023 	0.0619869 	4.74167e-20
0.388626 	0.667616 	-2.46023e-17 	0.579964 	0.0707941 	1.91951e-19
0.39731 	0.682535 	-2.46023e-17 	0.638002 	0.0804496 	-1.80255e-19
0.406403 	0.698155 	-2.39084e-17 	0.697581 	0.0908666 	3.63718e-20
0.415923 	0.714509 	-2.35615e-17 	0.758022 	0.101912 	4.66742e-20
0.42589 	0.731632 	-2.37503e-17 	0.818543 	0.1134 	1.16686e-20
0.436327 	0.749561 	2.11243e-18 	0.878276 	0.125095 	4.22021e-20
0.447253 	0.768332 	3.15326e-18 	0.936296 	0.13671 	-2.35913e-19
0.458694 	0.787985 	3.15326e-18 	0.991666 	0.147911 	1.07284e-19
0.470672 	0.808563 	5.23492e-18 	1.04348 	0.158338 	2.59838e-19
0.483214 	0.830108 	7.31659e-18 	1.09094 	0.167726 	-4.50773e-19
0.496345 	0.852666 	6.6227e-18 	1.13251 	0.175986 	4.6098e-21
0.512713 	0.880784 	4.9952e-18 	1.26259 	0.201005 	3.09443e-20
0.533364 	0.91626 	5.79107e-18 	1.25364 	0.195938 	-1.13308e-21
0.555189 	0.953753 	5.38417e-18 	1.2416 	0.190529 	-9.95148e-21
0.576659 	0.990637 	3.42929e-18 	1.22606 	0.184813 	-3.0212e-20
0.589494 	1.01269 	4.98429e-18 	1.20668 	0.17886 	-7.88543e-22
0.599956 	1.03066 	1.0539e-17 	1.24149 	0.175652 	-1.60043e-20
0.618503 	1.06252 	1.06952e-17 	1.2392 	0.17193 	-1.16107e-20
0.638863 	1.0975 	7.93019e-18 	1.23598 	0.168138 	3.99734e-21
0.658838 	1.13181 	5.15302e-18 	1.23092 	0.164238 	-3.67362e-20
0.675422 	1.1603 	1.59871e-18 	1.2262 	0.16061 	-5.47366e-23
0.685116 	1.17695 	1.12856e-18 	1.24339 	0.171015 	1.98598e-21
0.697612 	1.19842 	-2.88361e-18 	1.24276 	0.168893 	-1.20398e-20
0.759747 	1.30516 	5.45147e-19 	1.24927 	0.159462 	0
0.866231 	1.48809 	1.28905e-18 	1.23428 	0.144197 	0
0.943384 	1.62063 	3.08589e-18 	1.24342 	0.12791 	0
1.04969 	1.80324 	2.14621e-18 	1.21949 	0.117316 	0
1.14092 	1.95998 	2.29654e-18 	1.19364 	0.104356 	0
1.2302 	2.11334 	1.25571e-18 	1.20151 	0.0915409 	0
1.35341 	2.32501 	-1.12513e-18 	1.17616 	0.0815721 	0
1.44944 	2.48998 	-2.20938e-18 	1.18173 	0.0704591 	0
1.58198 	2.71767 	-1.79448e-18 	1.15744 	0.0626591 	0
1.68528 	2.89513 	-9.49767e-19 	1.16285 	0.0527798 	0
