2 	-3.93236 	-1.24028e-18 	-0.0124863
2 	-3.79943 	-3.9291e-18 	-0.0126517
2 	-3.67115 	-4.53626e-18 	-0.0129648
2 	-3.54734 	-6.87813e-18 	-0.01341
2 	-3.42786 	-8.61286e-18 	-0.013972
2 	-3.31256 	-9.9139e-18 	-0.0146371
2 	-3.20128 	-1.19088e-17 	-0.0153921
2 	-3.09388 	-1.32966e-17 	-0.016225
2 	-2.99024 	-1.52915e-17 	-0.0171245
2 	-2.89021 	-1.72865e-17 	-0.0180801
2 	-2.79368 	-1.79804e-17 	-0.0190821
2 	-2.70052 	-1.79804e-17 	-0.0201218
2 	-2.61061 	-2.12763e-17 	-0.0211914
2 	-2.52385 	-2.39652e-17 	-0.0222843
2 	-2.44011 	-2.70877e-17 	-0.0233947
2 	-2.35929 	-3.15112e-17 	-0.024518
2 	-2.2813 	-3.22051e-17 	-0.0256509
2 	-2.20604 	-3.22051e-17 	-0.026791
2 	-2.1334 	-3.42e-17 	-0.0279372
2 	-2.06329 	-3.6195e-17 	-0.0290897
2 	-1.99564 	-3.6195e-17 	-0.0302496
2 	-1.93035 	-3.6195e-17 	-0.0314191
2 	-1.86734 	-3.6195e-17 	-0.0326017
2 	-1.80652 	-3.55878e-17 	-0.0338014
2 	-1.74784 	-3.49807e-17 	-0.0350233
2 	-1.6912 	-3.56745e-17 	-0.0362733
2 	-1.63654 	-3.70623e-17 	-0.0375581
2 	-1.58379 	-3.84501e-17 	-0.0388848
2 	-1.53288 	-3.9144e-17 	-0.0402613
2 	-1.48375 	-3.9144e-17 	-0.0416956
2 	-1.43633 	-3.98379e-17 	-0.0431961
2 	-1.39057 	-4.05318e-17 	-0.044771
2 	-1.34641 	-4.25267e-17 	-0.0464284
2 	-1.30379 	-4.52155e-17 	-0.0481765
2 	-1.26266 	-4.59094e-17 	-0.0500228
2 	-1.22296 	-4.48686e-17 	-0.0519742
2 	-1.18466 	-4.38277e-17 	-0.054041
2 	-1.14768 	-4.38277e-17 	-0.0562542
2 	-1.112 	-4.38277e-17 	-0.0586206
2 	-1.07757 	-4.38277e-17 	-0.0608064
2 	-1.03863 	-4.20514e-17 	-0.0629648
2 	-1.01586 	-3.9958e-17 	-0.0577141
2 	-0.993217 	-4.09841e-17 	-0.0887775
2 	-0.948059 	-4.40032e-17 	-0.0824922
2 	-0.900995 	-4.85292e-17 	-0.0772472
2 	-0.876272 	-5.07208e-17 	-0.0725083
2 	-0.851886 	-4.48071e-17 	-0.107666
2 	-0.803473 	-3.76615e-17 	-0.104519
2 	-0.753096 	-3.74524e-17 	-0.102173
2 	-0.71814 	-3.83767e-17 	-0.101007
2 	-0.692197 	-3.7545e-17 	-0.141351
2 	-0.649352 	-3.747e-17 	-0.142561
2 	-0.596093 	-3.59978e-17 	-0.145335
2 	-0.541991 	-3.50827e-17 	-0.149994
2 	-0.502352 	-3.52256e-17 	-0.156756
2 	-0.474727 	-3.50998e-17 	-0.201958
2 	-0.431525 	-3.67761e-17 	-0.209796
2 	-0.375304 	-3.95517e-17 	-0.218743
2 	-0.318526 	-3.87104e-17 	-0.228319
2 	-0.261272 	-3.63218e-17 	-0.237795
2 	-0.203624 	-3.69048e-17 	-0.246252
2 	-0.145668 	-3.87722e-17 	-0.252738
2 	-0.0874897 	-3.70676e-17 	-0.256474
2 	-0.0291781 	-3.87305e-17 	-0.25706
2 	0.0291781 	-4.8098e-17 	-0.254714
2 	0.0874897 	-4.85168e-17 	-0.24985
2 	0.145668 	-4.38029e-17 	-0.243134
2 	0.203624 	-4.08946e-17 	-0.235106
2 	0.261272 	-4.15259e-17 	-0.226304
2 	0.318526 	-4.21799e-17 	-0.217162
2 	0.375304 	-3.7817e-17 	-0.207956
2 	0.431525 	-3.46945e-17 	-0.198884
2 	0.474727 	-3.39422e-17 	-0.190099
2 	0.502352 	-3.37209e-17 	-0.215735
2 	0.541991 	-3.71644e-17 	-0.207527
2 	0.596093 	-4.32836e-17 	-0.199188
2 	0.649352 	-4.85723e-17 	-0.190952
2 	0.692197 	-5.188e-17 	-0.182926
2 	0.71814 	-5.30587e-17 	-0.20734
2 	0.753096 	-5.38455e-17 	-0.197429
2 	0.803473 	-5.30138e-17 	-0.18733
2 	0.851886 	-5.30313e-17 	-0.17711
2 	0.876272 	-5.3047e-17 	-0.195058
2 	0.900995 	-5.11313e-17 	-0.183149
2 	0.948059 	-5.04217e-17 	-0.171282
2 	0.993217 	-5.19971e-17 	-0.159581
2 	1.01586 	-5.37466e-17 	-0.170067
2 	1.03863 	-5.34138e-17 	-0.15725
2 	1.07757 	-5.19809e-17 	-0.151362
2 	1.112 	-5.19809e-17 	-0.145441
2 	1.14768 	-5.19809e-17 	-0.139162
2 	1.18466 	-5.19809e-17 	-0.132928
2 	1.22296 	-5.19809e-17 	-0.126797
2 	1.26266 	-5.06799e-17 	-0.120766
2 	1.30379 	-4.87717e-17 	-0.114844
2 	1.34641 	-4.88584e-17 	-0.109042
2 	1.39057 	-4.95523e-17 	-0.103367
2 	1.43633 	-5.02462e-17 	-0.097819
2 	1.48375 	-5.09401e-17 	-0.0923983
2 	1.53288 	-5.22412e-17 	-0.0871038
2 	1.58379 	-5.2935e-17 	-0.0819345
2 	1.63654 	-5.30218e-17 	-0.0768898
2 	1.6912 	-5.57106e-17 	-0.0719694
2 	1.74784 	-5.77055e-17 	-0.0671737
2 	1.80652 	-5.83994e-17 	-0.0625031
2 	1.86734 	-5.77923e-17 	-0.0579586
2 	1.93035 	-5.64912e-17 	-0.0535415
2 	1.99564 	-5.64912e-17 	-0.0492539
2 	2.06329 	-5.47565e-17 	-0.0450985
2 	2.1334 	-5.30218e-17 	-0.0410787
2 	2.20604 	-5.17207e-17 	-0.0371983
2 	2.2813 	-5.04197e-17 	-0.0334618
2 	2.35929 	-5.04197e-17 	-0.0298743
2 	2.44011 	-5.04197e-17 	-0.026441
2 	2.52385 	-5.17207e-17 	-0.0231676
2 	2.61061 	-5.17207e-17 	-0.0200603
2 	2.70052 	-5.04197e-17 	-0.0171254
2 	2.79368 	-5.04197e-17 	-0.0143699
2 	2.89021 	-5.11136e-17 	-0.0118012
2 	2.99024 	-5.12003e-17 	-0.00942743
2 	3.09388 	-5.05932e-17 	-0.00725746
2 	3.20128 	-5.05932e-17 	-0.00530135
2 	3.31256 	-5.05932e-17 	-0.00357047
2 	3.42786 	-5.05932e-17 	-0.00207802
2 	3.54734 	-5.12871e-17 	-0.000839373
2 	3.67115 	-5.26748e-17 	0.00012738
2 	3.79943 	-5.33687e-17 	0.000799852
2 	3.93236 	-5.3603e-17 	0.00115277
