2 	-3.93236 	-1.24028e-18 	1.17046 	-0.000825984 	0
2 	-3.79943 	-3.9291e-18 	1.17112 	-0.00243229 	0
2 	-3.67115 	-4.53626e-18 	1.17239 	-0.0040094 	0
2 	-3.54734 	-6.87813e-18 	1.17419 	-0.00554541 	0
2 	-3.42786 	-8.61286e-18 	1.17645 	-0.00705389 	0
2 	-3.31256 	-9.9139e-18 	1.17913 	-0.00853982 	0
2 	-3.20128 	-1.19088e-17 	1.18215 	-0.0100071 	0
2 	-3.09388 	-1.32966e-17 	1.18547 	-0.0114595 	0
2 	-2.99024 	-1.52915e-17 	1.18904 	-0.0128993 	0
2 	-2.89021 	-1.72865e-17 	1.19281 	-0.0143282 	0
2 	-2.79368 	-1.79804e-17 	1.19672 	-0.0157468 	0
2 	-2.70052 	-1.79804e-17 	1.20073 	-0.0171552 	0
2 	-2.61061 	-2.12763e-17 	1.2048 	-0.0185524 	0
2 	-2.52385 	-2.39652e-17 	1.20889 	-0.0199369 	0
2 	-2.44011 	-2.70877e-17 	1.21295 	-0.0213065 	0
2 	-2.35929 	-3.15112e-17 	1.21696 	-0.0226583 	0
2 	-2.2813 	-3.22051e-17 	1.22087 	-0.0239891 	0
2 	-2.20604 	-3.22051e-17 	1.22466 	-0.0252953 	0
2 	-2.1334 	-3.42e-17 	1.22832 	-0.0265731 	0
2 	-2.06329 	-3.6195e-17 	1.23181 	-0.0278179 	0
2 	-1.99564 	-3.6195e-17 	1.23514 	-0.0290243 	0
2 	-1.93035 	-3.6195e-17 	1.23828 	-0.0301858 	0
2 	-1.86734 	-3.6195e-17 	1.24121 	-0.0312944 	0
2 	-1.80652 	-3.55878e-17 	1.24389 	-0.0323412 	0
2 	-1.74784 	-3.49807e-17 	1.24629 	-0.0333171 	0
2 	-1.6912 	-3.56745e-17 	1.24835 	-0.0342131 	0
2 	-1.63654 	-3.70623e-17 	1.25003 	-0.0350204 	0
2 	-1.58379 	-3.84501e-17 	1.25129 	-0.0357292 	0
2 	-1.53288 	-3.9144e-17 	1.25209 	-0.0363271 	0
2 	-1.48375 	-3.9144e-17 	1.25233 	-0.0367959 	0
2 	-1.43633 	-3.98379e-17 	1.2519 	-0.0371091 	0
2 	-1.39057 	-4.05318e-17 	1.25061 	-0.0372279 	0
2 	-1.34641 	-4.25267e-17 	1.24813 	-0.0371005 	0
2 	-1.30379 	-4.52155e-17 	1.24407 	-0.0366626 	0
2 	-1.26266 	-4.59094e-17 	1.23788 	-0.0358417 	0
2 	-1.22296 	-4.48686e-17 	1.22899 	-0.0345636 	0
2 	-1.18466 	-4.38277e-17 	1.21681 	-0.032773 	0
2 	-1.14768 	-4.38277e-17 	1.20086 	-0.0304781 	0
2 	-1.112 	-4.38277e-17 	1.18077 	-0.0277157 	0
2 	-1.07757 	-4.38277e-17 	1.1564 	-0.0241708 	0
2 	-1.03863 	-4.20514e-17 	1.11972 	-0.0176243 	6.5341e-21
2 	-1.01586 	-3.9958e-17 	1.05869 	-0.0149553 	-5.61192e-20
2 	-0.993217 	-4.09841e-17 	1.07624 	-0.00636542 	-3.89882e-20
2 	-0.948059 	-4.40032e-17 	1.0037 	8.74497e-05 	-3.292e-20
2 	-0.900995 	-4.85292e-17 	0.915444 	0.00744885 	2.16016e-20
2 	-0.876272 	-5.07208e-17 	0.812559 	0.0161865 	4.46945e-21
2 	-0.851886 	-4.48071e-17 	0.836957 	0.0276499 	3.05862e-20
2 	-0.803473 	-3.76615e-17 	0.722708 	0.0379253 	-1.12208e-20
2 	-0.753096 	-3.74524e-17 	0.600666 	0.0476183 	-6.53176e-21
2 	-0.71814 	-3.83767e-17 	0.477057 	0.055674 	-3.04988e-20
2 	-0.692197 	-3.7545e-17 	0.498378 	0.0690354 	5.90749e-20
2 	-0.649352 	-3.747e-17 	0.375411 	0.0768744 	-1.37814e-20
2 	-0.596093 	-3.59978e-17 	0.261319 	0.0819296 	-3.4261e-20
2 	-0.541991 	-3.50827e-17 	0.159589 	0.0840394 	4.98161e-20
2 	-0.502352 	-3.52256e-17 	0.071428 	0.0835625 	-2.42619e-20
2 	-0.474727 	-3.50998e-17 	0.0781834 	0.101144 	4.41207e-20
2 	-0.431525 	-3.67761e-17 	0.000631566 	0.100841 	2.92764e-20
2 	-0.375304 	-3.95517e-17 	-0.0637052 	0.0993865 	2.61866e-20
2 	-0.318526 	-3.87104e-17 	-0.115908 	0.0974378 	3.28012e-21
2 	-0.261272 	-3.63218e-17 	-0.156404 	0.0955607 	2.25531e-20
2 	-0.203624 	-3.69048e-17 	-0.184961 	0.0939722 	-1.7153e-22
2 	-0.145668 	-3.87722e-17 	-0.200976 	0.0926304 	-3.92131e-20
2 	-0.0874897 	-3.70676e-17 	-0.203831 	0.0913573 	-3.30498e-21
2 	-0.0291781 	-3.87305e-17 	-0.193199 	0.0899475 	-3.72033e-21
2 	0.0291781 	-4.8098e-17 	-0.169183 	0.0881652 	4.13126e-21
2 	0.0874897 	-4.85168e-17 	-0.132387 	0.0857359 	3.58654e-21
2 	0.145668 	-4.38029e-17 	-0.0838787 	0.0823624 	5.33978e-20
2 	0.203624 	-4.08946e-17 	-0.0250549 	0.0777228 	1.94892e-21
2 	0.261272 	-4.15259e-17 	0.0424558 	0.0718242 	-4.17619e-20
2 	0.318526 	-4.21799e-17 	0.117122 	0.0647592 	-3.51271e-21
2 	0.375304 	-3.7817e-17 	0.19754 	0.0564016 	-4.58955e-20
2 	0.431525 	-3.46945e-17 	0.282689 	0.0468148 	-5.14721e-20
2 	0.474727 	-3.39422e-17 	0.372068 	0.036163 	-1.00473e-19
2 	0.502352 	-3.37209e-17 	0.396063 	0.00668317 	5.56472e-20
2 	0.541991 	-3.71644e-17 	0.491165 	-0.00376329 	-1.23921e-19
2 	0.596093 	-4.32836e-17 	0.59002 	-0.0140125 	8.33884e-20
2 	0.649352 	-4.85723e-17 	0.692331 	-0.0240529 	2.88309e-20
2 	0.692197 	-5.188e-17 	0.797118 	-0.0325197 	4.89461e-20
2 	0.71814 	-5.30587e-17 	0.820683 	-0.0633484 	1.07859e-19
2 	0.753096 	-5.38455e-17 	0.921568 	-0.0685861 	8.42889e-21
2 	0.803473 	-5.30138e-17 	1.01761 	-0.0711005 	2.25933e-20
2 	0.851886 	-5.30313e-17 	1.10497 	-0.0706064 	-9.30468e-20
2 	0.876272 	-5.3047e-17 	1.11608 	-0.101173 	-2.22925e-20
2 	0.900995 	-5.11313e-17 	1.1871 	-0.0962857 	-6.02701e-20
2 	0.948059 	-5.04217e-17 	1.24479 	-0.0892778 	7.68554e-20
2 	0.993217 	-5.19971e-17 	1.28899 	-0.0807474 	-9.00419e-20
2 	1.01586 	-5.37466e-17 	1.28745 	-0.10917 	1.61664e-19
2 	1.03863 	-5.34138e-17 	1.31668 	-0.0949329 	-1.55962e-20
2 	1.07757 	-5.19809e-17 	1.33095 	-0.0856663 	0
2 	1.112 	-5.19809e-17 	1.33837 	-0.0828938 	0
2 	1.14768 	-5.19809e-17 	1.34238 	-0.0805011 	0
2 	1.18466 	-5.19809e-17 	1.34334 	-0.0775341 	0
2 	1.22296 	-5.19809e-17 	1.34173 	-0.0742903 	0
2 	1.26266 	-5.06799e-17 	1.33808 	-0.0709532 	0
2 	1.30379 	-4.87717e-17 	1.33294 	-0.0675617 	0
2 	1.34641 	-4.88584e-17 	1.32678 	-0.0641296 	0
2 	1.39057 	-4.95523e-17 	1.31998 	-0.0606712 	0
2 	1.43633 	-5.02462e-17 	1.31281 	-0.0571979 	0
2 	1.48375 	-5.09401e-17 	1.30545 	-0.0537191 	0
2 	1.53288 	-5.22412e-17 	1.29801 	-0.0502449 	0
2 	1.58379 	-5.2935e-17 	1.29057 	-0.046787 	0
2 	1.63654 	-5.30218e-17 	1.28316 	-0.043359 	0
2 	1.6912 	-5.57106e-17 	1.27581 	-0.039976 	0
2 	1.74784 	-5.77055e-17 	1.26856 	-0.0366534 	0
2 	1.80652 	-5.83994e-17 	1.26145 	-0.0334061 	0
2 	1.86734 	-5.77923e-17 	1.25451 	-0.0302478 	0
2 	1.93035 	-5.64912e-17 	1.24776 	-0.0271914 	0
2 	1.99564 	-5.64912e-17 	1.24121 	-0.0242487 	0
2 	2.06329 	-5.47565e-17 	1.23486 	-0.0214314 	0
2 	2.1334 	-5.30218e-17 	1.22872 	-0.0187511 	0
2 	2.20604 	-5.17207e-17 	1.22278 	-0.0162188 	0
2 	2.2813 	-5.04197e-17 	1.21702 	-0.013845 	0
2 	2.35929 	-5.04197e-17 	1.21147 	-0.0116391 	0
2 	2.44011 	-5.04197e-17 	1.20611 	-0.00960976 	0
2 	2.52385 	-5.17207e-17 	1.20096 	-0.00776341 	0
2 	2.61061 	-5.17207e-17 	1.19604 	-0.006104 	0
2 	2.70052 	-5.04197e-17 	1.19134 	-0.00463509 	0
2 	2.79368 	-5.04197e-17 	1.18689 	-0.00335886 	0
2 	2.89021 	-5.11136e-17 	1.18271 	-0.00227524 	0
2 	2.99024 	-5.12003e-17 	1.17881 	-0.00138027 	0
2 	3.09388 	-5.05932e-17 	1.17522 	-0.000667802 	0
2 	3.20128 	-5.05932e-17 	1.17195 	-0.00013395 	0
2 	3.31256 	-5.05932e-17 	1.16904 	0.000231174 	0
2 	3.42786 	-5.05932e-17 	1.16652 	0.000442606 	0
2 	3.54734 	-5.12871e-17 	1.16441 	0.0005154 	0
2 	3.67115 	-5.26748e-17 	1.16275 	0.000469792 	0
2 	3.79943 	-5.33687e-17 	1.1616 	0.000322628 	0
2 	3.93236 	-5.3603e-17 	1.161 	0.000122222 	0
