/*--------------------------------*- C++ -*----------------------------------*\
  =========                 |
  \\      /  F ield         | OpenFOAM: The Open Source CFD Toolbox
   \\    /   O peration     | Website:  https://openfoam.org
    \\  /    A nd           | Version:  7
     \\/     M anipulation  |
\*---------------------------------------------------------------------------*/
FoamFile
{
    version     2.0;
    format      ascii;
    class       volScalarField;
    location    "10";
    object      p;
}
// * * * * * * * * * * * * * * * * * * * * * * * * * * * * * * * * * * * * * //

dimensions      [0 2 -2 0 0 0 0];

internalField   nonuniform List<scalar> 
5600
(
-0.267928
-0.275846
-0.272017
-0.26623
-0.256855
-0.245161
-0.231724
-0.216381
-0.201995
-0.18372
-0.26879
-0.27643
-0.272523
-0.266642
-0.257214
-0.245473
-0.232002
-0.216569
-0.202245
-0.183451
-0.270504
-0.277592
-0.273529
-0.267461
-0.257925
-0.246088
-0.232555
-0.216953
-0.202727
-0.182913
-0.273055
-0.279319
-0.275022
-0.268672
-0.258974
-0.246996
-0.233378
-0.217514
-0.203433
-0.182117
-0.276415
-0.281594
-0.276985
-0.270259
-0.260343
-0.248174
-0.234405
-0.218261
-0.204361
-0.181076
-0.280553
-0.284395
-0.279394
-0.272199
-0.262008
-0.249601
-0.235657
-0.219138
-0.205487
-0.179811
-0.28543
-0.287695
-0.282225
-0.274466
-0.263943
-0.251248
-0.237104
-0.220126
-0.206785
-0.178351
-0.291004
-0.291467
-0.285448
-0.277032
-0.266119
-0.253087
-0.238711
-0.221208
-0.208223
-0.176729
-0.297229
-0.295678
-0.289033
-0.279869
-0.268506
-0.255087
-0.240447
-0.222363
-0.209762
-0.17499
-0.304061
-0.300294
-0.292951
-0.28295
-0.271078
-0.257222
-0.242282
-0.223573
-0.211356
-0.173189
-0.31146
-0.305279
-0.297173
-0.286248
-0.273809
-0.259467
-0.244188
-0.224825
-0.212952
-0.171387
-0.319348
-0.310627
-0.301672
-0.289741
-0.276676
-0.261802
-0.246137
-0.226109
-0.21449
-0.169655
-0.327705
-0.316289
-0.306423
-0.293409
-0.279662
-0.264209
-0.248105
-0.227423
-0.215902
-0.168068
-0.336486
-0.322239
-0.311406
-0.297237
-0.282753
-0.266677
-0.250069
-0.228766
-0.217114
-0.1667
-0.34565
-0.328455
-0.316602
-0.301214
-0.28594
-0.269197
-0.252012
-0.230141
-0.21805
-0.165641
-0.355156
-0.334913
-0.321997
-0.305331
-0.289216
-0.271762
-0.253915
-0.231551
-0.21863
-0.164976
-0.364967
-0.341592
-0.327577
-0.309582
-0.292577
-0.274366
-0.255767
-0.232998
-0.218736
-0.164635
-0.375047
-0.348471
-0.333329
-0.313962
-0.29602
-0.277
-0.25756
-0.234492
-0.218187
-0.164391
-0.385358
-0.355529
-0.339242
-0.318465
-0.299537
-0.279653
-0.259297
-0.236044
-0.216954
-0.165323
-0.395862
-0.362743
-0.345301
-0.323081
-0.303117
-0.282302
-0.260965
-0.237588
-0.215631
-0.172664
-0.406514
-0.370088
-0.351489
-0.327797
-0.306741
-0.284912
-0.262519
-0.238895
-0.214899
-0.190793
-0.417268
-0.377534
-0.357782
-0.332591
-0.310381
-0.287438
-0.263895
-0.239774
-0.213765
-0.195235
-0.428067
-0.385046
-0.364151
-0.337434
-0.313997
-0.289825
-0.265023
-0.240087
-0.212304
-0.195103
-0.438848
-0.392581
-0.370557
-0.342284
-0.317538
-0.29201
-0.265831
-0.2398
-0.210538
-0.193164
-0.449539
-0.40009
-0.376952
-0.347089
-0.32094
-0.293918
-0.266243
-0.238891
-0.208333
-0.189833
-0.460055
-0.407513
-0.383276
-0.351785
-0.324127
-0.295469
-0.266176
-0.237328
-0.205585
-0.18544
-0.470301
-0.41478
-0.389457
-0.356292
-0.327009
-0.296571
-0.265545
-0.23508
-0.202231
-0.180256
-0.480171
-0.42181
-0.395409
-0.360519
-0.329487
-0.297129
-0.264269
-0.232115
-0.19823
-0.174444
-0.489544
-0.428511
-0.401036
-0.364361
-0.33145
-0.297044
-0.26227
-0.2284
-0.193552
-0.168089
-0.498292
-0.434781
-0.406226
-0.367702
-0.332783
-0.296215
-0.259473
-0.223907
-0.188175
-0.161227
-0.506272
-0.440503
-0.410857
-0.370416
-0.333363
-0.294542
-0.255813
-0.218608
-0.182086
-0.153868
-0.513332
-0.445554
-0.414796
-0.37237
-0.333067
-0.291932
-0.251229
-0.212479
-0.175275
-0.146003
-0.519314
-0.449798
-0.4179
-0.373423
-0.331773
-0.288293
-0.245669
-0.2055
-0.167739
-0.137622
-0.524051
-0.453093
-0.420019
-0.373433
-0.329361
-0.283547
-0.239092
-0.197657
-0.159474
-0.128709
-0.527371
-0.455289
-0.420999
-0.372258
-0.325719
-0.277619
-0.231461
-0.188938
-0.150481
-0.119252
-0.529101
-0.456231
-0.420682
-0.369758
-0.320742
-0.27045
-0.222751
-0.179337
-0.140763
-0.109243
-0.529067
-0.455762
-0.418912
-0.365801
-0.314336
-0.261988
-0.212943
-0.168853
-0.130324
-0.0986766
-0.527099
-0.453724
-0.415535
-0.360261
-0.30642
-0.252194
-0.202028
-0.157486
-0.119171
-0.0875515
-0.52303
-0.449963
-0.410404
-0.353024
-0.296926
-0.241041
-0.190001
-0.145244
-0.107313
-0.0758712
-0.516703
-0.444329
-0.403383
-0.343992
-0.285801
-0.228514
-0.176868
-0.132138
-0.0947616
-0.0636432
-0.507972
-0.436681
-0.394347
-0.33308
-0.273008
-0.214606
-0.162641
-0.118182
-0.0815314
-0.0508795
-0.496704
-0.426887
-0.383186
-0.320222
-0.258524
-0.199327
-0.147336
-0.103394
-0.0676399
-0.0375958
-0.482783
-0.414833
-0.369809
-0.30537
-0.242344
-0.182691
-0.130979
-0.0877992
-0.0531065
-0.0238085
-0.466112
-0.400417
-0.354145
-0.288497
-0.224475
-0.164726
-0.113601
-0.0714239
-0.0379537
-0.00952342
-0.446616
-0.383558
-0.336143
-0.269593
-0.204942
-0.14547
-0.0952389
-0.0543006
-0.0222116
0.00525804
-0.424242
-0.364197
-0.315778
-0.248671
-0.183785
-0.12497
-0.0759353
-0.0364609
-0.00592035
0.0204744
-0.398963
-0.342298
-0.293048
-0.225764
-0.161056
-0.10328
-0.0557374
-0.0179412
0.0109012
0.0360274
-0.37078
-0.317848
-0.267974
-0.200922
-0.136822
-0.0804652
-0.034702
0.0011734
0.0282371
0.0519368
-0.339719
-0.290862
-0.240603
-0.174219
-0.111162
-0.0565979
-0.0129008
0.0208708
0.0460155
0.0681722
-0.305836
-0.261381
-0.211007
-0.145744
-0.0841687
-0.0317618
0.00960982
0.0410889
0.0641913
0.0846903
-0.269216
-0.229472
-0.179284
-0.115604
-0.0559436
-0.00604288
0.0327543
0.061767
0.0827174
0.101443
-0.229973
-0.195235
-0.14557
-0.0839054
-0.0265988
0.0204635
0.0564538
0.0828412
0.101542
0.118379
-0.188251
-0.158795
-0.110013
-0.0507734
0.00374246
0.0476548
0.0806249
0.104243
0.12061
0.135437
-0.144219
-0.120304
-0.0726534
-0.0164595
0.0349461
0.0754235
0.105179
0.125901
0.139861
0.15255
-0.098059
-0.07994
-0.03379
0.0189586
0.0668743
0.103656
0.130023
0.147739
0.159234
0.169642
-0.0499746
-0.0379001
0.00637223
0.0552993
0.0993802
0.132234
0.155061
0.169679
0.178669
0.186634
-0.000308082
0.00565085
0.0476483
0.0923718
0.132312
0.161036
0.180192
0.191644
0.198115
0.203399
0.0507379
0.0504299
0.0898127
0.129983
0.165513
0.189936
0.205313
0.213563
0.217519
0.219691
0.102884
0.0961766
0.132627
0.167933
0.198822
0.218805
0.230321
0.235369
0.236758
0.235204
0.15582
0.142624
0.175845
0.20602
0.232077
0.247513
0.255118
0.256971
0.255585
0.249828
0.209227
0.18949
0.219213
0.244034
0.265113
0.275929
0.279601
0.278248
0.273674
0.264331
0.262774
0.236482
0.262474
0.281768
0.297764
0.303922
0.303663
0.299094
0.291708
0.280312
0.316125
0.2833
0.305366
0.319012
0.329865
0.331362
0.327195
0.319398
0.309288
0.296074
0.368937
0.329639
0.34763
0.355558
0.361251
0.358118
0.35009
0.339089
0.326287
0.311311
0.420864
0.375195
0.389004
0.3912
0.391762
0.384064
0.372246
0.358094
0.342668
0.325932
0.471562
0.419664
0.429234
0.425735
0.42124
0.409075
0.393564
0.37634
0.358378
0.339888
0.52069
0.462746
0.468068
0.458968
0.449531
0.433031
0.413948
0.393753
0.373356
0.353137
0.567915
0.504149
0.505265
0.490709
0.476487
0.455816
0.433305
0.410261
0.387544
0.365636
0.612912
0.543587
0.54059
0.520775
0.501966
0.477318
0.451548
0.425796
0.400886
0.377346
0.655371
0.58079
0.57382
0.548993
0.525834
0.497431
0.468591
0.440292
0.413328
0.388228
0.694994
0.615499
0.604745
0.575199
0.547964
0.516056
0.484357
0.453687
0.42482
0.398247
0.731505
0.647473
0.633169
0.599243
0.568237
0.5331
0.49877
0.465923
0.435312
0.407369
0.764646
0.676489
0.658912
0.620983
0.586544
0.548476
0.511762
0.476944
0.44476
0.415565
0.794182
0.702341
0.681809
0.640293
0.602786
0.562107
0.523273
0.486701
0.453122
0.422804
0.819903
0.72485
0.701714
0.65706
0.616877
0.573924
0.533245
0.49515
0.460362
0.429061
0.841625
0.743855
0.7185
0.671186
0.628738
0.583866
0.541631
0.502252
0.466447
0.434311
0.859192
0.759223
0.73206
0.682588
0.638306
0.591882
0.548389
0.507974
0.471348
0.438537
0.87248
0.770846
0.742306
0.691198
0.645528
0.597931
0.553488
0.51229
0.475045
0.44172
0.881392
0.77864
0.749174
0.696967
0.650365
0.60198
0.5569
0.515178
0.477518
0.443849
0.885864
0.782551
0.752619
0.69986
0.65279
0.604011
0.558611
0.516626
0.478758
0.444916
0.885864
0.782551
0.752619
0.69986
0.65279
0.604011
0.558611
0.516626
0.478758
0.444916
0.881392
0.77864
0.749174
0.696967
0.650365
0.60198
0.5569
0.515178
0.477518
0.443849
0.87248
0.770846
0.742306
0.691198
0.645528
0.597931
0.553488
0.51229
0.475045
0.44172
0.859192
0.759223
0.73206
0.682588
0.638306
0.591882
0.548389
0.507974
0.471348
0.438537
0.841625
0.743855
0.7185
0.671186
0.628738
0.583866
0.541631
0.502252
0.466447
0.434311
0.819903
0.72485
0.701714
0.65706
0.616877
0.573924
0.533245
0.49515
0.460362
0.429061
0.794182
0.702341
0.681809
0.640293
0.602786
0.562107
0.523273
0.486701
0.453122
0.422804
0.764646
0.676489
0.658912
0.620983
0.586544
0.548476
0.511762
0.476944
0.44476
0.415565
0.731505
0.647473
0.633169
0.599243
0.568237
0.5331
0.49877
0.465923
0.435312
0.407369
0.694994
0.615499
0.604745
0.575199
0.547964
0.516056
0.484357
0.453687
0.42482
0.398247
0.655371
0.58079
0.57382
0.548993
0.525834
0.497431
0.468591
0.440292
0.413328
0.388228
0.612912
0.543587
0.54059
0.520775
0.501966
0.477318
0.451548
0.425796
0.400886
0.377346
0.567915
0.504148
0.505265
0.490709
0.476487
0.455816
0.433305
0.410261
0.387544
0.365636
0.52069
0.462746
0.468068
0.458968
0.449531
0.433031
0.413948
0.393753
0.373356
0.353137
0.471562
0.419664
0.429234
0.425735
0.42124
0.409075
0.393564
0.37634
0.358378
0.339888
0.420864
0.375195
0.389004
0.3912
0.391762
0.384064
0.372246
0.358094
0.342668
0.325932
0.368937
0.329639
0.34763
0.355558
0.361251
0.358118
0.35009
0.339089
0.326287
0.311311
0.316125
0.2833
0.305366
0.319012
0.329865
0.331362
0.327195
0.319398
0.309288
0.296074
0.262774
0.236482
0.262474
0.281768
0.297764
0.303922
0.303663
0.299094
0.291708
0.280312
0.209227
0.18949
0.219213
0.244034
0.265113
0.275929
0.279601
0.278248
0.273674
0.264331
0.15582
0.142624
0.175845
0.20602
0.232077
0.247513
0.255118
0.256971
0.255585
0.249828
0.102884
0.0961766
0.132627
0.167933
0.198822
0.218805
0.230321
0.235369
0.236758
0.235204
0.0507379
0.0504299
0.0898127
0.129983
0.165513
0.189936
0.205313
0.213563
0.217519
0.219691
-0.00030808
0.00565085
0.0476483
0.0923718
0.132312
0.161036
0.180192
0.191644
0.198115
0.203399
-0.0499746
-0.0379001
0.00637223
0.0552993
0.0993802
0.132234
0.155061
0.169679
0.178669
0.186634
-0.098059
-0.07994
-0.03379
0.0189586
0.0668743
0.103656
0.130023
0.147739
0.159234
0.169642
-0.144219
-0.120304
-0.0726534
-0.0164595
0.0349462
0.0754235
0.105179
0.125901
0.139861
0.15255
-0.188251
-0.158795
-0.110013
-0.0507734
0.00374247
0.0476548
0.0806249
0.104243
0.12061
0.135437
-0.229973
-0.195235
-0.14557
-0.0839054
-0.0265988
0.0204635
0.0564538
0.0828412
0.101542
0.118379
-0.269216
-0.229472
-0.179284
-0.115604
-0.0559436
-0.00604286
0.0327543
0.061767
0.0827174
0.101443
-0.305836
-0.261381
-0.211007
-0.145744
-0.0841687
-0.0317618
0.00960983
0.0410889
0.0641913
0.0846903
-0.339719
-0.290862
-0.240603
-0.174219
-0.111162
-0.0565978
-0.0129008
0.0208708
0.0460155
0.0681722
-0.37078
-0.317848
-0.267974
-0.200922
-0.136822
-0.0804652
-0.034702
0.00117342
0.0282371
0.0519368
-0.398963
-0.342298
-0.293048
-0.225764
-0.161056
-0.10328
-0.0557374
-0.0179412
0.0109012
0.0360274
-0.424242
-0.364197
-0.315778
-0.248671
-0.183785
-0.12497
-0.0759352
-0.0364609
-0.00592033
0.0204745
-0.446616
-0.383558
-0.336143
-0.269593
-0.204942
-0.14547
-0.0952389
-0.0543006
-0.0222116
0.00525805
-0.466112
-0.400417
-0.354145
-0.288497
-0.224475
-0.164726
-0.113601
-0.0714238
-0.0379537
-0.0095234
-0.482783
-0.414833
-0.369809
-0.30537
-0.242344
-0.182691
-0.130979
-0.0877991
-0.0531065
-0.0238084
-0.496704
-0.426887
-0.383186
-0.320222
-0.258524
-0.199326
-0.147336
-0.103394
-0.0676399
-0.0375958
-0.507972
-0.43668
-0.394347
-0.33308
-0.273008
-0.214606
-0.162641
-0.118182
-0.0815314
-0.0508794
-0.516703
-0.444329
-0.403383
-0.343992
-0.285801
-0.228513
-0.176868
-0.132138
-0.0947615
-0.0636432
-0.52303
-0.449963
-0.410404
-0.353024
-0.296926
-0.241041
-0.190001
-0.145244
-0.107313
-0.0758712
-0.527099
-0.453724
-0.415535
-0.360261
-0.30642
-0.252194
-0.202028
-0.157486
-0.119171
-0.0875515
-0.529067
-0.455762
-0.418912
-0.365801
-0.314336
-0.261988
-0.212943
-0.168853
-0.130324
-0.0986766
-0.529101
-0.456231
-0.420682
-0.369758
-0.320742
-0.27045
-0.222751
-0.179337
-0.140763
-0.109243
-0.527371
-0.455289
-0.420999
-0.372258
-0.325719
-0.277619
-0.231461
-0.188938
-0.150481
-0.119252
-0.524051
-0.453093
-0.420019
-0.373433
-0.329361
-0.283547
-0.239092
-0.197657
-0.159474
-0.128709
-0.519314
-0.449798
-0.4179
-0.373423
-0.331773
-0.288293
-0.245669
-0.2055
-0.167739
-0.137622
-0.513332
-0.445554
-0.414796
-0.37237
-0.333067
-0.291932
-0.251229
-0.212479
-0.175275
-0.146003
-0.506272
-0.440503
-0.410857
-0.370416
-0.333363
-0.294542
-0.255813
-0.218608
-0.182086
-0.153867
-0.498292
-0.434781
-0.406226
-0.367702
-0.332783
-0.296215
-0.259473
-0.223907
-0.188175
-0.161227
-0.489544
-0.428511
-0.401036
-0.364361
-0.33145
-0.297044
-0.26227
-0.2284
-0.193552
-0.168089
-0.480171
-0.42181
-0.395409
-0.360519
-0.329487
-0.297129
-0.264269
-0.232115
-0.19823
-0.174444
-0.470301
-0.41478
-0.389457
-0.356292
-0.327009
-0.296571
-0.265545
-0.23508
-0.202231
-0.180255
-0.460055
-0.407513
-0.383276
-0.351785
-0.324127
-0.295469
-0.266176
-0.237328
-0.205585
-0.18544
-0.449539
-0.40009
-0.376952
-0.347089
-0.32094
-0.293918
-0.266243
-0.238891
-0.208333
-0.189833
-0.438848
-0.392581
-0.370557
-0.342284
-0.317538
-0.29201
-0.265831
-0.2398
-0.210538
-0.193164
-0.428067
-0.385045
-0.364151
-0.337434
-0.313997
-0.289825
-0.265023
-0.240087
-0.212304
-0.195103
-0.417268
-0.377534
-0.357782
-0.332591
-0.310381
-0.287438
-0.263895
-0.239774
-0.213765
-0.195235
-0.406514
-0.370088
-0.351489
-0.327797
-0.306741
-0.284912
-0.262519
-0.238895
-0.214899
-0.190793
-0.395862
-0.362743
-0.345301
-0.323081
-0.303117
-0.282301
-0.260965
-0.237588
-0.215631
-0.172664
-0.385358
-0.355529
-0.339242
-0.318465
-0.299537
-0.279653
-0.259297
-0.236044
-0.216954
-0.165323
-0.375047
-0.348471
-0.333329
-0.313962
-0.29602
-0.277
-0.25756
-0.234492
-0.218187
-0.164391
-0.364967
-0.341592
-0.327577
-0.309582
-0.292577
-0.274365
-0.255767
-0.232998
-0.218736
-0.164635
-0.355156
-0.334913
-0.321997
-0.305331
-0.289216
-0.271762
-0.253915
-0.231551
-0.21863
-0.164976
-0.34565
-0.328455
-0.316602
-0.301214
-0.28594
-0.269197
-0.252012
-0.230141
-0.21805
-0.165641
-0.336486
-0.322239
-0.311406
-0.297237
-0.282753
-0.266677
-0.250069
-0.228766
-0.217113
-0.1667
-0.327705
-0.316289
-0.306423
-0.293409
-0.279662
-0.264209
-0.248105
-0.227423
-0.215902
-0.168068
-0.319348
-0.310627
-0.301672
-0.289741
-0.276676
-0.261802
-0.246137
-0.226109
-0.21449
-0.169655
-0.31146
-0.305279
-0.297173
-0.286248
-0.273809
-0.259467
-0.244188
-0.224825
-0.212952
-0.171387
-0.304061
-0.300294
-0.292951
-0.28295
-0.271078
-0.257222
-0.242282
-0.223573
-0.211356
-0.173189
-0.297229
-0.295678
-0.289033
-0.279869
-0.268506
-0.255087
-0.240447
-0.222363
-0.209762
-0.17499
-0.291004
-0.291467
-0.285448
-0.277032
-0.266119
-0.253087
-0.238711
-0.221208
-0.208223
-0.176729
-0.28543
-0.287695
-0.282225
-0.274466
-0.263943
-0.251248
-0.237104
-0.220126
-0.206785
-0.178351
-0.280553
-0.284395
-0.279394
-0.272199
-0.262008
-0.249601
-0.235657
-0.219138
-0.205487
-0.179811
-0.276415
-0.281594
-0.276985
-0.270259
-0.260343
-0.248174
-0.234405
-0.218261
-0.204361
-0.181076
-0.273055
-0.279319
-0.275022
-0.268672
-0.258974
-0.246996
-0.233378
-0.217514
-0.203433
-0.182117
-0.270504
-0.277592
-0.273529
-0.267461
-0.257925
-0.246088
-0.232555
-0.216953
-0.202727
-0.182913
-0.26879
-0.27643
-0.272523
-0.266642
-0.257214
-0.245472
-0.232002
-0.216569
-0.202245
-0.183451
-0.267928
-0.275846
-0.272017
-0.26623
-0.256855
-0.245161
-0.231724
-0.216381
-0.201995
-0.18372
-0.17618
-0.170787
-0.164635
-0.158082
-0.151071
-0.14356
-0.13555
-0.127045
-0.118045
-0.108564
-0.0986281
-0.0882718
-0.0775684
-0.0665069
-0.0554686
-0.0436004
-0.0337097
-0.018818
-0.0161535
0.0131083
-0.176627
-0.171204
-0.16495
-0.158355
-0.151319
-0.143783
-0.135754
-0.127232
-0.118217
-0.108722
-0.0987719
-0.0884021
-0.077686
-0.0666119
-0.055562
-0.0436839
-0.0337765
-0.0188978
-0.0161626
0.0129649
-0.177514
-0.172032
-0.165575
-0.158897
-0.151809
-0.144225
-0.136156
-0.127601
-0.118556
-0.109032
-0.0990553
-0.0886592
-0.077918
-0.0668189
-0.0557461
-0.0438488
-0.0339082
-0.0190557
-0.0161808
0.0126807
-0.178822
-0.173261
-0.166501
-0.159698
-0.152533
-0.144878
-0.136749
-0.128143
-0.119053
-0.109487
-0.0994703
-0.0890354
-0.0782576
-0.0671222
-0.0560161
-0.0440911
-0.0341015
-0.0192883
-0.0162083
0.0122604
-0.180522
-0.174871
-0.167715
-0.160745
-0.153479
-0.145727
-0.137519
-0.128846
-0.119695
-0.110074
-0.100005
-0.0895203
-0.0786953
-0.0675135
-0.0563646
-0.0444049
-0.0343513
-0.0195909
-0.0162451
0.0117112
-0.182575
-0.176835
-0.169194
-0.162021
-0.154629
-0.146757
-0.138447
-0.129691
-0.120466
-0.110777
-0.100645
-0.0901
-0.0792189
-0.0679823
-0.0567824
-0.0447826
-0.0346516
-0.0199574
-0.0162909
0.0110422
-0.184928
-0.179115
-0.170912
-0.163499
-0.15596
-0.147944
-0.139514
-0.130658
-0.121345
-0.111577
-0.101372
-0.0907585
-0.0798142
-0.0685162
-0.057259
-0.0452157
-0.034995
-0.0203807
-0.0163455
0.0102647
-0.187518
-0.181657
-0.17283
-0.165151
-0.157444
-0.149262
-0.140693
-0.131721
-0.122308
-0.112451
-0.102166
-0.0914778
-0.0804654
-0.0691019
-0.0577827
-0.0456947
-0.035374
-0.020853
-0.016408
0.00939151
-0.190266
-0.184394
-0.174901
-0.166936
-0.159047
-0.15068
-0.141954
-0.132854
-0.12333
-0.113376
-0.103004
-0.0922387
-0.0811556
-0.0697251
-0.0583414
-0.0462096
-0.0357804
-0.0213662
-0.0164777
0.0084368
-0.19308
-0.187242
-0.177067
-0.168809
-0.160728
-0.15216
-0.143264
-0.134024
-0.124382
-0.114326
-0.103866
-0.0930213
-0.0818677
-0.0703711
-0.0589225
-0.0467503
-0.0362062
-0.0219117
-0.0165532
0.00741594
-0.195855
-0.190098
-0.179257
-0.170715
-0.162438
-0.15366
-0.144585
-0.135198
-0.125433
-0.115274
-0.104727
-0.0938056
-0.0825845
-0.0710257
-0.0595139
-0.0473068
-0.0366437
-0.0224813
-0.0166333
0.00634494
-0.198477
-0.192845
-0.181391
-0.17259
-0.16412
-0.15513
-0.145874
-0.13634
-0.126453
-0.116194
-0.105564
-0.0945724
-0.0832897
-0.0716751
-0.0601042
-0.0478695
-0.0370856
-0.0230669
-0.0167166
0.00524018
-0.200827
-0.195351
-0.183373
-0.174358
-0.165709
-0.156517
-0.147088
-0.137413
-0.127411
-0.11706
-0.106357
-0.0953036
-0.0839682
-0.0723068
-0.0606827
-0.0484295
-0.0375251
-0.0236608
-0.0168016
0.00411791
-0.202787
-0.197478
-0.185102
-0.175938
-0.167135
-0.157762
-0.148181
-0.138381
-0.128278
-0.117849
-0.107085
-0.095983
-0.0846062
-0.0729093
-0.06124
-0.0489787
-0.0379565
-0.0242559
-0.0168871
0.00299391
-0.204259
-0.19909
-0.186474
-0.177242
-0.168316
-0.158802
-0.149104
-0.139204
-0.129023
-0.118536
-0.107729
-0.0965946
-0.0851906
-0.0734715
-0.0617666
-0.049509
-0.0383736
-0.0248452
-0.0169719
0.00188315
-0.20516
-0.200036
-0.187362
-0.178155
-0.169156
-0.159562
-0.149799
-0.139841
-0.129615
-0.119097
-0.108271
-0.0971232
-0.0857085
-0.0739827
-0.0622535
-0.0500124
-0.0387708
-0.0254222
-0.0170545
0.000799367
-0.205314
-0.200083
-0.187606
-0.178572
-0.169582
-0.160001
-0.150247
-0.140282
-0.130051
-0.119534
-0.108712
-0.0975711
-0.086162
-0.0744445
-0.062702
-0.0504891
-0.0391486
-0.0259842
-0.0171366
-0.000246008
-0.204759
-0.199267
-0.187306
-0.178577
-0.169663
-0.160184
-0.150508
-0.140586
-0.130385
-0.119894
-0.109095
-0.0979765
-0.0865843
-0.0748846
-0.063135
-0.0509559
-0.0395212
-0.0265377
-0.0172253
-0.00124508
-0.204902
-0.197969
-0.186474
-0.177956
-0.16913
-0.159867
-0.150377
-0.140585
-0.130485
-0.120073
-0.109339
-0.0982757
-0.0869259
-0.0752653
-0.063524
-0.0513918
-0.0398727
-0.0270721
-0.0173145
-0.00218801
-0.201424
-0.191723
-0.182427
-0.174797
-0.16652
-0.157871
-0.148866
-0.139439
-0.129625
-0.119444
-0.1089
-0.0979982
-0.0867823
-0.0752461
-0.063583
-0.0515752
-0.0400238
-0.0274752
-0.017329
-0.00304669
-0.174195
-0.177768
-0.177519
-0.171763
-0.164116
-0.155926
-0.147224
-0.138021
-0.128393
-0.118377
-0.107986
-0.0972351
-0.0861601
-0.074785
-0.0632365
-0.05144
-0.0398955
-0.0277296
-0.0172235
-0.00392291
-0.167817
-0.167477
-0.167851
-0.163304
-0.156825
-0.149725
-0.141977
-0.133582
-0.124644
-0.115231
-0.105376
-0.0951093
-0.08447
-0.0735042
-0.062298
-0.0508757
-0.0395111
-0.0278181
-0.0170442
-0.00484978
-0.159377
-0.157869
-0.157464
-0.1537
-0.148259
-0.142141
-0.135332
-0.127812
-0.11967
-0.110982
-0.101792
-0.0921388
-0.0820624
-0.071625
-0.0608799
-0.0499286
-0.0388583
-0.0276959
-0.0167842
-0.00567474
-0.149889
-0.148195
-0.147009
-0.143787
-0.139262
-0.134031
-0.128098
-0.121437
-0.114113
-0.106191
-0.097716
-0.0887307
-0.0792737
-0.0694191
-0.0591913
-0.0487574
-0.0380426
-0.0274316
-0.0164823
-0.00637324
-0.139076
-0.137773
-0.13612
-0.133312
-0.129624
-0.125258
-0.120191
-0.114402
-0.107932
-0.100827
-0.0931251
-0.084869
-0.0760931
-0.0668792
-0.0572277
-0.0473569
-0.0370611
-0.0270158
-0.0161384
-0.006916
-0.126786
-0.126335
-0.124622
-0.122238
-0.119333
-0.115814
-0.111609
-0.106699
-0.101107
-0.0948595
-0.0879823
-0.0805128
-0.0724788
-0.0639647
-0.0549517
-0.0456938
-0.0358864
-0.0264222
-0.0157387
-0.00727554
-0.113501
-0.114001
-0.112556
-0.110669
-0.108512
-0.10582
-0.10246
-0.0984249
-0.0937149
-0.0883447
-0.0823247
-0.075683
-0.0684389
-0.0606746
-0.0523558
-0.0437565
-0.0345053
-0.0256358
-0.0152712
-0.00743728
-0.0996725
-0.101028
-0.100068
-0.0987545
-0.0973195
-0.0954207
-0.0928853
-0.089697
-0.0858633
-0.0813722
-0.0762224
-0.0704322
-0.0640105
-0.0570332
-0.0494533
-0.041551
-0.0329169
-0.0246531
-0.0147257
-0.00740282
-0.0857222
-0.0877558
-0.0873863
-0.0866864
-0.0859372
-0.0847853
-0.0830371
-0.0806683
-0.0776783
-0.0740497
-0.0697652
-0.064832
-0.0592486
-0.0530806
-0.0462719
-0.039095
-0.0311296
-0.0234799
-0.0140942
-0.00718997
-0.0720406
-0.0745455
-0.0747764
-0.0746849
-0.0745685
-0.074101
-0.0730857
-0.0714883
-0.0693013
-0.0665022
-0.0630597
-0.0589714
-0.0542248
-0.0488729
-0.0428531
-0.0364192
-0.0291615
-0.0221322
-0.0133735
-0.00683026
-0.0589384
-0.0617237
-0.0625017
-0.0629721
-0.0634189
-0.0635598
-0.0632084
-0.0623207
-0.0608812
-0.0588594
-0.0562238
-0.0529524
-0.0490248
-0.04448
-0.0392517
-0.033566
-0.0270408
-0.0206363
-0.0125668
-0.00636391
-0.04664
-0.0495544
-0.0507924
-0.0517517
-0.0526813
-0.053347
-0.0535802
-0.0533298
-0.0525717
-0.0512705
-0.0493851
-0.0468866
-0.0437447
-0.039983
-0.0355335
-0.0305888
-0.024805
-0.019027
-0.0116849
-0.00583334
-0.0352975
-0.0382344
-0.039836
-0.0411996
-0.0425283
-0.0436333
-0.0443671
-0.0446741
-0.0445224
-0.0438708
-0.0426724
-0.0408916
-0.0384887
-0.0354724
-0.0317738
-0.0275506
-0.0225008
-0.0173466
-0.0107463
-0.00527723
-0.0250127
-0.0279044
-0.02978
-0.0314642
-0.0331119
-0.0345739
-0.0357246
-0.0365068
-0.0368815
-0.0368033
-0.0362209
-0.0350915
-0.0333688
-0.0310471
-0.0280574
-0.0245233
-0.0201838
-0.0156431
-0.0097767
-0.00472676
-0.0158622
-0.0186703
-0.0207444
-0.0226739
-0.0245686
-0.0263122
-0.0278005
-0.0289767
-0.0297969
-0.0302122
-0.0301681
-0.029616
-0.0285045
-0.0268153
-0.0244788
-0.0215881
-0.0179184
-0.0139695
-0.00880805
-0.0042049
-0.00791505
-0.0106219
-0.0128346
-0.0149461
-0.0170257
-0.0189847
-0.0207383
-0.0222317
-0.0234181
-0.0242459
-0.0246588
-0.024604
-0.0240255
-0.0228954
-0.0211434
-0.0188359
-0.0157788
-0.0123842
-0.00787784
-0.00372824
-0.00125377
-0.00385635
-0.00616105
-0.00840227
-0.0106148
-0.0127323
-0.0146865
-0.0164259
-0.0179019
-0.0190618
-0.0198481
-0.0202051
-0.020074
-0.0194189
-0.0181688
-0.016369
-0.0138492
-0.0109515
-0.00702838
-0.00331016
0.00403446
0.00152496
-0.000838681
-0.00316909
-0.00547369
-0.00770278
-0.00980206
-0.0117231
-0.0134169
-0.0148301
-0.0159049
-0.0165842
-0.0168071
-0.0165319
-0.0156874
-0.0143024
-0.012225
-0.00974329
-0.00630682
-0.00296366
0.0077814
0.00534791
0.00295334
0.000569739
-0.00179053
-0.00408927
-0.00628213
-0.00832341
-0.0101641
-0.0117508
-0.0130259
-0.0139312
-0.014405
-0.0144013
-0.0138495
-0.0127667
-0.0110145
-0.00884094
-0.0057675
-0.00270287
0.00985118
0.00745117
0.00503611
0.00262114
0.000228902
-0.00210843
-0.00435196
-0.00645774
-0.00837703
-0.0100567
-0.0114393
-0.0124666
-0.0130764
-0.0132199
-0.0128287
-0.011911
-0.0103417
-0.00833451
-0.0054763
-0.00254579
-0.0456703
-0.0567048
-0.0672595
-0.0773177
-0.0868629
-0.0958793
-0.104352
-0.112269
-0.11962
-0.126399
-0.132612
-0.138276
-0.14343
-0.148143
-0.152533
-0.156792
-0.161206
-0.166178
-0.173364
-0.187015
-0.0360254
-0.0463626
-0.056282
-0.0657713
-0.0748194
-0.0834173
-0.0915593
-0.0992444
-0.106478
-0.113278
-0.119674
-0.12572
-0.131499
-0.137136
-0.142809
-0.148771
-0.155345
-0.162799
-0.172257
-0.187214
-0.0268228
-0.0364972
-0.0458297
-0.0548139
-0.0634453
-0.0717221
-0.0796467
-0.0872265
-0.0944757
-0.101417
-0.108083
-0.114522
-0.120796
-0.126988
-0.133198
-0.139554
-0.146189
-0.153132
-0.161103
-0.173302
-0.0180229
-0.0270707
-0.0358396
-0.0443253
-0.0525258
-0.0604418
-0.0680766
-0.0754376
-0.082536
-0.0893883
-0.0960166
-0.10245
-0.108725
-0.11489
-0.121002
-0.127144
-0.133425
-0.139911
-0.147234
-0.15775
-0.00965636
-0.0180984
-0.0263102
-0.0342888
-0.0420327
-0.0495427
-0.0568215
-0.0638747
-0.0707106
-0.0773416
-0.0837843
-0.0900613
-0.0962024
-0.102248
-0.10825
-0.114281
-0.12043
-0.126745
-0.133622
-0.142419
-0.00172823
-0.00958601
-0.0172536
-0.0247283
-0.0320088
-0.0390958
-0.0459915
-0.0527003
-0.0592292
-0.0655882
-0.0717907
-0.077855
-0.0838043
-0.089668
-0.0954824
-0.101291
-0.107143
-0.113061
-0.119297
-0.126586
0.00576871
-0.00153112
-0.00867303
-0.0156544
-0.022474
-0.0291316
-0.0356288
-0.0419684
-0.0481554
-0.0541964
-0.0601007
-0.0658801
-0.0715492
-0.0771258
-0.0826318
-0.0880942
-0.0935433
-0.099003
-0.104635
-0.110761
0.0128355
0.00606623
-0.000570805
-0.00707275
-0.0134377
-0.0196649
-0.0257544
-0.0317075
-0.0375266
-0.0432157
-0.04878
-0.0542265
-0.0595641
-0.0648039
-0.0699596
-0.0750482
-0.080089
-0.0850998
-0.0901615
-0.0953566
0.0194689
0.0132023
0.00704722
0.0010074
-0.00491472
-0.0107174
-0.0163996
-0.0219611
-0.0274025
-0.0327255
-0.0379327
-0.0430278
-0.0480155
-0.0529021
-0.0576949
-0.0624028
-0.0670361
-0.0716062
-0.076138
-0.080606
0.0256692
0.0198739
0.0141744
0.00857474
0.00307797
-0.00231342
-0.00759745
-0.0127728
-0.0178386
-0.022795
-0.0276425
-0.0323823
-0.0370163
-0.0415472
-0.0459782
-0.0503133
-0.0545578
-0.0587187
-0.062786
-0.0667018
0.0314263
0.0260703
0.0207982
0.0156137
0.0105204
0.0055215
0.000619767
-0.00418262
-0.00888394
-0.0134829
-0.0179788
-0.0223713
-0.0266605
-0.030847
-0.0349317
-0.0389159
-0.0428021
-0.0465938
-0.0502634
-0.0537585
0.0367343
0.0317838
0.0269075
0.0221094
0.0173935
0.0127633
0.00822208
0.00377265
-0.000582625
-0.00484174
-0.00900307
-0.0130654
-0.0170278
-0.0208897
-0.0246508
-0.028311
-0.0318715
-0.0353334
-0.038664
-0.04183
0.0415763
0.0369978
0.0324854
0.0280433
0.0236759
0.019387
0.0151803
0.011059
0.00702581
0.00308327
-0.000766504
-0.00452175
-0.008181
-0.0117431
-0.0152071
-0.0185725
-0.0218397
-0.0250085
-0.0280483
-0.0309448
0.0459466
0.0417033
0.0375195
0.0333999
0.0293488
0.0253704
0.0214685
0.0176463
0.013907
0.0102534
0.00668776
0.00321222
-0.000171506
-0.00346198
-0.00665801
-0.00975877
-0.0127645
-0.0156741
-0.0184624
-0.0211288
0.0498271
0.0458816
0.0419905
0.0381584
0.0343898
0.0306888
0.0270592
0.0235045
0.020028
0.0166324
0.0133204
0.0100941
0.00695531
0.00390574
0.000946616
-0.00192112
-0.00469746
-0.00738097
-0.00995237
-0.0124192
0.0531955
0.0495096
0.0458738
0.0422928
0.0387709
0.0353123
0.0319207
0.0285997
0.0253525
0.0221819
0.0190906
0.0160807
0.0131542
0.0103128
0.00755773
0.00489002
0.00230991
-0.000181142
-0.0025695
-0.00486547
0.0560281
0.0525618
0.0491421
0.0457736
0.0424605
0.0392067
0.0360161
0.032892
0.0298376
0.0268557
0.023949
0.0211196
0.0183695
0.0157004
0.0131136
0.0106102
0.00819068
0.0058563
0.00361589
0.00146021
0.0582681
0.0549815
0.0517388
0.0485443
0.0454019
0.0423156
0.0392888
0.0363248
0.0334266
0.0305969
0.0278383
0.0251528
0.0225423
0.0200086
0.0175529
0.0151762
0.0128794
0.0106634
0.00853319
0.00648266
0.059889
0.0567331
0.0536188
0.0505499
0.0475304
0.0445638
0.0416536
0.0388028
0.0360143
0.0332909
0.0306349
0.0280485
0.0255335
0.0230917
0.0207243
0.0184326
0.0162173
0.0140793
0.0120208
0.0100393
0.0607388
0.0576798
0.0546607
0.0516847
0.0487552
0.045875
0.0430472
0.0402744
0.0375592
0.0349038
0.0323104
0.0297811
0.0273175
0.0249212
0.0225938
0.0203363
0.0181499
0.0160356
0.0139944
0.0120261
0.239808
0.224178
0.208362
0.193413
0.178202
0.162782
0.147375
0.132033
0.116789
0.101687
0.0867683
0.072069
0.05762
0.0434485
0.0295791
0.0160986
0.00289937
-0.00987901
-0.0222368
-0.0341738
0.230524
0.215576
0.199839
0.185673
0.171489
0.157094
0.142759
0.128543
0.114446
0.100494
0.0867205
0.0731505
0.059809
0.0467188
0.0339021
0.0214427
0.00918697
-0.00267424
-0.0141615
-0.0252851
0.218979
0.204788
0.189759
0.176547
0.163564
0.150384
0.137258
0.124269
0.111403
0.0986715
0.086099
0.0737071
0.0615158
0.0495472
0.0378393
0.0264926
0.0151067
0.00413736
-0.00649158
-0.016816
0.207547
0.194523
0.180654
0.168477
0.156637
0.144619
0.132623
0.120758
0.109015
0.0973932
0.0859108
0.0745853
0.0634304
0.0524574
0.0416611
0.0310131
0.0208111
0.0107365
0.000886344
-0.00870206
0.196686
0.184863
0.172243
0.161092
0.150314
0.139392
0.128471
0.117664
0.106969
0.0963808
0.0859112
0.0755742
0.0653812
0.0553429
0.045468
0.0357576
0.0263256
0.0170214
0.00790545
-0.000988042
0.186599
0.175891
0.164502
0.154348
0.144558
0.13466
0.12475
0.114931
0.105212
0.0955825
0.0860514
0.0766301
0.0673283
0.0581557
0.0491215
0.0402324
0.0315323
0.0229585
0.0145465
0.0063165
0.177325
0.167651
0.157446
0.148254
0.139387
0.130438
0.121469
0.112569
0.103749
0.0950033
0.0863355
0.0777557
0.0692725
0.0608939
0.0526275
0.0444806
0.0364774
0.0285852
0.0208298
0.0132232
0.168882
0.160171
0.151076
0.142796
0.134784
0.126707
0.118605
0.11055
0.102555
0.0946178
0.0867401
0.0789303
0.0711962
0.0635449
0.0559831
0.0485178
0.0411653
0.0339027
0.0267564
0.0197333
0.161286
0.153464
0.145389
0.137954
0.130726
0.123443
0.11613
0.108846
0.101604
0.0944015
0.0872427
0.0801341
0.0730829
0.0660956
0.0591782
0.0523376
0.0455865
0.0389011
0.0323194
0.0258426
0.154527
0.14752
0.140363
0.133699
0.127184
0.120617
0.114017
0.107429
0.100867
0.0943299
0.0878217
0.0813486
0.0749175
0.0685351
0.0622085
0.0559479
0.0497696
0.0435958
0.0375272
0.0315547
0.148582
0.142311
0.13597
0.129997
0.124121
0.118194
0.112232
0.106269
0.100317
0.0943765
0.0884523
0.0825497
0.0766749
0.0708336
0.0650312
0.0592697
0.0535498
0.0479435
0.0423744
0.036863
0.14341
0.1378
0.13217
0.126808
0.1215
0.116141
0.110744
0.105336
0.0999269
0.0945193
0.0891174
0.0837269
0.0783539
0.0730047
0.0676854
0.0624013
0.057157
0.0519804
0.0468423
0.0417558
0.138966
0.133939
0.128923
0.124092
0.119282
0.114421
0.10952
0.1046
0.09967
0.0947331
0.0897939
0.084858
0.0799315
0.0750205
0.070131
0.0652687
0.0604393
0.0556565
0.0509128
0.0462165
0.135198
0.130678
0.126182
0.121806
0.117427
0.112997
0.108526
0.10403
0.0995181
0.0949927
0.0904591
0.0859227
0.0813895
0.0768655
0.0723565
0.0678684
0.0634071
0.0589818
0.054592
0.0502447
0.132052
0.127966
0.123903
0.119909
0.115896
0.111833
0.107729
0.103597
0.0994434
0.0952728
0.0910897
0.0868997
0.0827085
0.0785219
0.0743456
0.0701854
0.0660472
0.0619383
0.0578612
0.0538221
0.129478
0.125753
0.122042
0.118361
0.114651
0.110893
0.107095
0.103268
0.0994164
0.0955453
0.0916593
0.0877639
0.0838644
0.0799665
0.0760758
0.0721979
0.0683384
0.0645039
0.0606982
0.0569268
0.127432
0.123996
0.120561
0.117129
0.113661
0.110148
0.106598
0.103018
0.0994135
0.0957881
0.092147
0.0884952
0.0848379
0.0811806
0.0775286
0.0738872
0.070262
0.0666587
0.0630817
0.0595364
0.125878
0.122656
0.119421
0.116171
0.112884
0.109556
0.106194
0.102802
0.0993871
0.0959521
0.092502
0.0890415
0.0855758
0.0821098
0.0786486
0.0751973
0.0717612
0.0683456
0.0649551
0.0615943
0.124819
0.121736
0.118631
0.115501
0.112335
0.109133
0.105901
0.102642
0.0993608
0.0960617
0.0927488
0.0894267
0.0861
0.0827734
0.0794516
0.0761396
0.072842
0.0695636
0.0663086
0.0630823
0.124231
0.121187
0.118119
0.115023
0.111897
0.108741
0.105561
0.10236
0.0991423
0.0959122
0.0926736
0.0894305
0.0861873
0.0829482
0.0797173
0.0764989
0.0732972
0.0701164
0.0669613
0.063834
0.263296
0.266015
0.271045
0.276645
0.281951
0.285226
0.28573
0.281168
0.272751
0.25301
0.261407
0.263753
0.268026
0.27253
0.276362
0.277844
0.27627
0.269591
0.259029
0.239795
0.259331
0.261299
0.264797
0.268207
0.270638
0.27053
0.267287
0.259203
0.247692
0.229496
0.257037
0.25859
0.261252
0.263503
0.264483
0.262778
0.257918
0.248584
0.236176
0.21849
0.254515
0.255627
0.257413
0.258475
0.258
0.254751
0.248386
0.237975
0.224812
0.207621
0.25176
0.252412
0.253301
0.253171
0.251283
0.2466
0.238914
0.227664
0.214024
0.197447
0.248769
0.248948
0.24893
0.247624
0.24439
0.238409
0.229609
0.217756
0.2039
0.188004
0.245543
0.245241
0.244319
0.241872
0.237381
0.230255
0.220551
0.208307
0.19445
0.179281
0.242093
0.241309
0.239499
0.235966
0.23033
0.222223
0.211823
0.199382
0.185707
0.1713
0.238436
0.237177
0.234514
0.229968
0.223315
0.214402
0.203509
0.191039
0.177698
0.164079
0.234602
0.232884
0.229417
0.223951
0.216424
0.206878
0.19568
0.183329
0.170439
0.157616
0.230634
0.228481
0.224275
0.217996
0.209745
0.199735
0.1884
0.176286
0.163928
0.151896
0.226589
0.224034
0.219168
0.212192
0.203369
0.193051
0.181721
0.169935
0.158158
0.146893
0.222544
0.219628
0.21419
0.206638
0.197387
0.186899
0.175687
0.164291
0.153111
0.142576
0.218594
0.215363
0.209446
0.201441
0.191894
0.18135
0.170337
0.159362
0.148769
0.138909
0.214855
0.21136
0.20506
0.196715
0.186985
0.176473
0.165707
0.155155
0.145114
0.13586
0.211469
0.207762
0.201171
0.192588
0.182764
0.17234
0.161838
0.151682
0.142132
0.133401
0.208603
0.204736
0.197939
0.189204
0.179349
0.169038
0.158781
0.148968
0.139824
0.131517
0.206454
0.202477
0.195548
0.186727
0.176877
0.166671
0.156611
0.147056
0.138213
0.130216
0.205254
0.201213
0.194218
0.185361
0.175523
0.165384
0.155439
0.14603
0.137352
0.129518
0.279193
0.283581
0.292663
0.304619
0.319532
0.336482
0.355491
0.375683
0.397063
0.41849
0.27911
0.283489
0.292552
0.304479
0.319347
0.336231
0.355154
0.375223
0.396458
0.417687
0.278943
0.283306
0.292331
0.304199
0.318979
0.33573
0.354482
0.374305
0.395252
0.416083
0.278694
0.283032
0.292
0.303781
0.318428
0.33498
0.353476
0.372932
0.393447
0.413684
0.278363
0.282668
0.291563
0.303226
0.317696
0.333985
0.352139
0.371108
0.391049
0.410498
0.277952
0.282215
0.291021
0.302537
0.316786
0.332749
0.350478
0.368839
0.388067
0.406536
0.277462
0.281676
0.290354
0.301715
0.315702
0.331274
0.348496
0.366131
0.384511
0.401812
0.276894
0.281055
0.289529
0.300759
0.314447
0.329568
0.3462
0.362993
0.380391
0.396341
0.276251
0.280356
0.288871
0.299677
0.313025
0.327636
0.343597
0.359434
0.375722
0.39014
0.275535
0.279575
0.28786
0.298474
0.311442
0.325484
0.340696
0.355466
0.370518
0.38323
0.274748
0.278717
0.286805
0.297157
0.309703
0.323121
0.337505
0.351098
0.364795
0.37563
0.273891
0.277784
0.285682
0.295731
0.307813
0.320554
0.334032
0.346345
0.358571
0.367361
0.27297
0.276776
0.284475
0.294199
0.30578
0.317791
0.330288
0.341221
0.351863
0.358444
0.271985
0.275697
0.283185
0.292565
0.303609
0.314844
0.326282
0.335742
0.344691
0.348898
0.270942
0.2746
0.28182
0.290835
0.301306
0.311718
0.322023
0.329921
0.33707
0.338738
0.269841
0.273403
0.280382
0.289009
0.298871
0.308412
0.317505
0.323757
0.328992
0.327959
0.268687
0.272152
0.278882
0.287101
0.296323
0.304949
0.312754
0.317282
0.320473
0.316557
0.267485
0.270868
0.277349
0.285166
0.293744
0.301447
0.307923
0.310689
0.311725
0.304746
0.26624
0.269547
0.275782
0.2832
0.291139
0.297918
0.303035
0.304013
0.302781
0.292677
0.264923
0.268073
0.273928
0.280761
0.287822
0.293392
0.296836
0.295702
0.291753
0.278053
0.264923
0.268073
0.273928
0.280761
0.287822
0.293392
0.296836
0.295702
0.291753
0.278053
0.26624
0.269547
0.275782
0.2832
0.291139
0.297918
0.303035
0.304013
0.302781
0.292677
0.267485
0.270868
0.277349
0.285166
0.293744
0.301447
0.307923
0.310689
0.311725
0.304746
0.268687
0.272152
0.278882
0.287101
0.296323
0.304949
0.312754
0.317282
0.320473
0.316557
0.269841
0.273403
0.280382
0.289009
0.298871
0.308412
0.317505
0.323757
0.328992
0.327959
0.270942
0.2746
0.28182
0.290835
0.301306
0.311718
0.322023
0.329921
0.33707
0.338738
0.271985
0.275697
0.283185
0.292565
0.303609
0.314844
0.326282
0.335742
0.344691
0.348898
0.27297
0.276776
0.284475
0.294199
0.30578
0.317791
0.330288
0.341221
0.351863
0.358444
0.273891
0.277784
0.285682
0.295731
0.307813
0.320554
0.334032
0.346345
0.358571
0.367361
0.274748
0.278717
0.286805
0.297157
0.309703
0.323121
0.337505
0.351098
0.364795
0.37563
0.275535
0.279575
0.28786
0.298474
0.311442
0.325484
0.340696
0.355466
0.370518
0.38323
0.276251
0.280356
0.288871
0.299677
0.313025
0.327636
0.343597
0.359434
0.375722
0.39014
0.276894
0.281055
0.289529
0.300759
0.314447
0.329568
0.3462
0.362993
0.380391
0.396341
0.277462
0.281676
0.290354
0.301715
0.315702
0.331274
0.348496
0.366131
0.384511
0.401812
0.277952
0.282215
0.291021
0.302537
0.316786
0.332749
0.350478
0.368839
0.388067
0.406537
0.278363
0.282668
0.291563
0.303226
0.317696
0.333985
0.352139
0.371108
0.391049
0.410498
0.278694
0.283032
0.292
0.303781
0.318428
0.33498
0.353476
0.372932
0.393447
0.413684
0.278943
0.283306
0.292331
0.304199
0.318979
0.33573
0.354482
0.374305
0.395252
0.416083
0.27911
0.283489
0.292552
0.304479
0.319347
0.336231
0.355154
0.375223
0.396458
0.417687
0.279193
0.283581
0.292663
0.304619
0.319532
0.336482
0.355491
0.375683
0.397063
0.41849
0.205254
0.201213
0.194218
0.185361
0.175523
0.165384
0.155439
0.14603
0.137352
0.129518
0.206454
0.202477
0.195548
0.186727
0.176877
0.166671
0.156611
0.147056
0.138213
0.130216
0.208603
0.204736
0.197939
0.189204
0.179349
0.169038
0.158781
0.148968
0.139824
0.131517
0.211469
0.207762
0.201171
0.192588
0.182764
0.17234
0.161838
0.151682
0.142132
0.133401
0.214855
0.21136
0.20506
0.196715
0.186985
0.176473
0.165707
0.155155
0.145114
0.13586
0.218594
0.215363
0.209446
0.201441
0.191894
0.18135
0.170337
0.159362
0.148769
0.138909
0.222544
0.219628
0.21419
0.206638
0.197387
0.186899
0.175687
0.164291
0.153111
0.142576
0.226589
0.224034
0.219168
0.212192
0.203369
0.193051
0.181721
0.169935
0.158158
0.146893
0.230634
0.228481
0.224275
0.217996
0.209745
0.199735
0.1884
0.176286
0.163928
0.151896
0.234602
0.232884
0.229417
0.223951
0.216424
0.206878
0.19568
0.183329
0.170439
0.157616
0.238436
0.237177
0.234514
0.229968
0.223315
0.214402
0.203509
0.191039
0.177698
0.164079
0.242093
0.241309
0.239499
0.235966
0.23033
0.222223
0.211823
0.199382
0.185707
0.1713
0.245543
0.245241
0.244319
0.241872
0.237381
0.230255
0.220551
0.208307
0.19445
0.179281
0.248769
0.248948
0.24893
0.247624
0.24439
0.238409
0.229609
0.217756
0.2039
0.188004
0.25176
0.252412
0.253301
0.253171
0.251283
0.2466
0.238914
0.227664
0.214024
0.197447
0.254515
0.255627
0.257413
0.258475
0.258
0.254751
0.248386
0.237975
0.224812
0.207621
0.257037
0.25859
0.261252
0.263503
0.264483
0.262778
0.257918
0.248584
0.236176
0.21849
0.259331
0.261299
0.264797
0.268207
0.270638
0.27053
0.267287
0.259203
0.247692
0.229496
0.261407
0.263753
0.268026
0.27253
0.276362
0.277844
0.27627
0.269591
0.259029
0.239795
0.263296
0.266015
0.271045
0.276645
0.281951
0.285226
0.28573
0.281168
0.272751
0.25301
0.124231
0.121187
0.118119
0.115023
0.111897
0.108741
0.105561
0.10236
0.0991423
0.0959122
0.0926736
0.0894306
0.0861873
0.0829482
0.0797173
0.0764989
0.0732972
0.0701165
0.0669613
0.063834
0.124819
0.121736
0.118631
0.115501
0.112335
0.109133
0.105901
0.102642
0.0993608
0.0960617
0.0927488
0.0894267
0.0861
0.0827734
0.0794516
0.0761396
0.072842
0.0695636
0.0663086
0.0630823
0.125878
0.122656
0.119421
0.116171
0.112884
0.109556
0.106194
0.102802
0.0993872
0.0959521
0.092502
0.0890416
0.0855758
0.0821098
0.0786486
0.0751973
0.0717612
0.0683456
0.0649551
0.0615943
0.127432
0.123996
0.120561
0.117129
0.113661
0.110148
0.106598
0.103018
0.0994135
0.0957881
0.092147
0.0884952
0.0848379
0.0811806
0.0775286
0.0738872
0.070262
0.0666587
0.0630817
0.0595364
0.129478
0.125753
0.122042
0.118361
0.114651
0.110893
0.107095
0.103268
0.0994164
0.0955453
0.0916594
0.0877639
0.0838644
0.0799665
0.0760758
0.0721979
0.0683384
0.0645039
0.0606982
0.0569268
0.132052
0.127966
0.123903
0.119909
0.115896
0.111833
0.107729
0.103597
0.0994435
0.0952728
0.0910897
0.0868997
0.0827085
0.0785219
0.0743456
0.0701854
0.0660472
0.0619383
0.0578612
0.0538221
0.135198
0.130678
0.126182
0.121806
0.117427
0.112997
0.108526
0.10403
0.0995181
0.0949927
0.0904591
0.0859227
0.0813895
0.0768655
0.0723565
0.0678684
0.0634071
0.0589818
0.054592
0.0502447
0.138966
0.133939
0.128923
0.124092
0.119282
0.114421
0.10952
0.1046
0.09967
0.0947331
0.0897939
0.084858
0.0799315
0.0750205
0.070131
0.0652687
0.0604393
0.0556565
0.0509128
0.0462165
0.14341
0.1378
0.132171
0.126808
0.1215
0.116141
0.110744
0.105336
0.0999269
0.0945193
0.0891174
0.0837269
0.078354
0.0730048
0.0676854
0.0624013
0.057157
0.0519804
0.0468423
0.0417558
0.148582
0.142311
0.13597
0.129997
0.124121
0.118194
0.112232
0.106269
0.100317
0.0943765
0.0884523
0.0825497
0.0766749
0.0708336
0.0650312
0.0592697
0.0535498
0.0479435
0.0423744
0.036863
0.154527
0.14752
0.140363
0.133699
0.127184
0.120617
0.114017
0.107429
0.100867
0.0943299
0.0878217
0.0813486
0.0749175
0.0685352
0.0622085
0.0559479
0.0497696
0.0435958
0.0375272
0.0315547
0.161286
0.153464
0.145389
0.137954
0.130726
0.123443
0.11613
0.108846
0.101604
0.0944015
0.0872428
0.0801342
0.0730829
0.0660956
0.0591782
0.0523376
0.0455865
0.0389011
0.0323194
0.0258426
0.168882
0.160171
0.151076
0.142796
0.134784
0.126707
0.118605
0.11055
0.102555
0.0946178
0.0867401
0.0789303
0.0711962
0.0635449
0.0559831
0.0485178
0.0411653
0.0339027
0.0267564
0.0197333
0.177325
0.167651
0.157446
0.148254
0.139387
0.130438
0.121469
0.112569
0.103749
0.0950033
0.0863355
0.0777557
0.0692725
0.0608939
0.0526275
0.0444806
0.0364774
0.0285852
0.0208298
0.0132232
0.186599
0.175891
0.164502
0.154348
0.144558
0.13466
0.12475
0.114931
0.105212
0.0955825
0.0860515
0.0766301
0.0673284
0.0581557
0.0491215
0.0402324
0.0315323
0.0229585
0.0145465
0.00631651
0.196686
0.184863
0.172243
0.161092
0.150314
0.139392
0.128471
0.117664
0.106969
0.0963808
0.0859112
0.0755742
0.0653812
0.0553429
0.045468
0.0357576
0.0263256
0.0170214
0.00790546
-0.000988028
0.207547
0.194523
0.180654
0.168477
0.156637
0.144619
0.132623
0.120758
0.109015
0.0973932
0.0859109
0.0745853
0.0634305
0.0524574
0.0416611
0.0310132
0.0208111
0.0107365
0.000886358
-0.00870204
0.218979
0.204788
0.189759
0.176547
0.163564
0.150384
0.137258
0.124269
0.111403
0.0986715
0.0860991
0.0737071
0.0615158
0.0495472
0.0378393
0.0264926
0.0151067
0.00413737
-0.00649157
-0.016816
0.230524
0.215576
0.199839
0.185673
0.171489
0.157094
0.142759
0.128543
0.114446
0.100494
0.0867205
0.0731505
0.0598091
0.0467189
0.0339021
0.0214428
0.00918698
-0.00267423
-0.0141615
-0.0252851
0.239808
0.224178
0.208362
0.193413
0.178202
0.162782
0.147375
0.132033
0.116789
0.101687
0.0867683
0.072069
0.05762
0.0434485
0.0295791
0.0160987
0.00289939
-0.009879
-0.0222367
-0.0341738
0.0607388
0.0576798
0.0546607
0.0516847
0.0487552
0.045875
0.0430472
0.0402744
0.0375592
0.0349038
0.0323104
0.0297811
0.0273175
0.0249212
0.0225938
0.0203363
0.0181499
0.0160356
0.0139944
0.0120261
0.059889
0.0567332
0.0536188
0.0505499
0.0475304
0.0445638
0.0416536
0.0388028
0.0360143
0.0332909
0.0306349
0.0280485
0.0255335
0.0230917
0.0207243
0.0184326
0.0162173
0.0140793
0.0120208
0.0100393
0.0582681
0.0549815
0.0517388
0.0485443
0.045402
0.0423156
0.0392888
0.0363248
0.0334266
0.0305969
0.0278383
0.0251528
0.0225423
0.0200086
0.0175529
0.0151762
0.0128794
0.0106634
0.0085332
0.00648266
0.0560281
0.0525618
0.0491421
0.0457736
0.0424605
0.0392067
0.0360161
0.032892
0.0298376
0.0268557
0.023949
0.0211196
0.0183695
0.0157004
0.0131136
0.0106102
0.00819069
0.0058563
0.00361589
0.00146021
0.0531955
0.0495096
0.0458738
0.0422928
0.0387709
0.0353123
0.0319207
0.0285997
0.0253525
0.0221819
0.0190906
0.0160807
0.0131542
0.0103128
0.00755774
0.00489002
0.00230992
-0.00018114
-0.0025695
-0.00486547
0.0498271
0.0458817
0.0419905
0.0381585
0.0343898
0.0306888
0.0270592
0.0235045
0.020028
0.0166324
0.0133204
0.0100941
0.00695532
0.00390574
0.000946619
-0.00192112
-0.00469745
-0.00738097
-0.00995236
-0.0124192
0.0459466
0.0417033
0.0375195
0.0333999
0.0293489
0.0253705
0.0214685
0.0176463
0.013907
0.0102534
0.00668776
0.00321222
-0.000171504
-0.00346197
-0.00665801
-0.00975877
-0.0127645
-0.0156741
-0.0184624
-0.0211288
0.0415763
0.0369978
0.0324854
0.0280433
0.0236759
0.019387
0.0151803
0.011059
0.00702581
0.00308328
-0.0007665
-0.00452174
-0.008181
-0.0117431
-0.0152071
-0.0185725
-0.0218397
-0.0250085
-0.0280483
-0.0309448
0.0367344
0.0317838
0.0269075
0.0221095
0.0173935
0.0127633
0.00822209
0.00377265
-0.00058262
-0.00484173
-0.00900307
-0.0130654
-0.0170278
-0.0208897
-0.0246508
-0.028311
-0.0318715
-0.0353334
-0.038664
-0.04183
0.0314263
0.0260703
0.0207982
0.0156137
0.0105204
0.00552151
0.000619774
-0.00418261
-0.00888393
-0.0134829
-0.0179788
-0.0223713
-0.0266605
-0.030847
-0.0349317
-0.0389159
-0.0428021
-0.0465938
-0.0502634
-0.0537585
0.0256692
0.0198739
0.0141744
0.00857475
0.00307798
-0.00231341
-0.00759744
-0.0127728
-0.0178386
-0.022795
-0.0276425
-0.0323823
-0.0370163
-0.0415472
-0.0459782
-0.0503133
-0.0545578
-0.0587187
-0.062786
-0.0667018
0.019469
0.0132023
0.00704723
0.00100741
-0.00491471
-0.0107174
-0.0163996
-0.0219611
-0.0274025
-0.0327255
-0.0379327
-0.0430278
-0.0480155
-0.0529021
-0.0576949
-0.0624028
-0.0670361
-0.0716062
-0.0761381
-0.080606
0.0128355
0.00606624
-0.000570793
-0.00707273
-0.0134377
-0.0196649
-0.0257544
-0.0317075
-0.0375266
-0.0432157
-0.04878
-0.0542265
-0.0595641
-0.0648039
-0.0699596
-0.0750482
-0.080089
-0.0850998
-0.0901615
-0.0953566
0.00576872
-0.00153111
-0.00867302
-0.0156544
-0.0224739
-0.0291316
-0.0356288
-0.0419684
-0.0481554
-0.0541964
-0.0601007
-0.0658801
-0.0715492
-0.0771258
-0.0826318
-0.0880942
-0.0935433
-0.099003
-0.104635
-0.110761
-0.00172822
-0.009586
-0.0172536
-0.0247282
-0.0320088
-0.0390958
-0.0459915
-0.0527003
-0.0592292
-0.0655881
-0.0717907
-0.077855
-0.0838043
-0.089668
-0.0954823
-0.101291
-0.107143
-0.113061
-0.119297
-0.126586
-0.00965634
-0.0180983
-0.0263102
-0.0342888
-0.0420327
-0.0495426
-0.0568215
-0.0638746
-0.0707106
-0.0773416
-0.0837843
-0.0900612
-0.0962024
-0.102248
-0.10825
-0.114281
-0.12043
-0.126745
-0.133622
-0.142419
-0.0180229
-0.0270707
-0.0358396
-0.0443253
-0.0525258
-0.0604417
-0.0680766
-0.0754376
-0.082536
-0.0893883
-0.0960166
-0.10245
-0.108725
-0.11489
-0.121002
-0.127144
-0.133425
-0.139911
-0.147234
-0.15775
-0.0268228
-0.0364971
-0.0458297
-0.0548139
-0.0634452
-0.0717221
-0.0796467
-0.0872265
-0.0944757
-0.101417
-0.108083
-0.114522
-0.120796
-0.126988
-0.133198
-0.139554
-0.146189
-0.153132
-0.161103
-0.173302
-0.0360254
-0.0463626
-0.056282
-0.0657713
-0.0748194
-0.0834173
-0.0915593
-0.0992443
-0.106478
-0.113278
-0.119674
-0.12572
-0.131499
-0.137136
-0.142809
-0.148771
-0.155345
-0.162799
-0.172257
-0.187214
-0.0456703
-0.0567048
-0.0672595
-0.0773177
-0.0868629
-0.0958793
-0.104352
-0.112269
-0.119619
-0.126399
-0.132612
-0.138276
-0.14343
-0.148143
-0.152533
-0.156792
-0.161206
-0.166178
-0.173364
-0.187015
0.00985118
0.00745118
0.00503611
0.00262114
0.000228904
-0.00210843
-0.00435196
-0.00645774
-0.00837703
-0.0100567
-0.0114393
-0.0124666
-0.0130764
-0.0132199
-0.0128287
-0.011911
-0.0103417
-0.00833451
-0.0054763
-0.00254579
0.0077814
0.00534791
0.00295334
0.000569741
-0.00179052
-0.00408927
-0.00628213
-0.00832341
-0.0101641
-0.0117508
-0.0130259
-0.0139312
-0.014405
-0.0144013
-0.0138495
-0.0127667
-0.0110145
-0.00884094
-0.0057675
-0.00270287
0.00403446
0.00152497
-0.00083868
-0.00316908
-0.00547369
-0.00770278
-0.00980206
-0.0117231
-0.0134169
-0.0148301
-0.0159049
-0.0165842
-0.0168071
-0.0165319
-0.0156874
-0.0143024
-0.012225
-0.0097433
-0.00630682
-0.00296366
-0.00125377
-0.00385635
-0.00616105
-0.00840227
-0.0106148
-0.0127323
-0.0146865
-0.0164259
-0.0179019
-0.0190618
-0.0198481
-0.0202051
-0.020074
-0.0194189
-0.0181688
-0.0163691
-0.0138492
-0.0109515
-0.00702838
-0.00331016
-0.00791505
-0.0106219
-0.0128346
-0.0149461
-0.0170257
-0.0189847
-0.0207383
-0.0222317
-0.0234181
-0.0242459
-0.0246588
-0.024604
-0.0240255
-0.0228954
-0.0211434
-0.0188359
-0.0157788
-0.0123842
-0.00787785
-0.00372824
-0.0158622
-0.0186703
-0.0207444
-0.0226739
-0.0245686
-0.0263122
-0.0278005
-0.0289767
-0.0297969
-0.0302122
-0.0301681
-0.029616
-0.0285045
-0.0268153
-0.0244788
-0.0215881
-0.0179184
-0.0139695
-0.00880805
-0.0042049
-0.0250127
-0.0279044
-0.02978
-0.0314642
-0.033112
-0.0345739
-0.0357246
-0.0365068
-0.0368815
-0.0368033
-0.036221
-0.0350915
-0.0333688
-0.0310471
-0.0280574
-0.0245234
-0.0201838
-0.0156431
-0.0097767
-0.00472676
-0.0352975
-0.0382344
-0.039836
-0.0411996
-0.0425283
-0.0436333
-0.0443671
-0.0446741
-0.0445224
-0.0438708
-0.0426724
-0.0408916
-0.0384887
-0.0354724
-0.0317738
-0.0275506
-0.0225009
-0.0173466
-0.0107463
-0.00527723
-0.04664
-0.0495544
-0.0507924
-0.0517517
-0.0526813
-0.053347
-0.0535802
-0.0533298
-0.0525717
-0.0512705
-0.0493851
-0.0468866
-0.0437447
-0.039983
-0.0355335
-0.0305888
-0.024805
-0.019027
-0.0116849
-0.00583334
-0.0589384
-0.0617237
-0.0625017
-0.0629721
-0.0634189
-0.0635598
-0.0632084
-0.0623207
-0.0608812
-0.0588594
-0.0562238
-0.0529524
-0.0490248
-0.04448
-0.0392518
-0.033566
-0.0270408
-0.0206363
-0.0125669
-0.00636391
-0.0720406
-0.0745455
-0.0747765
-0.0746849
-0.0745685
-0.074101
-0.0730857
-0.0714883
-0.0693014
-0.0665022
-0.0630597
-0.0589714
-0.0542248
-0.0488729
-0.0428532
-0.0364192
-0.0291615
-0.0221323
-0.0133735
-0.00683026
-0.0857222
-0.0877558
-0.0873863
-0.0866864
-0.0859372
-0.0847853
-0.0830372
-0.0806683
-0.0776783
-0.0740497
-0.0697652
-0.064832
-0.0592486
-0.0530806
-0.0462719
-0.0390951
-0.0311296
-0.0234799
-0.0140942
-0.00718997
-0.0996725
-0.101028
-0.100068
-0.0987545
-0.0973195
-0.0954207
-0.0928853
-0.089697
-0.0858633
-0.0813722
-0.0762225
-0.0704322
-0.0640105
-0.0570332
-0.0494533
-0.041551
-0.0329169
-0.0246531
-0.0147257
-0.00740283
-0.113501
-0.114001
-0.112556
-0.110669
-0.108512
-0.10582
-0.10246
-0.0984249
-0.0937149
-0.0883447
-0.0823247
-0.075683
-0.0684389
-0.0606747
-0.0523558
-0.0437566
-0.0345053
-0.0256358
-0.0152712
-0.00743728
-0.126786
-0.126335
-0.124622
-0.122238
-0.119333
-0.115814
-0.111609
-0.106699
-0.101107
-0.0948595
-0.0879824
-0.0805128
-0.0724788
-0.0639647
-0.0549517
-0.0456938
-0.0358864
-0.0264222
-0.0157387
-0.00727555
-0.139076
-0.137773
-0.13612
-0.133312
-0.129624
-0.125258
-0.120191
-0.114402
-0.107932
-0.100827
-0.0931251
-0.084869
-0.0760932
-0.0668792
-0.0572277
-0.047357
-0.0370611
-0.0270158
-0.0161384
-0.006916
-0.149889
-0.148195
-0.147009
-0.143787
-0.139262
-0.134031
-0.128098
-0.121437
-0.114113
-0.106191
-0.097716
-0.0887307
-0.0792737
-0.0694191
-0.0591913
-0.0487574
-0.0380426
-0.0274316
-0.0164824
-0.00637325
-0.159377
-0.157869
-0.157464
-0.1537
-0.148259
-0.142141
-0.135332
-0.127812
-0.11967
-0.110983
-0.101792
-0.0921388
-0.0820624
-0.071625
-0.0608799
-0.0499287
-0.0388583
-0.0276959
-0.0167842
-0.00567475
-0.167817
-0.167477
-0.167851
-0.163304
-0.156825
-0.149725
-0.141977
-0.133582
-0.124644
-0.115231
-0.105376
-0.0951093
-0.08447
-0.0735042
-0.062298
-0.0508757
-0.0395111
-0.0278182
-0.0170443
-0.0048498
-0.174195
-0.177768
-0.177519
-0.171763
-0.164116
-0.155926
-0.147224
-0.138021
-0.128393
-0.118377
-0.107986
-0.0972352
-0.0861602
-0.074785
-0.0632365
-0.05144
-0.0398956
-0.0277296
-0.0172235
-0.00392292
-0.201424
-0.191723
-0.182427
-0.174797
-0.16652
-0.157871
-0.148866
-0.139439
-0.129625
-0.119444
-0.1089
-0.0979982
-0.0867823
-0.0752462
-0.063583
-0.0515752
-0.0400238
-0.0274752
-0.0173291
-0.00304671
-0.204902
-0.197969
-0.186474
-0.177956
-0.16913
-0.159867
-0.150377
-0.140585
-0.130485
-0.120073
-0.109339
-0.0982757
-0.086926
-0.0752654
-0.0635241
-0.0513919
-0.0398727
-0.0270721
-0.0173145
-0.00218802
-0.204759
-0.199267
-0.187306
-0.178577
-0.169663
-0.160184
-0.150508
-0.140586
-0.130385
-0.119894
-0.109095
-0.0979766
-0.0865843
-0.0748846
-0.0631351
-0.0509559
-0.0395213
-0.0265378
-0.0172253
-0.00124509
-0.205314
-0.200083
-0.187606
-0.178572
-0.169582
-0.160001
-0.150247
-0.140282
-0.130051
-0.119534
-0.108712
-0.0975712
-0.0861621
-0.0744446
-0.062702
-0.0504891
-0.0391487
-0.0259842
-0.0171367
-0.00024602
-0.20516
-0.200036
-0.187362
-0.178155
-0.169156
-0.159562
-0.149799
-0.139841
-0.129615
-0.119097
-0.108271
-0.0971232
-0.0857085
-0.0739828
-0.0622536
-0.0500125
-0.0387708
-0.0254222
-0.0170546
0.000799354
-0.204259
-0.199089
-0.186474
-0.177242
-0.168316
-0.158802
-0.149104
-0.139204
-0.129023
-0.118536
-0.107729
-0.0965946
-0.0851906
-0.0734715
-0.0617666
-0.049509
-0.0383736
-0.0248453
-0.0169719
0.00188313
-0.202787
-0.197478
-0.185102
-0.175938
-0.167135
-0.157762
-0.148181
-0.138381
-0.128278
-0.117849
-0.107085
-0.095983
-0.0846063
-0.0729093
-0.06124
-0.0489788
-0.0379565
-0.0242559
-0.0168871
0.0029939
-0.200827
-0.195351
-0.183372
-0.174358
-0.165709
-0.156517
-0.147088
-0.137413
-0.127411
-0.11706
-0.106357
-0.0953036
-0.0839682
-0.0723068
-0.0606828
-0.0484296
-0.0375252
-0.0236608
-0.0168016
0.0041179
-0.198477
-0.192845
-0.18139
-0.17259
-0.16412
-0.15513
-0.145874
-0.13634
-0.126453
-0.116194
-0.105564
-0.0945724
-0.0832898
-0.0716751
-0.0601042
-0.0478695
-0.0370856
-0.0230669
-0.0167166
0.00524017
-0.195855
-0.190098
-0.179257
-0.170715
-0.162438
-0.15366
-0.144585
-0.135198
-0.125433
-0.115274
-0.104727
-0.0938056
-0.0825846
-0.0710257
-0.059514
-0.0473068
-0.0366437
-0.0224814
-0.0166333
0.00634493
-0.19308
-0.187242
-0.177067
-0.168809
-0.160728
-0.15216
-0.143264
-0.134024
-0.124382
-0.114326
-0.103866
-0.0930213
-0.0818677
-0.0703711
-0.0589225
-0.0467504
-0.0362062
-0.0219117
-0.0165533
0.00741593
-0.190266
-0.184394
-0.174901
-0.166936
-0.159047
-0.15068
-0.141954
-0.132854
-0.12333
-0.113376
-0.103005
-0.0922387
-0.0811556
-0.0697251
-0.0583414
-0.0462096
-0.0357804
-0.0213662
-0.0164777
0.00843679
-0.187518
-0.181657
-0.17283
-0.165151
-0.157444
-0.149262
-0.140693
-0.131721
-0.122308
-0.112451
-0.102166
-0.0914778
-0.0804654
-0.069102
-0.0577828
-0.0456947
-0.035374
-0.020853
-0.0164081
0.0093915
-0.184928
-0.179115
-0.170912
-0.163499
-0.155959
-0.147944
-0.139514
-0.130658
-0.121345
-0.111577
-0.101372
-0.0907585
-0.0798143
-0.0685163
-0.057259
-0.0452157
-0.034995
-0.0203807
-0.0163455
0.0102647
-0.182575
-0.176835
-0.169194
-0.162021
-0.154629
-0.146757
-0.138447
-0.129691
-0.120466
-0.110777
-0.100645
-0.0901
-0.079219
-0.0679823
-0.0567824
-0.0447826
-0.0346516
-0.0199574
-0.0162909
0.0110422
-0.180522
-0.174871
-0.167715
-0.160745
-0.153479
-0.145727
-0.137519
-0.128846
-0.119695
-0.110075
-0.100005
-0.0895203
-0.0786953
-0.0675135
-0.0563646
-0.0444049
-0.0343514
-0.019591
-0.0162451
0.0117112
-0.178822
-0.173261
-0.166501
-0.159698
-0.152533
-0.144878
-0.136749
-0.128143
-0.119053
-0.109487
-0.0994703
-0.0890355
-0.0782576
-0.0671222
-0.0560161
-0.0440911
-0.0341015
-0.0192884
-0.0162083
0.0122604
-0.177514
-0.172032
-0.165575
-0.158897
-0.151809
-0.144225
-0.136156
-0.127601
-0.118556
-0.109032
-0.0990553
-0.0886592
-0.077918
-0.0668189
-0.0557462
-0.0438489
-0.0339082
-0.0190557
-0.0161808
0.0126807
-0.176627
-0.171204
-0.16495
-0.158355
-0.151319
-0.143783
-0.135754
-0.127232
-0.118217
-0.108722
-0.0987719
-0.0884021
-0.077686
-0.0666119
-0.055562
-0.0436839
-0.0337765
-0.0188978
-0.0161626
0.0129649
-0.17618
-0.170787
-0.164635
-0.158082
-0.151071
-0.14356
-0.13555
-0.127045
-0.118045
-0.108564
-0.0986281
-0.0882718
-0.0775684
-0.0665069
-0.0554686
-0.0436004
-0.0337097
-0.018818
-0.0161535
0.0131083
)
;

boundaryField
{
    inlet
    {
        type            zeroGradient;
    }
    outlet
    {
        type            fixedValue;
        value           uniform 0;
    }
    cylinder
    {
        type            zeroGradient;
    }
    top
    {
        type            symmetryPlane;
    }
    bottom
    {
        type            symmetryPlane;
    }
    defaultFaces
    {
        type            empty;
    }
}


// ************************************************************************* //
