2 	-3.93236 	-1.24028e-18 	1.1002 	-4.97218e-06 	0
2 	-3.79943 	-3.9291e-18 	1.10039 	6.59208e-06 	0
2 	-3.67115 	-4.53626e-18 	1.10077 	5.57383e-05 	0
2 	-3.54734 	-6.87813e-18 	1.10128 	0.000171294 	0
2 	-3.42786 	-8.61286e-18 	1.10189 	0.000372026 	0
2 	-3.31256 	-9.9139e-18 	1.10257 	0.000676596 	0
2 	-3.20128 	-1.19088e-17 	1.10328 	0.00110434 	0
2 	-3.09388 	-1.32966e-17 	1.10398 	0.00167535 	0
2 	-2.99024 	-1.52915e-17 	1.10464 	0.00240695 	0
2 	-2.89021 	-1.72865e-17 	1.10521 	0.00331873 	0
2 	-2.79368 	-1.79804e-17 	1.10568 	0.00443098 	0
2 	-2.70052 	-1.79804e-17 	1.106 	0.00576235 	0
2 	-2.61061 	-2.12763e-17 	1.10614 	0.00733313 	0
2 	-2.52385 	-2.39652e-17 	1.10607 	0.00916339 	0
2 	-2.44011 	-2.70877e-17 	1.10576 	0.011273 	0
2 	-2.35929 	-3.15112e-17 	1.10521 	0.0136812 	0
2 	-2.2813 	-3.22051e-17 	1.10437 	0.0164067 	0
2 	-2.20604 	-3.22051e-17 	1.10324 	0.0194674 	0
2 	-2.1334 	-3.42e-17 	1.10181 	0.022879 	0
2 	-2.06329 	-3.6195e-17 	1.10008 	0.0266567 	0
2 	-1.99564 	-3.6195e-17 	1.09804 	0.0308141 	0
2 	-1.93035 	-3.6195e-17 	1.09569 	0.0353628 	0
2 	-1.86734 	-3.6195e-17 	1.09305 	0.0403129 	0
2 	-1.80652 	-3.55878e-17 	1.09012 	0.0456733 	0
2 	-1.74784 	-3.49807e-17 	1.08689 	0.0514513 	0
2 	-1.6912 	-3.56745e-17 	1.08338 	0.0576522 	0
2 	-1.63654 	-3.70623e-17 	1.07956 	0.0642788 	0
2 	-1.58379 	-3.84501e-17 	1.07545 	0.0713311 	0
2 	-1.53288 	-3.9144e-17 	1.07102 	0.0788059 	0
2 	-1.48375 	-3.9144e-17 	1.06629 	0.0866973 	0
2 	-1.43633 	-3.98379e-17 	1.06126 	0.0949968 	0
2 	-1.39057 	-4.05318e-17 	1.05592 	0.103694 	0
2 	-1.34641 	-4.25267e-17 	1.05028 	0.112779 	0
2 	-1.30379 	-4.52155e-17 	1.04432 	0.12224 	0
2 	-1.26266 	-4.59094e-17 	1.038 	0.132069 	0
2 	-1.22296 	-4.48686e-17 	1.03124 	0.142263 	0
2 	-1.18466 	-4.38277e-17 	1.02387 	0.15282 	0
2 	-1.14768 	-4.38277e-17 	1.01563 	0.16367 	0
2 	-1.112 	-4.38277e-17 	1.00606 	0.174683 	0
2 	-1.07757 	-4.38277e-17 	0.994455 	0.186646 	0
2 	-1.03863 	-4.20514e-17 	0.974491 	0.207069 	1.38156e-21
2 	-1.01586 	-3.9958e-17 	0.946237 	0.214734 	-1.08813e-20
2 	-0.993217 	-4.09841e-17 	0.985519 	0.240217 	-2.53354e-20
2 	-0.948059 	-4.40032e-17 	0.956491 	0.251161 	-2.38152e-20
2 	-0.900995 	-4.85292e-17 	0.923318 	0.26463 	1.33902e-20
2 	-0.876272 	-5.07208e-17 	0.884821 	0.279222 	-2.59392e-21
2 	-0.851886 	-4.48071e-17 	0.932901 	0.307911 	1.95319e-20
2 	-0.803473 	-3.76615e-17 	0.890646 	0.326752 	-1.68353e-20
2 	-0.753096 	-3.74524e-17 	0.840983 	0.346921 	-2.22261e-21
2 	-0.71814 	-3.83767e-17 	0.783094 	0.368651 	-1.90989e-20
2 	-0.692197 	-3.7545e-17 	0.837141 	0.398176 	4.77299e-20
2 	-0.649352 	-3.747e-17 	0.772073 	0.422739 	-1.39714e-20
2 	-0.596093 	-3.59978e-17 	0.698088 	0.448365 	-3.18804e-20
2 	-0.541991 	-3.50827e-17 	0.615629 	0.47534 	4.66795e-20
2 	-0.502352 	-3.52256e-17 	0.525614 	0.504007 	-2.01756e-20
2 	-0.474727 	-3.50998e-17 	0.577307 	0.52524 	4.54069e-20
2 	-0.431525 	-3.67761e-17 	0.480862 	0.55175 	3.34216e-20
2 	-0.375304 	-3.95517e-17 	0.380432 	0.578621 	2.87583e-20
2 	-0.318526 	-3.87104e-17 	0.279402 	0.605043 	4.44349e-21
2 	-0.261272 	-3.63218e-17 	0.182999 	0.628913 	2.6416e-20
2 	-0.203624 	-3.69048e-17 	0.0978958 	0.646974 	3.49766e-22
2 	-0.145668 	-3.87722e-17 	0.0303291 	0.655432 	-3.95457e-20
2 	-0.0874897 	-3.70676e-17 	-0.0141343 	0.65192 	-2.63895e-21
2 	-0.0291781 	-3.87305e-17 	-0.0326039 	0.636185 	-3.47971e-21
2 	0.0291781 	-4.8098e-17 	-0.0251784 	0.609184 	3.73496e-21
2 	0.0874897 	-4.85168e-17 	0.00585556 	0.573031 	3.22473e-21
2 	0.145668 	-4.38029e-17 	0.0568463 	0.530304 	4.4571e-20
2 	0.203624 	-4.08946e-17 	0.123437 	0.48343 	1.82214e-21
2 	0.261272 	-4.15259e-17 	0.201095 	0.434601 	-3.04481e-20
2 	0.318526 	-4.21799e-17 	0.285481 	0.385692 	-1.86902e-21
2 	0.375304 	-3.7817e-17 	0.372655 	0.33816 	-3.17383e-20
2 	0.431525 	-3.46945e-17 	0.459263 	0.293019 	-3.3352e-20
2 	0.474727 	-3.39422e-17 	0.542944 	0.250802 	-6.69507e-20
2 	0.502352 	-3.37209e-17 	0.614753 	0.208964 	4.02256e-20
2 	0.541991 	-3.71644e-17 	0.691233 	0.172821 	-8.24935e-20
2 	0.596093 	-4.32836e-17 	0.76592 	0.139395 	5.39015e-20
2 	0.649352 	-4.85723e-17 	0.841916 	0.108435 	1.72522e-20
2 	0.692197 	-5.188e-17 	0.921851 	0.08019 	2.73242e-20
2 	0.71814 	-5.30587e-17 	0.98096 	0.0366885 	7.40836e-20
2 	0.753096 	-5.38455e-17 	1.05923 	0.014468 	6.58268e-21
2 	0.803473 	-5.30138e-17 	1.13597 	-0.0030591 	9.63953e-21
2 	0.851886 	-5.30313e-17 	1.20588 	-0.0150188 	-5.99014e-20
2 	0.876272 	-5.3047e-17 	1.2459 	-0.0601073 	-1.72565e-20
2 	0.900995 	-5.11313e-17 	1.29576 	-0.0644576 	-3.83616e-20
2 	0.948059 	-5.04217e-17 	1.33247 	-0.0648001 	4.63964e-20
2 	0.993217 	-5.19971e-17 	1.35647 	-0.0613945 	-5.51856e-20
2 	1.01586 	-5.37466e-17 	1.37191 	-0.102728 	1.06489e-19
2 	1.03863 	-5.34138e-17 	1.38029 	-0.090712 	-1.00227e-20
2 	1.07757 	-5.19809e-17 	1.38098 	-0.0869823 	0
2 	1.112 	-5.19809e-17 	1.37876 	-0.0879582 	0
2 	1.14768 	-5.19809e-17 	1.37414 	-0.0889417 	0
2 	1.18466 	-5.19809e-17 	1.36762 	-0.0890836 	0
2 	1.22296 	-5.19809e-17 	1.35969 	-0.0886962 	0
2 	1.26266 	-5.06799e-17 	1.35077 	-0.0879735 	0
2 	1.30379 	-4.87717e-17 	1.34122 	-0.0869648 	0
2 	1.34641 	-4.88584e-17 	1.33131 	-0.0856951 	0
2 	1.39057 	-4.95523e-17 	1.32126 	-0.0841901 	0
2 	1.43633 	-5.02462e-17 	1.31118 	-0.0824706 	0
2 	1.48375 	-5.09401e-17 	1.30114 	-0.080553 	0
2 	1.53288 	-5.22412e-17 	1.2912 	-0.0784521 	0
2 	1.58379 	-5.2935e-17 	1.28137 	-0.0761834 	0
2 	1.63654 	-5.30218e-17 	1.27169 	-0.0737632 	0
2 	1.6912 	-5.57106e-17 	1.26218 	-0.0712088 	0
2 	1.74784 	-5.77055e-17 	1.25286 	-0.0685373 	0
2 	1.80652 	-5.83994e-17 	1.24377 	-0.0657654 	0
2 	1.86734 	-5.77923e-17 	1.23492 	-0.0629085 	0
2 	1.93035 	-5.64912e-17 	1.22632 	-0.0599811 	0
2 	1.99564 	-5.64912e-17 	1.21797 	-0.056997 	0
2 	2.06329 	-5.47565e-17 	1.20988 	-0.0539701 	0
2 	2.1334 	-5.30218e-17 	1.20205 	-0.050914 	0
2 	2.20604 	-5.17207e-17 	1.19447 	-0.0478426 	0
2 	2.2813 	-5.04197e-17 	1.18714 	-0.0447691 	0
2 	2.35929 	-5.04197e-17 	1.18009 	-0.0417064 	0
2 	2.44011 	-5.04197e-17 	1.17331 	-0.0386666 	0
2 	2.52385 	-5.17207e-17 	1.16682 	-0.0356604 	0
2 	2.61061 	-5.17207e-17 	1.16064 	-0.0326975 	0
2 	2.70052 	-5.04197e-17 	1.15478 	-0.029786 	0
2 	2.79368 	-5.04197e-17 	1.14925 	-0.0269323 	0
2 	2.89021 	-5.11136e-17 	1.14408 	-0.0241409 	0
2 	2.99024 	-5.12003e-17 	1.13929 	-0.0214141 	0
2 	3.09388 	-5.05932e-17 	1.13489 	-0.0187519 	0
2 	3.20128 	-5.05932e-17 	1.13092 	-0.0161516 	0
2 	3.31256 	-5.05932e-17 	1.12739 	-0.0136074 	0
2 	3.42786 	-5.05932e-17 	1.12434 	-0.0111101 	0
2 	3.54734 	-5.12871e-17 	1.12181 	-0.00864668 	0
2 	3.67115 	-5.26748e-17 	1.11983 	-0.00619874 	0
2 	3.79943 	-5.33687e-17 	1.11844 	-0.00374745 	0
2 	3.93236 	-5.3603e-17 	1.11772 	-0.00125433 	0
