/*--------------------------------*- C++ -*----------------------------------*\
  =========                 |
  \\      /  F ield         | OpenFOAM: The Open Source CFD Toolbox
   \\    /   O peration     | Website:  https://openfoam.org
    \\  /    A nd           | Version:  7
     \\/     M anipulation  |
\*---------------------------------------------------------------------------*/
FoamFile
{
    version     2.0;
    format      ascii;
    class       volScalarField;
    location    "15";
    object      p;
}
// * * * * * * * * * * * * * * * * * * * * * * * * * * * * * * * * * * * * * //

dimensions      [0 2 -2 0 0 0 0];

internalField   nonuniform List<scalar> 
5600
(
-0.212702
-0.217457
-0.21858
-0.220763
-0.222757
-0.224625
-0.226799
-0.227369
-0.23017
-0.228529
-0.213022
-0.217703
-0.218813
-0.220976
-0.222969
-0.22481
-0.227053
-0.227451
-0.230559
-0.228491
-0.213654
-0.218188
-0.21927
-0.221393
-0.223381
-0.225161
-0.22755
-0.227575
-0.231334
-0.228394
-0.214578
-0.218898
-0.219932
-0.221989
-0.223966
-0.225642
-0.228266
-0.227667
-0.23249
-0.228201
-0.21577
-0.21981
-0.220776
-0.222735
-0.22469
-0.226201
-0.229173
-0.227636
-0.234012
-0.227845
-0.217199
-0.2209
-0.221769
-0.223592
-0.225512
-0.22678
-0.230227
-0.22738
-0.235875
-0.227218
-0.218831
-0.222141
-0.222878
-0.22452
-0.226383
-0.227318
-0.231378
-0.226794
-0.238013
-0.226245
-0.220632
-0.223503
-0.224068
-0.225477
-0.227258
-0.22776
-0.232577
-0.225834
-0.240116
-0.22532
-0.222569
-0.22496
-0.225306
-0.226424
-0.228089
-0.228066
-0.233719
-0.224885
-0.2416
-0.224223
-0.224612
-0.226488
-0.226564
-0.22733
-0.228832
-0.228251
-0.234308
-0.224062
-0.242785
-0.222842
-0.22674
-0.228068
-0.227818
-0.228171
-0.229433
-0.228525
-0.234508
-0.223011
-0.243545
-0.221557
-0.228938
-0.229688
-0.229052
-0.228935
-0.229822
-0.228693
-0.23445
-0.221987
-0.243256
-0.220909
-0.2312
-0.231342
-0.230261
-0.229633
-0.230052
-0.22871
-0.234013
-0.221248
-0.24147
-0.22103
-0.233532
-0.233034
-0.231444
-0.230253
-0.230147
-0.228621
-0.233127
-0.220915
-0.237976
-0.221191
-0.23595
-0.234768
-0.232624
-0.230814
-0.230123
-0.228429
-0.231822
-0.220856
-0.233118
-0.220167
-0.238486
-0.236567
-0.233824
-0.23135
-0.230019
-0.228096
-0.230176
-0.220699
-0.227636
-0.217204
-0.241179
-0.238457
-0.235075
-0.231904
-0.229892
-0.227589
-0.228243
-0.220036
-0.222056
-0.212363
-0.24408
-0.240471
-0.236423
-0.232519
-0.229788
-0.226913
-0.226031
-0.218603
-0.216348
-0.206233
-0.247239
-0.242652
-0.237917
-0.233234
-0.229718
-0.226108
-0.223539
-0.216298
-0.210141
-0.199525
-0.250685
-0.245071
-0.239613
-0.234078
-0.22967
-0.225206
-0.220787
-0.213105
-0.203315
-0.192738
-0.254504
-0.247759
-0.24156
-0.235053
-0.229646
-0.2242
-0.217785
-0.209059
-0.196475
-0.185687
-0.258763
-0.250772
-0.243797
-0.236155
-0.229683
-0.223036
-0.214506
-0.204262
-0.18995
-0.177878
-0.263519
-0.254169
-0.246331
-0.237396
-0.229818
-0.221631
-0.210913
-0.19897
-0.183256
-0.170128
-0.26883
-0.258007
-0.249139
-0.238835
-0.230025
-0.219908
-0.206996
-0.193275
-0.176496
-0.162579
-0.274754
-0.262326
-0.252191
-0.240562
-0.230206
-0.217819
-0.202743
-0.187306
-0.169637
-0.155075
-0.281344
-0.267131
-0.255497
-0.242614
-0.230238
-0.215338
-0.198167
-0.181116
-0.162689
-0.147638
-0.288652
-0.272385
-0.259141
-0.244914
-0.230007
-0.212455
-0.193276
-0.174739
-0.155662
-0.140173
-0.296719
-0.278012
-0.263259
-0.247287
-0.229427
-0.209166
-0.18808
-0.168185
-0.148543
-0.132665
-0.305557
-0.28393
-0.267961
-0.249529
-0.228423
-0.205466
-0.182581
-0.161449
-0.14132
-0.12507
-0.315124
-0.290087
-0.273237
-0.251474
-0.226925
-0.201343
-0.176771
-0.154517
-0.133966
-0.117361
-0.325305
-0.296477
-0.278895
-0.253001
-0.224876
-0.196779
-0.170638
-0.147367
-0.126457
-0.109508
-0.335895
-0.303132
-0.284594
-0.254009
-0.222225
-0.191745
-0.164157
-0.139976
-0.118762
-0.101485
-0.346632
-0.310086
-0.289917
-0.254389
-0.218929
-0.186209
-0.1573
-0.132315
-0.110852
-0.0932673
-0.35722
-0.31733
-0.294473
-0.254015
-0.214946
-0.180136
-0.150036
-0.124354
-0.102698
-0.0848336
-0.367366
-0.324773
-0.297956
-0.252749
-0.21023
-0.173491
-0.142331
-0.116063
-0.0942705
-0.0761636
-0.376803
-0.332208
-0.300157
-0.250461
-0.204732
-0.166238
-0.134151
-0.107412
-0.0855429
-0.067239
-0.385296
-0.339315
-0.300952
-0.247037
-0.198398
-0.158341
-0.125466
-0.0983738
-0.0764899
-0.058045
-0.392646
-0.345687
-0.30026
-0.242386
-0.191174
-0.149764
-0.116245
-0.088923
-0.0670907
-0.0485749
-0.398678
-0.350882
-0.29802
-0.236443
-0.183008
-0.140473
-0.106463
-0.0790366
-0.0573307
-0.0388358
-0.403239
-0.35448
-0.294162
-0.229159
-0.173854
-0.130434
-0.0960946
-0.0686941
-0.0472006
-0.028846
-0.406184
-0.356122
-0.288602
-0.220495
-0.163674
-0.119618
-0.085121
-0.0578783
-0.0366926
-0.0186147
-0.40737
-0.355521
-0.281259
-0.210422
-0.152437
-0.108002
-0.0735268
-0.0465769
-0.0257959
-0.00810746
-0.406643
-0.352466
-0.27206
-0.198917
-0.140121
-0.0955682
-0.0612996
-0.0347813
-0.0145041
0.00276541
-0.403836
-0.34681
-0.260949
-0.185962
-0.126713
-0.0823023
-0.0484249
-0.0224831
-0.00283628
0.0141045
-0.398769
-0.338455
-0.247886
-0.171549
-0.112203
-0.0681914
-0.0348887
-0.00967665
0.00917019
0.0258762
-0.391252
-0.327345
-0.232845
-0.155677
-0.0965826
-0.0532293
-0.0206949
0.00360636
0.0215493
0.0377963
-0.381096
-0.313454
-0.21582
-0.138345
-0.0798395
-0.0374349
-0.00589235
0.017255
0.0344146
0.0498566
-0.368124
-0.296777
-0.196816
-0.119548
-0.0619842
-0.020871
0.00943254
0.0313674
0.047674
0.0621002
-0.352179
-0.277327
-0.175848
-0.0992938
-0.0431056
-0.00358996
0.0253298
0.0459251
0.0612612
0.074538
-0.333138
-0.255124
-0.152934
-0.0776613
-0.0233447
0.0144833
0.0417722
0.0608986
0.075133
0.0871552
-0.310922
-0.230236
-0.128085
-0.054873
-0.00257765
0.0332765
0.0587254
0.0762498
0.0892547
0.0999208
-0.285503
-0.202845
-0.101328
-0.0308637
0.0190981
0.0527287
0.0761456
0.0919375
0.103589
0.112792
-0.256906
-0.173226
-0.0727721
-0.00554007
0.0416141
0.0727739
0.0939824
0.107918
0.118096
0.125717
-0.22521
-0.141394
-0.0425577
0.0209532
0.0648941
0.0933428
0.112179
0.124144
0.132735
0.13865
-0.190573
-0.106609
-0.011439
0.0484285
0.0888576
0.114362
0.130672
0.140569
0.147472
0.151563
-0.153249
-0.0693934
0.0208849
0.0767293
0.113407
0.135753
0.149398
0.157147
0.16226
0.16439
-0.113285
-0.0302594
0.0543922
0.10572
0.138432
0.157431
0.168292
0.173831
0.176999
0.176855
-0.0703249
0.00978613
0.0888945
0.135273
0.163816
0.179309
0.1873
0.19057
0.191493
0.18845
-0.0251758
0.050809
0.124168
0.165252
0.189439
0.201297
0.206362
0.207282
0.205536
0.19902
0.0217808
0.0927175
0.15999
0.195506
0.215176
0.223302
0.225399
0.223837
0.219098
0.209682
0.0701661
0.135301
0.196139
0.225873
0.2409
0.245226
0.244304
0.240076
0.232267
0.222813
0.119578
0.178296
0.232388
0.256185
0.266478
0.266963
0.262964
0.255953
0.245528
0.236069
0.169603
0.221413
0.268508
0.286266
0.291774
0.288402
0.281286
0.271503
0.258868
0.248819
0.219817
0.264346
0.304267
0.315941
0.316652
0.309426
0.299185
0.286698
0.2721
0.261089
0.269795
0.306783
0.33943
0.345029
0.34097
0.329924
0.31658
0.301486
0.28505
0.272796
0.319111
0.348412
0.373764
0.373353
0.364588
0.349783
0.333392
0.315794
0.2976
0.283937
0.367343
0.388921
0.407038
0.400733
0.387368
0.368895
0.349539
0.329545
0.309651
0.294488
0.414078
0.428006
0.439026
0.426997
0.409174
0.387151
0.364938
0.342663
0.321129
0.304423
0.458918
0.465372
0.469508
0.451976
0.429873
0.40445
0.379509
0.355074
0.331967
0.313716
0.501482
0.500733
0.498273
0.475505
0.449338
0.420692
0.393172
0.366709
0.342109
0.32234
0.541416
0.533814
0.525119
0.49743
0.46745
0.435782
0.405853
0.377504
0.351501
0.330269
0.578389
0.564353
0.549857
0.517607
0.484096
0.449633
0.41748
0.387398
0.360096
0.337476
0.61209
0.592115
0.572311
0.535899
0.49917
0.462163
0.427989
0.396338
0.367851
0.343939
0.642233
0.616886
0.592323
0.552185
0.512578
0.473297
0.437321
0.404274
0.374726
0.349638
0.668562
0.638479
0.609748
0.566355
0.524234
0.482969
0.445421
0.411161
0.380685
0.354554
0.690854
0.656728
0.624464
0.578313
0.534064
0.49112
0.452244
0.41696
0.3857
0.358672
0.708919
0.671496
0.636366
0.587979
0.542005
0.497701
0.45775
0.42164
0.389743
0.361981
0.722604
0.682671
0.645367
0.595286
0.548006
0.502672
0.461907
0.425173
0.392793
0.364471
0.731792
0.690168
0.651403
0.600185
0.552028
0.506002
0.464693
0.427539
0.394836
0.366134
0.736406
0.693931
0.654433
0.602643
0.554045
0.507673
0.466089
0.428726
0.39586
0.366967
0.736406
0.693931
0.654433
0.602643
0.554045
0.507673
0.466089
0.428726
0.39586
0.366967
0.731792
0.690168
0.651403
0.600185
0.552028
0.506002
0.464693
0.427539
0.394836
0.366134
0.722604
0.682671
0.645367
0.595286
0.548006
0.502672
0.461907
0.425173
0.392793
0.364471
0.708919
0.671496
0.636366
0.587979
0.542005
0.497701
0.45775
0.42164
0.389743
0.361981
0.690854
0.656728
0.624464
0.578313
0.534064
0.49112
0.452244
0.41696
0.3857
0.358672
0.668562
0.638479
0.609748
0.566355
0.524234
0.482969
0.445421
0.411161
0.380685
0.354554
0.642233
0.616886
0.592323
0.552185
0.512578
0.473297
0.437321
0.404274
0.374726
0.349638
0.61209
0.592115
0.572311
0.535899
0.49917
0.462163
0.427989
0.396338
0.367851
0.343939
0.578389
0.564353
0.549857
0.517607
0.484096
0.449633
0.41748
0.387398
0.360096
0.337476
0.541416
0.533814
0.525119
0.49743
0.46745
0.435782
0.405853
0.377504
0.351501
0.330269
0.501482
0.500733
0.498273
0.475505
0.449338
0.420691
0.393172
0.366709
0.342109
0.32234
0.458918
0.465372
0.469508
0.451976
0.429873
0.40445
0.379509
0.355074
0.331967
0.313716
0.414078
0.428006
0.439026
0.426997
0.409174
0.387151
0.364938
0.342663
0.321129
0.304423
0.367343
0.388921
0.407038
0.400733
0.387368
0.368894
0.349539
0.329545
0.309651
0.294488
0.319111
0.348412
0.373764
0.373353
0.364588
0.349783
0.333392
0.315794
0.2976
0.283937
0.269795
0.306783
0.33943
0.345029
0.34097
0.329924
0.31658
0.301486
0.28505
0.272796
0.219817
0.264346
0.304267
0.315941
0.316652
0.309426
0.299185
0.286698
0.2721
0.261089
0.169602
0.221413
0.268508
0.286266
0.291774
0.288401
0.281286
0.271503
0.258868
0.248819
0.119578
0.178296
0.232388
0.256185
0.266477
0.266963
0.262964
0.255953
0.245528
0.236069
0.070166
0.135301
0.196139
0.225873
0.2409
0.245226
0.244304
0.240076
0.232267
0.222813
0.0217807
0.0927174
0.15999
0.195506
0.215176
0.223302
0.225399
0.223837
0.219098
0.209682
-0.0251759
0.0508089
0.124168
0.165252
0.189439
0.201297
0.206362
0.207282
0.205536
0.19902
-0.070325
0.00978602
0.0888944
0.135273
0.163816
0.179308
0.1873
0.190569
0.191493
0.188449
-0.113286
-0.0302595
0.0543921
0.10572
0.138432
0.157431
0.168292
0.173831
0.176999
0.176855
-0.153249
-0.0693935
0.0208848
0.0767292
0.113407
0.135753
0.149398
0.157147
0.16226
0.16439
-0.190574
-0.10661
-0.0114391
0.0484284
0.0888575
0.114362
0.130672
0.140569
0.147472
0.151563
-0.22521
-0.141394
-0.0425578
0.020953
0.064894
0.0933427
0.112179
0.124144
0.132735
0.13865
-0.256907
-0.173226
-0.0727723
-0.00554019
0.041614
0.0727738
0.0939823
0.107918
0.118096
0.125717
-0.285503
-0.202845
-0.101328
-0.0308639
0.019098
0.0527286
0.0761455
0.0919375
0.103589
0.112792
-0.310922
-0.230237
-0.128085
-0.0548731
-0.00257777
0.0332764
0.0587253
0.0762497
0.0892546
0.0999207
-0.333138
-0.255124
-0.152934
-0.0776614
-0.0233448
0.0144832
0.0417721
0.0608985
0.0751329
0.0871551
-0.352179
-0.277327
-0.175848
-0.0992939
-0.0431057
-0.00359008
0.0253297
0.045925
0.0612611
0.0745379
-0.368124
-0.296778
-0.196816
-0.119548
-0.0619843
-0.0208711
0.00943243
0.0313673
0.0476739
0.0621001
-0.381096
-0.313454
-0.21582
-0.138345
-0.0798396
-0.037435
-0.00589247
0.0172549
0.0344145
0.0498565
-0.391252
-0.327345
-0.232846
-0.155677
-0.0965827
-0.0532294
-0.020695
0.00360626
0.0215492
0.0377962
-0.398769
-0.338455
-0.247886
-0.171549
-0.112203
-0.0681915
-0.0348888
-0.00967676
0.0091701
0.0258761
-0.403837
-0.34681
-0.260949
-0.185962
-0.126713
-0.0823024
-0.048425
-0.0224833
-0.00283638
0.0141044
-0.406643
-0.352467
-0.27206
-0.198917
-0.140122
-0.0955684
-0.0612997
-0.0347814
-0.0145042
0.00276532
-0.40737
-0.355522
-0.281259
-0.210423
-0.152438
-0.108002
-0.073527
-0.046577
-0.025796
-0.00810755
-0.406184
-0.356122
-0.288602
-0.220495
-0.163674
-0.119618
-0.0851211
-0.0578785
-0.0366927
-0.0186148
-0.403239
-0.35448
-0.294162
-0.229159
-0.173854
-0.130434
-0.0960947
-0.0686942
-0.0472007
-0.0288461
-0.398679
-0.350883
-0.29802
-0.236444
-0.183008
-0.140473
-0.106463
-0.0790368
-0.0573308
-0.0388359
-0.392646
-0.345688
-0.30026
-0.242387
-0.191174
-0.149764
-0.116245
-0.0889232
-0.0670908
-0.048575
-0.385297
-0.339315
-0.300952
-0.247037
-0.198398
-0.158341
-0.125466
-0.0983739
-0.07649
-0.0580451
-0.376803
-0.332209
-0.300158
-0.250461
-0.204732
-0.166238
-0.134152
-0.107412
-0.085543
-0.0672391
-0.367366
-0.324773
-0.297956
-0.252749
-0.210231
-0.173491
-0.142331
-0.116063
-0.0942707
-0.0761637
-0.35722
-0.31733
-0.294474
-0.254015
-0.214946
-0.180136
-0.150037
-0.124354
-0.102698
-0.0848337
-0.346632
-0.310086
-0.289917
-0.25439
-0.21893
-0.186209
-0.157301
-0.132315
-0.110852
-0.0932674
-0.335895
-0.303132
-0.284594
-0.254009
-0.222226
-0.191746
-0.164157
-0.139976
-0.118762
-0.101485
-0.325305
-0.296477
-0.278895
-0.253001
-0.224876
-0.196779
-0.170638
-0.147368
-0.126457
-0.109508
-0.315124
-0.290087
-0.273237
-0.251474
-0.226925
-0.201344
-0.176772
-0.154517
-0.133966
-0.117361
-0.305557
-0.28393
-0.267962
-0.249529
-0.228423
-0.205466
-0.182581
-0.161449
-0.14132
-0.12507
-0.296719
-0.278012
-0.263259
-0.247287
-0.229428
-0.209166
-0.18808
-0.168185
-0.148543
-0.132666
-0.288652
-0.272385
-0.259141
-0.244914
-0.230007
-0.212455
-0.193276
-0.174739
-0.155662
-0.140173
-0.281344
-0.267132
-0.255497
-0.242614
-0.230238
-0.215339
-0.198167
-0.181116
-0.162689
-0.147638
-0.274754
-0.262326
-0.252192
-0.240563
-0.230207
-0.21782
-0.202744
-0.187306
-0.169637
-0.155075
-0.268831
-0.258008
-0.24914
-0.238836
-0.230025
-0.219908
-0.206996
-0.193275
-0.176496
-0.162579
-0.263519
-0.25417
-0.246331
-0.237396
-0.229818
-0.221631
-0.210913
-0.19897
-0.183256
-0.170128
-0.258763
-0.250772
-0.243797
-0.236155
-0.229683
-0.223036
-0.214506
-0.204263
-0.18995
-0.177878
-0.254505
-0.24776
-0.241561
-0.235054
-0.229646
-0.224201
-0.217785
-0.20906
-0.196475
-0.185688
-0.250686
-0.245071
-0.239613
-0.234078
-0.229671
-0.225206
-0.220787
-0.213106
-0.203315
-0.192738
-0.247239
-0.242652
-0.237917
-0.233235
-0.229719
-0.226108
-0.22354
-0.216298
-0.210141
-0.199525
-0.24408
-0.240471
-0.236423
-0.232519
-0.229788
-0.226913
-0.226032
-0.218603
-0.216349
-0.206233
-0.241179
-0.238457
-0.235075
-0.231904
-0.229892
-0.227589
-0.228244
-0.220037
-0.222056
-0.212363
-0.238486
-0.236567
-0.233824
-0.231351
-0.230019
-0.228096
-0.230176
-0.2207
-0.227636
-0.217204
-0.235951
-0.234769
-0.232624
-0.230814
-0.230123
-0.22843
-0.231822
-0.220856
-0.233118
-0.220168
-0.233532
-0.233034
-0.231444
-0.230253
-0.230148
-0.228622
-0.233127
-0.220915
-0.237976
-0.221191
-0.2312
-0.231342
-0.230261
-0.229633
-0.230052
-0.228711
-0.234013
-0.221248
-0.241471
-0.22103
-0.228938
-0.229688
-0.229053
-0.228935
-0.229823
-0.228693
-0.234451
-0.221988
-0.243256
-0.220909
-0.22674
-0.228068
-0.227818
-0.228171
-0.229433
-0.228526
-0.234508
-0.223012
-0.243546
-0.221557
-0.224613
-0.226488
-0.226564
-0.22733
-0.228832
-0.228252
-0.234308
-0.224062
-0.242786
-0.222842
-0.222569
-0.22496
-0.225307
-0.226424
-0.228089
-0.228066
-0.23372
-0.224886
-0.241601
-0.224224
-0.220632
-0.223503
-0.224068
-0.225477
-0.227258
-0.22776
-0.232577
-0.225835
-0.240116
-0.22532
-0.218831
-0.222141
-0.222878
-0.22452
-0.226384
-0.227318
-0.231378
-0.226795
-0.238014
-0.226245
-0.217199
-0.2209
-0.221769
-0.223592
-0.225512
-0.22678
-0.230227
-0.22738
-0.235875
-0.227218
-0.21577
-0.21981
-0.220776
-0.222735
-0.224691
-0.226202
-0.229173
-0.227636
-0.234012
-0.227845
-0.214578
-0.218898
-0.219933
-0.221989
-0.223966
-0.225642
-0.228266
-0.227667
-0.23249
-0.228201
-0.213654
-0.218188
-0.21927
-0.221393
-0.223381
-0.225161
-0.22755
-0.227575
-0.231334
-0.228394
-0.213022
-0.217703
-0.218813
-0.220977
-0.22297
-0.22481
-0.227053
-0.227451
-0.230559
-0.228491
-0.212702
-0.217457
-0.21858
-0.220763
-0.222757
-0.224625
-0.226799
-0.227369
-0.23017
-0.228529
-0.229391
-0.229563
-0.229659
-0.229648
-0.229487
-0.229126
-0.228489
-0.227465
-0.225887
-0.223511
-0.219978
-0.214791
-0.207281
-0.196842
-0.181909
-0.162674
-0.136647
-0.101037
-0.0731706
-0.000142776
-0.229615
-0.229774
-0.229863
-0.229852
-0.229694
-0.229341
-0.228718
-0.227716
-0.226169
-0.223833
-0.220345
-0.215214
-0.207758
-0.197402
-0.182501
-0.163332
-0.13731
-0.101896
-0.0740135
-0.000139348
-0.230031
-0.230163
-0.230231
-0.23022
-0.230067
-0.229728
-0.229133
-0.228173
-0.226683
-0.224422
-0.221019
-0.215999
-0.208643
-0.198442
-0.183604
-0.164565
-0.138553
-0.103471
-0.0756305
-0.000880818
-0.230589
-0.23067
-0.230695
-0.23068
-0.230534
-0.230216
-0.229659
-0.228757
-0.227344
-0.225186
-0.221892
-0.217019
-0.209802
-0.199823
-0.18507
-0.166221
-0.140233
-0.105459
-0.0778721
-0.00248583
-0.231243
-0.231221
-0.231171
-0.231147
-0.23101
-0.230717
-0.230205
-0.22937
-0.228047
-0.22601
-0.222844
-0.218161
-0.21109
-0.201372
-0.186719
-0.168113
-0.142178
-0.107492
-0.0800597
-0.00469738
-0.232061
-0.231731
-0.231576
-0.231541
-0.231412
-0.231146
-0.230682
-0.22992
-0.228689
-0.226784
-0.223758
-0.219335
-0.212348
-0.202924
-0.188356
-0.170036
-0.144148
-0.109736
-0.0818208
-0.00718024
-0.233131
-0.232107
-0.231851
-0.231794
-0.231674
-0.231435
-0.231017
-0.230327
-0.229182
-0.227398
-0.224439
-0.220267
-0.213433
-0.204285
-0.18986
-0.171755
-0.146026
-0.111627
-0.0832041
-0.00980404
-0.232755
-0.232511
-0.231994
-0.231851
-0.231744
-0.231533
-0.231156
-0.23053
-0.229458
-0.227791
-0.225032
-0.220956
-0.21425
-0.205344
-0.191076
-0.173139
-0.147682
-0.113106
-0.0840615
-0.0124421
-0.232234
-0.232565
-0.231905
-0.231683
-0.231587
-0.2314
-0.231054
-0.230483
-0.229455
-0.227814
-0.225156
-0.221292
-0.214696
-0.206005
-0.191898
-0.174063
-0.148959
-0.114168
-0.0843426
-0.0149573
-0.231036
-0.232037
-0.231504
-0.231252
-0.231158
-0.230991
-0.230668
-0.230139
-0.229157
-0.227764
-0.224981
-0.221234
-0.214707
-0.206185
-0.192249
-0.174447
-0.149735
-0.114787
-0.0840666
-0.0172363
-0.228991
-0.230717
-0.230623
-0.230465
-0.230382
-0.230237
-0.229935
-0.229436
-0.22843
-0.227048
-0.224348
-0.220707
-0.214228
-0.205818
-0.192062
-0.174243
-0.149925
-0.114947
-0.08328
-0.0191986
-0.226292
-0.228481
-0.229051
-0.229167
-0.229139
-0.229038
-0.22877
-0.22831
-0.227356
-0.225934
-0.223235
-0.21965
-0.213207
-0.204853
-0.191286
-0.173428
-0.149476
-0.11464
-0.0820443
-0.0207985
-0.223468
-0.22545
-0.226689
-0.227194
-0.227276
-0.227265
-0.227064
-0.226632
-0.225632
-0.224265
-0.221564
-0.218004
-0.211596
-0.203255
-0.189882
-0.171997
-0.148368
-0.113865
-0.0804298
-0.0220227
-0.220639
-0.221919
-0.223617
-0.224455
-0.224663
-0.224798
-0.224708
-0.224327
-0.223309
-0.221981
-0.219279
-0.215723
-0.209359
-0.201007
-0.187831
-0.169963
-0.14662
-0.112634
-0.0785109
-0.0228848
-0.217478
-0.218057
-0.219979
-0.220949
-0.221245
-0.221569
-0.221627
-0.221325
-0.220335
-0.219033
-0.216345
-0.212788
-0.206483
-0.198118
-0.185144
-0.167359
-0.144279
-0.110974
-0.0763615
-0.0234172
-0.213662
-0.213865
-0.215849
-0.216727
-0.217062
-0.21759
-0.21781
-0.217614
-0.216641
-0.215372
-0.212749
-0.20921
-0.202987
-0.194628
-0.181861
-0.164239
-0.141421
-0.108932
-0.0740506
-0.0236624
-0.209029
-0.209326
-0.211241
-0.211869
-0.212228
-0.212944
-0.213316
-0.213287
-0.212467
-0.211087
-0.208538
-0.205043
-0.198929
-0.190609
-0.178059
-0.16068
-0.138144
-0.106573
-0.071651
-0.0236713
-0.203835
-0.204515
-0.206184
-0.206501
-0.206916
-0.207787
-0.208283
-0.20836
-0.207545
-0.20628
-0.20383
-0.200393
-0.194421
-0.186182
-0.173868
-0.156809
-0.134596
-0.104015
-0.0692661
-0.0235133
-0.198671
-0.199678
-0.200806
-0.200795
-0.201253
-0.202208
-0.202828
-0.203101
-0.202555
-0.201283
-0.19878
-0.195388
-0.189576
-0.18147
-0.169423
-0.152761
-0.130922
-0.101366
-0.0669655
-0.0232438
-0.193645
-0.194857
-0.195039
-0.194586
-0.194965
-0.195886
-0.196561
-0.196936
-0.196467
-0.19538
-0.19306
-0.189807
-0.184208
-0.176286
-0.164515
-0.14829
-0.126845
-0.0983379
-0.0644859
-0.0227719
-0.184769
-0.188697
-0.188535
-0.188077
-0.188495
-0.189462
-0.190271
-0.190803
-0.190578
-0.189449
-0.186848
-0.183422
-0.17782
-0.169872
-0.158219
-0.142345
-0.121321
-0.094033
-0.0611443
-0.0218816
-0.171865
-0.178063
-0.178942
-0.178503
-0.17881
-0.179852
-0.180802
-0.181322
-0.180971
-0.179878
-0.177661
-0.174315
-0.168829
-0.161034
-0.149701
-0.134459
-0.114212
-0.0885088
-0.0571024
-0.0206101
-0.159213
-0.166533
-0.168231
-0.167973
-0.168246
-0.16935
-0.170452
-0.171091
-0.170874
-0.169939
-0.167821
-0.164498
-0.15912
-0.151546
-0.140607
-0.126093
-0.106782
-0.0827152
-0.0530499
-0.0192641
-0.147051
-0.154472
-0.156746
-0.156855
-0.157229
-0.158393
-0.15963
-0.160426
-0.160366
-0.159529
-0.157489
-0.154252
-0.149048
-0.141768
-0.131301
-0.117573
-0.0993046
-0.0768666
-0.0490961
-0.0178878
-0.134459
-0.141905
-0.144673
-0.145231
-0.145815
-0.147066
-0.148423
-0.149372
-0.14946
-0.148731
-0.146822
-0.143735
-0.138764
-0.131838
-0.121909
-0.109007
-0.0918653
-0.071036
-0.0452489
-0.0164987
-0.121694
-0.129098
-0.132253
-0.13325
-0.134097
-0.135468
-0.136938
-0.138032
-0.138286
-0.137707
-0.135968
-0.13308
-0.128395
-0.12187
-0.112539
-0.100492
-0.0845376
-0.0652926
-0.0415238
-0.0151277
-0.109074
-0.116244
-0.119674
-0.121075
-0.122203
-0.123718
-0.125301
-0.126538
-0.126973
-0.126575
-0.125042
-0.122394
-0.118042
-0.11196
-0.103279
-0.0921113
-0.0773813
-0.0596938
-0.037934
-0.0137973
-0.0966503
-0.103491
-0.107105
-0.10886
-0.110263
-0.111933
-0.113634
-0.115009
-0.115631
-0.115437
-0.114142
-0.111768
-0.10779
-0.102191
-0.0942005
-0.0839317
-0.0704405
-0.0542807
-0.0344879
-0.0125209
-0.0845603
-0.0910089
-0.0947144
-0.096761
-0.0984171
-0.100241
-0.102058
-0.103565
-0.104371
-0.104394
-0.103362
-0.101291
-0.0977216
-0.0926377
-0.0853644
-0.0760066
-0.0637507
-0.0490841
-0.0311933
-0.0113064
-0.0729525
-0.0789459
-0.0826582
-0.0849304
-0.0868058
-0.0887714
-0.0906948
-0.0923248
-0.0933069
-0.0935507
-0.0927975
-0.0910534
-0.0879156
-0.083369
-0.0768282
-0.0683843
-0.0573445
-0.0441286
-0.0280592
-0.0101586
-0.061918
-0.067426
-0.0710779
-0.0735117
-0.0755661
-0.0776525
-0.0796691
-0.0814082
-0.0825553
-0.083016
-0.0825472
-0.081144
-0.0784515
-0.074455
-0.0686489
-0.061111
-0.051254
-0.0394364
-0.0250962
-0.00908038
-0.05155
-0.0565655
-0.0601047
-0.062641
-0.0648322
-0.0670147
-0.0691074
-0.07094
-0.0722368
-0.0729045
-0.0727165
-0.0716575
-0.0694131
-0.0659681
-0.0608863
-0.0542338
-0.0455134
-0.0350299
-0.0223167
-0.00807466
-0.0419415
-0.0464694
-0.0498579
-0.0524466
-0.0547351
-0.0569882
-0.0591382
-0.0610471
-0.0624758
-0.0633353
-0.0634158
-0.0626939
-0.0608889
-0.0579845
-0.0536039
-0.0478029
-0.0401595
-0.030933
-0.0197346
-0.00714472
-0.0331715
-0.0372324
-0.0404475
-0.0430489
-0.0454
-0.0476998
-0.049889
-0.0518568
-0.053398
-0.0544302
-0.0547603
-0.0543586
-0.0529728
-0.0505854
-0.0468696
-0.041872
-0.0352328
-0.0271729
-0.0173663
-0.00629487
-0.0253138
-0.0289424
-0.0319756
-0.0345607
-0.0369461
-0.0392722
-0.0414844
-0.0434948
-0.0451288
-0.0463124
-0.0468684
-0.0467609
-0.0457633
-0.0438569
-0.0407563
-0.0364997
-0.0307782
-0.0237801
-0.0152305
-0.00553055
-0.0184482
-0.0216898
-0.0245445
-0.0270943
-0.0294926
-0.031829
-0.0340512
-0.0360903
-0.0377985
-0.0391107
-0.0398679
-0.0400162
-0.0393653
-0.0378922
-0.0353442
-0.0317519
-0.0268471
-0.0207908
-0.0133494
-0.00485875
-0.0126541
-0.0155647
-0.0182564
-0.0207621
-0.0231591
-0.025495
-0.0277183
-0.0297748
-0.0315397
-0.0329548
-0.0338689
-0.0342436
-0.0338939
-0.0327967
-0.0307255
-0.0277052
-0.0235002
-0.0182491
-0.0117505
-0.0042886
-0.00803666
-0.0106804
-0.0132342
-0.0156955
-0.0180837
-0.020413
-0.0226317
-0.0246968
-0.0265011
-0.0279936
-0.029036
-0.0295905
-0.0294841
-0.0286914
-0.0270072
-0.0244505
-0.020811
-0.0162087
-0.0104673
-0.0038309
-0.00474372
-0.00719512
-0.00964639
-0.0120714
-0.0144495
-0.0167713
-0.0189843
-0.0210536
-0.0228847
-0.0244322
-0.0255666
-0.0262462
-0.0263101
-0.0257346
-0.0243296
-0.0221082
-0.0188776
-0.0147431
-0.00954699
-0.00350265
-0.00289757
-0.00525536
-0.00765799
-0.0100676
-0.0124434
-0.0147637
-0.0169759
-0.0190489
-0.0208957
-0.0224738
-0.0236599
-0.0244106
-0.0245717
-0.024116
-0.0228655
-0.020827
-0.0178227
-0.0139435
-0.00904859
-0.00332354
-0.0190496
-0.0285241
-0.0378326
-0.0469611
-0.0559026
-0.0646613
-0.0732468
-0.0816698
-0.089942
-0.0980747
-0.106082
-0.113974
-0.121766
-0.129464
-0.13707
-0.144611
-0.152006
-0.159527
-0.166842
-0.175656
-0.0139934
-0.0229609
-0.0317719
-0.0404231
-0.0489165
-0.0572585
-0.0654577
-0.0735223
-0.0814602
-0.0892788
-0.0969847
-0.104585
-0.112077
-0.119479
-0.126746
-0.133995
-0.141004
-0.148321
-0.155159
-0.16331
-0.00900598
-0.0173988
-0.0256391
-0.0337307
-0.0416777
-0.049485
-0.0571579
-0.064702
-0.0721217
-0.0794233
-0.0866075
-0.093688
-0.10065
-0.107547
-0.114306
-0.121117
-0.12773
-0.134694
-0.141502
-0.149583
-0.00410563
-0.0119526
-0.0196681
-0.0272572
-0.0347212
-0.0420623
-0.0492833
-0.0563892
-0.0633828
-0.0702735
-0.0770605
-0.0837694
-0.0903849
-0.0969788
-0.103486
-0.110085
-0.116602
-0.123414
-0.130282
-0.137876
0.000620601
-0.00671798
-0.0139468
-0.0210697
-0.028087
-0.0350011
-0.041815
-0.0485354
-0.055166
-0.0617196
-0.0681968
-0.0746257
-0.0809928
-0.0873549
-0.0936588
-0.100004
-0.106275
-0.112622
-0.118987
-0.125809
0.00514869
-0.00170523
-0.00846579
-0.0151351
-0.021714
-0.0282056
-0.0346134
-0.0409441
-0.0472012
-0.0533955
-0.0595261
-0.0656104
-0.0716336
-0.0776205
-0.083533
-0.0894073
-0.0952072
-0.101015
-0.106963
-0.113378
0.00949345
0.00310174
-0.00320655
-0.0094337
-0.0155815
-0.0216528
-0.02765
-0.0335771
-0.0394355
-0.0452304
-0.0509594
-0.0566289
-0.0622309
-0.0677765
-0.0732618
-0.0787114
-0.0841562
-0.0896353
-0.0952961
-0.1013
0.0136567
0.00770101
0.00182596
-0.00397475
-0.00970435
-0.0153645
-0.0209558
-0.0264797
-0.0319368
-0.0373295
-0.0426584
-0.0479286
-0.0531443
-0.0583153
-0.0634554
-0.0685697
-0.0736873
-0.0787922
-0.08402
-0.0894978
0.0176109
0.0120743
0.00661294
0.00122005
-0.00410797
-0.00937199
-0.0145718
-0.0197082
-0.0247822
-0.0297967
-0.0347552
-0.0396616
-0.0445222
-0.0493376
-0.0541158
-0.0588448
-0.0635513
-0.0682211
-0.0730011
-0.0780065
0.0213445
0.0162089
0.0111402
0.00613392
0.00118728
-0.00370016
-0.00852808
-0.0132967
-0.0180072
-0.0226609
-0.0272601
-0.0318049
-0.0362981
-0.0407361
-0.0451272
-0.0494645
-0.0537811
-0.0580688
-0.0624515
-0.0670114
0.0248654
0.0201049
0.0154034
0.0107591
0.00617035
0.00163744
-0.00283889
-0.00725792
-0.0116197
-0.015924
-0.0201716
-0.024362
-0.0284983
-0.0325794
-0.0366154
-0.0406014
-0.0445629
-0.0484867
-0.0524711
-0.0565828
0.0281583
0.0237452
0.0193853
0.0150783
0.0108239
0.00662302
0.00247706
-0.00161266
-0.00564555
-0.00962103
-0.0135399
-0.017402
-0.0212101
-0.0249631
-0.0286673
-0.0323165
-0.0359293
-0.0394948
-0.0430961
-0.0467874
0.0312113
0.0271174
0.0230722
0.0190763
0.0151307
0.0112367
0.00739613
0.00361052
-0.000119105
-0.00379185
-0.0074078
-0.0109661
-0.0144681
-0.0179118
-0.0213016
-0.0246327
-0.0279208
-0.0311575
-0.0344093
-0.0377155
0.0340098
0.0302057
0.0264466
0.022734
0.0190696
0.015455
0.0118925
0.00838411
0.00493121
0.00153528
-0.00180302
-0.00508247
-0.0083036
-0.0114648
-0.0145694
-0.0176136
-0.0206093
-0.0235488
-0.0264829
-0.0294395
0.0365342
0.0329894
0.0294867
0.0260282
0.0226159
0.0192521
0.0159393
0.0126798
0.00947537
0.00632779
0.00323815
0.000207797
-0.0027632
-0.00567327
-0.00852435
-0.0113132
-0.0140479
-0.0167225
-0.0193746
-0.0220235
0.0387588
0.0354417
0.032164
0.0289286
0.0257379
0.0225943
0.0195006
0.0164591
0.0134721
0.0105414
0.00766851
0.00485503
0.0021016
-0.000590173
-0.00322112
-0.00578863
-0.00829806
-0.0107448
-0.0131553
-0.0155422
0.0406554
0.037533
0.0344481
0.0314036
0.0284023
0.0254468
0.0225399
0.019684
0.0168814
0.0141344
0.0114446
0.0088137
0.00624275
0.00373337
0.00128551
-0.00109873
-0.0034224
-0.00568213
-0.00789478
-0.0100683
0.042171
0.0392065
0.0362777
0.0333882
0.0305408
0.0277381
0.0249826
0.022277
0.0196235
0.0170244
0.0144815
0.0119965
0.0095708
0.00720587
0.00490227
0.00266172
0.000482885
-0.00163193
-0.00369229
-0.00570276
0.043289
0.0404456
0.0376364
0.0348642
0.0321319
0.029442
0.0267973
0.0242003
0.0216535
0.0191588
0.0167184
0.0143339
0.012007
0.00973909
0.00753133
0.00538526
0.00330089
0.00128
-0.000681551
-0.00258573
0.0438261
0.0410639
0.0383365
0.0356473
0.032998
0.03039
0.0278253
0.025306
0.0228341
0.0204116
0.01804
0.0157208
0.0134553
0.0112449
0.00909056
0.00699342
0.00495392
0.00297321
0.00104967
-0.000817408
0.201201
0.190106
0.178853
0.168197
0.156919
0.145165
0.133439
0.121813
0.110214
0.0986532
0.0871837
0.0758364
0.0646256
0.0535609
0.0426455
0.0318534
0.0211374
0.0106249
0.000462374
-0.00940242
0.194707
0.183591
0.171212
0.160713
0.150234
0.139144
0.128044
0.117162
0.106368
0.0956052
0.0849196
0.0743468
0.0638921
0.0535521
0.0433372
0.0332976
0.0235838
0.0139369
0.00443241
-0.00487028
0.18708
0.176514
0.163764
0.153445
0.143942
0.133795
0.12339
0.113202
0.103178
0.0931901
0.0832496
0.07341
0.0636925
0.0541022
0.0446563
0.0353806
0.0262752
0.0172126
0.00828588
-0.000451149
0.178785
0.169004
0.156514
0.146416
0.137717
0.128548
0.118895
0.109352
0.100043
0.0908199
0.0816301
0.0725176
0.063519
0.0546411
0.0458882
0.0372684
0.0287939
0.0203616
0.0120429
0.00388675
0.170388
0.161447
0.149611
0.139869
0.131811
0.123561
0.114721
0.105833
0.0971788
0.0886697
0.0802015
0.0717824
0.063455
0.0552369
0.0471309
0.0391399
0.0312657
0.0234219
0.0156809
0.00808123
0.162175
0.154021
0.143038
0.133789
0.12627
0.118814
0.110788
0.102576
0.0945407
0.0866863
0.0788989
0.0711453
0.0634573
0.0558622
0.0483663
0.0409661
0.0336548
0.0263652
0.0191724
0.0121033
0.154293
0.146847
0.13681
0.128168
0.121149
0.114369
0.10711
0.0995847
0.0921547
0.084903
0.0777429
0.0706147
0.0635295
0.0565176
0.0495973
0.0427723
0.0360272
0.0292363
0.0225475
0.0159723
0.146828
0.140028
0.130958
0.122994
0.116464
0.110264
0.103698
0.096842
0.0900056
0.083317
0.0767299
0.0701793
0.0636541
0.0571734
0.0507499
0.0443869
0.0380955
0.0319576
0.0258134
0.019698
0.139843
0.133645
0.125523
0.118263
0.112216
0.106526
0.100571
0.0943438
0.0880819
0.0819254
0.0758643
0.0698446
0.0638443
0.0578751
0.051955
0.0460966
0.0403095
0.0346009
0.0289004
0.023225
0.133386
0.127754
0.120533
0.113969
0.108394
0.103158
0.0977421
0.0920889
0.0863708
0.0807168
0.0751415
0.0696077
0.0640919
0.0585976
0.0531392
0.0477284
0.0423719
0.0370772
0.0317985
0.026546
0.127491
0.122386
0.116003
0.110104
0.104982
0.100157
0.0952136
0.0900761
0.0848614
0.0796773
0.0745504
0.0694596
0.0643849
0.0593256
0.0542915
0.0492938
0.0443393
0.0394326
0.0345444
0.0296826
0.122179
0.117559
0.111936
0.106655
0.101961
0.0975086
0.092981
0.0883008
0.0835434
0.0787921
0.0740768
0.0693887
0.0647138
0.0600499
0.0554038
0.0507848
0.0461996
0.0416522
0.0371239
0.0326212
0.117458
0.113275
0.108326
0.103607
0.0993092
0.095196
0.0910337
0.086755
0.0824058
0.0780468
0.0737058
0.0693818
0.0650671
0.0607598
0.0564649
0.05219
0.0479416
0.0437237
0.0395247
0.0353501
0.113326
0.109531
0.105165
0.100942
0.097006
0.0931985
0.0893565
0.085427
0.0814364
0.0774269
0.0734216
0.0694239
0.0654309
0.0614424
0.0574623
0.0534971
0.0495527
0.0456333
0.0417324
0.0378548
0.109774
0.106314
0.102441
0.0986452
0.0950299
0.0914947
0.0879316
0.0843021
0.0806212
0.0769172
0.0732077
0.0694983
0.0657892
0.062082
0.0583804
0.0546901
0.0510164
0.0473638
0.0437291
0.0401166
0.10679
0.103611
0.100141
0.0967015
0.0933624
0.0900642
0.0867397
0.0833638
0.0799451
0.0765018
0.0730472
0.0695871
0.0661239
0.0626603
0.0592003
0.0557489
0.0523114
0.0488923
0.045491
0.0421109
0.104362
0.101409
0.0982562
0.0951008
0.091989
0.0888887
0.0857617
0.0825936
0.0793898
0.0761622
0.0729202
0.0696695
0.0664136
0.0631561
0.0599011
0.0566532
0.0534172
0.0501971
0.0469936
0.043811
0.102487
0.0997018
0.0967829
0.0938405
0.0909035
0.0879576
0.084984
0.0819763
0.0789384
0.0758782
0.0728025
0.0697166
0.0666246
0.0635303
0.0604383
0.0573533
0.0542804
0.0512242
0.0481849
0.0451658
0.101177
0.0984956
0.0957256
0.0929225
0.0901036
0.0872651
0.0843999
0.0815065
0.0785882
0.0756501
0.0726976
0.0697352
0.0667668
0.0637963
0.0608277
0.0578651
0.0549125
0.0519747
0.0490596
0.0461626
0.100487
0.0978416
0.0951272
0.0923719
0.0895905
0.0867859
0.0839579
0.0811075
0.0782378
0.0753531
0.072458
0.0695569
0.0666537
0.0637524
0.0608572
0.0579722
0.0551019
0.0522513
0.0494254
0.0466161
0.215584
0.217244
0.222484
0.226559
0.232076
0.2349
0.237152
0.23455
0.229532
0.215992
0.214101
0.215525
0.220061
0.223416
0.227637
0.229266
0.229535
0.225563
0.217762
0.205568
0.212456
0.21362
0.217388
0.219968
0.222837
0.22328
0.221709
0.216611
0.207512
0.196347
0.210634
0.211531
0.214461
0.21625
0.217725
0.217011
0.213785
0.207736
0.198031
0.18713
0.208624
0.209254
0.211295
0.212281
0.212373
0.210535
0.2059
0.198992
0.188957
0.1781
0.20642
0.206783
0.2079
0.208065
0.206836
0.203904
0.198122
0.19044
0.180237
0.169481
0.204019
0.204116
0.204294
0.203616
0.201167
0.197182
0.190485
0.182157
0.171905
0.161345
0.201422
0.201249
0.200504
0.198961
0.195414
0.190442
0.183029
0.17422
0.164004
0.153694
0.198638
0.198188
0.196561
0.194138
0.189628
0.183768
0.175803
0.166681
0.156565
0.146534
0.195686
0.194944
0.192502
0.189204
0.183859
0.177238
0.168864
0.159575
0.149617
0.13989
0.19259
0.191541
0.188367
0.184226
0.178169
0.170928
0.162269
0.152932
0.143189
0.133789
0.18939
0.188014
0.184201
0.179281
0.172623
0.164906
0.156073
0.146782
0.137304
0.128252
0.186133
0.184417
0.180059
0.174451
0.1673
0.159236
0.150327
0.141156
0.13198
0.123291
0.182879
0.180819
0.176005
0.169822
0.16228
0.153982
0.145078
0.136083
0.127232
0.118913
0.179705
0.177309
0.172123
0.165484
0.157648
0.149208
0.140374
0.13159
0.12307
0.115116
0.176701
0.173996
0.168511
0.161532
0.153494
0.144985
0.136259
0.127704
0.119506
0.1119
0.173981
0.171006
0.165289
0.158073
0.14991
0.141387
0.132789
0.124457
0.116555
0.109264
0.171676
0.168483
0.162597
0.155227
0.147001
0.138498
0.130029
0.121894
0.114244
0.107217
0.169945
0.166596
0.160597
0.153137
0.144889
0.136422
0.12806
0.12008
0.112619
0.105787
0.168977
0.16554
0.159483
0.151979
0.143728
0.135289
0.126994
0.119104
0.111752
0.105035
0.228591
0.230747
0.240564
0.249245
0.262758
0.276504
0.292791
0.309453
0.327418
0.345201
0.228519
0.230674
0.24047
0.249123
0.262602
0.276282
0.292509
0.309075
0.32694
0.344579
0.228375
0.23053
0.240282
0.24888
0.26229
0.27584
0.291945
0.30832
0.325984
0.343334
0.22816
0.230315
0.240001
0.248516
0.261824
0.275179
0.291103
0.307188
0.324552
0.341468
0.227875
0.230029
0.239627
0.248034
0.261205
0.274302
0.289986
0.305683
0.322645
0.338981
0.227521
0.229675
0.239161
0.247437
0.260436
0.273213
0.288598
0.303808
0.320266
0.335873
0.227101
0.229254
0.238606
0.246727
0.259518
0.271916
0.286944
0.301565
0.31742
0.332148
0.226616
0.228767
0.237961
0.245909
0.258455
0.270419
0.28503
0.298961
0.31411
0.32781
0.22607
0.228218
0.23723
0.244986
0.257249
0.268727
0.282863
0.295999
0.310343
0.322864
0.225464
0.227609
0.236415
0.243962
0.255903
0.266848
0.280448
0.292686
0.306128
0.317319
0.224801
0.226941
0.235519
0.242841
0.254421
0.26479
0.277792
0.289029
0.301475
0.311183
0.224085
0.226217
0.234547
0.241629
0.252807
0.262563
0.2749
0.285036
0.296393
0.304467
0.22332
0.225444
0.233468
0.240322
0.251065
0.260177
0.271777
0.280717
0.290896
0.297181
0.222509
0.224617
0.23244
0.238928
0.2492
0.257641
0.268428
0.276084
0.284994
0.289336
0.221657
0.223758
0.231214
0.237463
0.247221
0.254965
0.264857
0.271151
0.278699
0.280937
0.220764
0.222843
0.229972
0.235934
0.245134
0.252159
0.261068
0.265937
0.272015
0.271989
0.21983
0.221859
0.228675
0.234337
0.242943
0.249227
0.257064
0.260462
0.264939
0.262482
0.21886
0.22084
0.227335
0.232683
0.240663
0.246184
0.252861
0.254761
0.257484
0.252435
0.217857
0.219785
0.225968
0.230993
0.238339
0.243067
0.248507
0.248833
0.249559
0.241793
0.216824
0.218663
0.224502
0.229153
0.235806
0.239672
0.243757
0.242458
0.240772
0.230032
0.216824
0.218663
0.224502
0.229153
0.235806
0.239672
0.243757
0.242458
0.240772
0.230032
0.217857
0.219785
0.225968
0.230993
0.238339
0.243067
0.248507
0.248833
0.249559
0.241793
0.21886
0.22084
0.227335
0.232683
0.240663
0.246184
0.252861
0.254761
0.257484
0.252435
0.21983
0.221859
0.228675
0.234337
0.242943
0.249227
0.257064
0.260462
0.264939
0.262482
0.220764
0.222843
0.229972
0.235934
0.245134
0.252159
0.261068
0.265937
0.272015
0.271989
0.221657
0.223758
0.231214
0.237462
0.247221
0.254965
0.264857
0.271151
0.278699
0.280937
0.222509
0.224617
0.23244
0.238928
0.2492
0.257641
0.268428
0.276084
0.284994
0.289335
0.22332
0.225444
0.233468
0.240322
0.251065
0.260177
0.271777
0.280717
0.290896
0.297181
0.224085
0.226217
0.234547
0.241629
0.252807
0.262563
0.2749
0.285036
0.296393
0.304467
0.224801
0.226941
0.235519
0.242841
0.254421
0.26479
0.277792
0.289029
0.301475
0.311183
0.225464
0.227609
0.236415
0.243962
0.255903
0.266848
0.280448
0.292686
0.306128
0.317319
0.22607
0.228218
0.23723
0.244986
0.257249
0.268727
0.282863
0.295999
0.310343
0.322864
0.226616
0.228767
0.237961
0.245909
0.258455
0.270419
0.28503
0.298961
0.31411
0.32781
0.227101
0.229254
0.238606
0.246727
0.259518
0.271916
0.286944
0.301565
0.31742
0.332148
0.227521
0.229675
0.239161
0.247437
0.260436
0.273213
0.288598
0.303808
0.320266
0.335873
0.227875
0.230029
0.239627
0.248034
0.261205
0.274302
0.289986
0.305683
0.322645
0.338981
0.22816
0.230315
0.240001
0.248516
0.261824
0.275179
0.291103
0.307188
0.324552
0.341468
0.228375
0.23053
0.240282
0.24888
0.26229
0.27584
0.291945
0.30832
0.325984
0.343334
0.228519
0.230674
0.24047
0.249123
0.262602
0.276282
0.292509
0.309075
0.32694
0.344579
0.228591
0.230747
0.240564
0.249245
0.262758
0.276504
0.292791
0.309453
0.327418
0.345201
0.168976
0.16554
0.159483
0.151979
0.143728
0.135289
0.126994
0.119104
0.111752
0.105035
0.169945
0.166596
0.160597
0.153137
0.144889
0.136422
0.12806
0.12008
0.112618
0.105787
0.171676
0.168483
0.162597
0.155227
0.147001
0.138498
0.130029
0.121894
0.114244
0.107217
0.173981
0.171006
0.165289
0.158073
0.14991
0.141387
0.132789
0.124457
0.116555
0.109264
0.176701
0.173996
0.168511
0.161532
0.153494
0.144985
0.136259
0.127704
0.119506
0.1119
0.179705
0.177309
0.172123
0.165484
0.157648
0.149208
0.140374
0.13159
0.12307
0.115116
0.182879
0.180819
0.176005
0.169822
0.16228
0.153982
0.145078
0.136083
0.127232
0.118913
0.186133
0.184417
0.180059
0.174451
0.1673
0.159236
0.150327
0.141156
0.13198
0.123291
0.18939
0.188014
0.184201
0.179281
0.172623
0.164906
0.156073
0.146782
0.137304
0.128252
0.19259
0.191541
0.188367
0.184226
0.178169
0.170928
0.162269
0.152931
0.143189
0.133789
0.195686
0.194944
0.192502
0.189204
0.183859
0.177238
0.168864
0.159575
0.149617
0.13989
0.198638
0.198188
0.196561
0.194138
0.189628
0.183768
0.175803
0.166681
0.156565
0.146534
0.201422
0.201249
0.200504
0.198961
0.195414
0.190442
0.183029
0.17422
0.164004
0.153694
0.204019
0.204116
0.204294
0.203616
0.201167
0.197182
0.190485
0.182157
0.171905
0.161345
0.20642
0.206783
0.2079
0.208065
0.206836
0.203904
0.198122
0.19044
0.180237
0.169481
0.208624
0.209254
0.211295
0.212281
0.212372
0.210535
0.2059
0.198992
0.188957
0.1781
0.210634
0.211531
0.214461
0.21625
0.217725
0.217011
0.213785
0.207736
0.198031
0.18713
0.212456
0.21362
0.217388
0.219968
0.222837
0.22328
0.221709
0.216611
0.207512
0.196347
0.214101
0.215525
0.220061
0.223416
0.227637
0.229266
0.229535
0.225563
0.217762
0.205568
0.215584
0.217244
0.222484
0.226559
0.232076
0.2349
0.237152
0.23455
0.229532
0.215991
0.100487
0.0978416
0.0951271
0.0923719
0.0895904
0.0867859
0.0839579
0.0811075
0.0782378
0.0753531
0.072458
0.0695569
0.0666537
0.0637524
0.0608572
0.0579722
0.0551019
0.0522513
0.0494254
0.0466161
0.101177
0.0984956
0.0957256
0.0929224
0.0901036
0.087265
0.0843999
0.0815065
0.0785881
0.0756501
0.0726976
0.0697352
0.0667668
0.0637963
0.0608277
0.0578651
0.0549125
0.0519747
0.0490596
0.0461626
0.102487
0.0997017
0.0967829
0.0938405
0.0909035
0.0879575
0.084984
0.0819763
0.0789384
0.0758782
0.0728025
0.0697166
0.0666246
0.0635303
0.0604383
0.0573533
0.0542804
0.0512242
0.0481849
0.0451658
0.104362
0.101409
0.0982562
0.0951007
0.091989
0.0888887
0.0857617
0.0825936
0.0793898
0.0761621
0.0729201
0.0696695
0.0664136
0.0631561
0.0599011
0.0566532
0.0534172
0.0501971
0.0469936
0.043811
0.10679
0.103611
0.100141
0.0967015
0.0933624
0.0900642
0.0867397
0.0833638
0.079945
0.0765018
0.0730472
0.0695871
0.0661239
0.0626603
0.0592002
0.0557489
0.0523113
0.0488923
0.045491
0.0421109
0.109774
0.106314
0.102441
0.0986452
0.0950298
0.0914947
0.0879315
0.084302
0.0806212
0.0769172
0.0732077
0.0694983
0.0657892
0.062082
0.0583804
0.0546901
0.0510164
0.0473638
0.0437291
0.0401166
0.113326
0.109531
0.105165
0.100942
0.097006
0.0931984
0.0893565
0.0854269
0.0814364
0.0774269
0.0734215
0.0694239
0.0654309
0.0614423
0.0574623
0.0534971
0.0495526
0.0456333
0.0417324
0.0378548
0.117458
0.113275
0.108326
0.103607
0.0993092
0.0951959
0.0910336
0.0867549
0.0824058
0.0780468
0.0737057
0.0693818
0.065067
0.0607598
0.0564649
0.05219
0.0479416
0.0437237
0.0395247
0.0353501
0.122179
0.117559
0.111936
0.106655
0.10196
0.0975086
0.0929809
0.0883008
0.0835433
0.0787921
0.0740768
0.0693886
0.0647138
0.0600499
0.0554038
0.0507847
0.0461995
0.0416522
0.0371239
0.0326212
0.127491
0.122386
0.116003
0.110104
0.104982
0.100157
0.0952135
0.090076
0.0848614
0.0796773
0.0745504
0.0694595
0.0643849
0.0593255
0.0542915
0.0492937
0.0443393
0.0394326
0.0345444
0.0296825
0.133386
0.127754
0.120533
0.113969
0.108394
0.103158
0.0977421
0.0920889
0.0863707
0.0807168
0.0751415
0.0696077
0.0640918
0.0585976
0.0531392
0.0477284
0.0423719
0.0370771
0.0317985
0.0265459
0.139843
0.133645
0.125523
0.118263
0.112216
0.106526
0.100571
0.0943438
0.0880819
0.0819254
0.0758643
0.0698445
0.0638443
0.0578751
0.0519549
0.0460965
0.0403094
0.0346009
0.0289004
0.023225
0.146828
0.140028
0.130958
0.122994
0.116464
0.110264
0.103698
0.096842
0.0900055
0.083317
0.0767298
0.0701793
0.063654
0.0571733
0.0507498
0.0443869
0.0380955
0.0319576
0.0258134
0.019698
0.154293
0.146847
0.13681
0.128168
0.121149
0.114369
0.10711
0.0995847
0.0921546
0.084903
0.0777428
0.0706147
0.0635294
0.0565175
0.0495972
0.0427722
0.0360271
0.0292362
0.0225475
0.0159723
0.162175
0.154021
0.143037
0.133788
0.12627
0.118814
0.110788
0.102576
0.0945407
0.0866862
0.0788988
0.0711452
0.0634572
0.0558621
0.0483662
0.040966
0.0336548
0.0263651
0.0191724
0.0121032
0.170388
0.161447
0.149611
0.139869
0.131811
0.123561
0.114721
0.105833
0.0971788
0.0886697
0.0802014
0.0717823
0.0634549
0.0552368
0.0471309
0.0391398
0.0312656
0.0234218
0.0156809
0.00808117
0.178785
0.169004
0.156514
0.146416
0.137717
0.128548
0.118895
0.109352
0.100043
0.0908198
0.0816301
0.0725175
0.0635189
0.054641
0.0458881
0.0372684
0.0287939
0.0203616
0.0120428
0.00388669
0.18708
0.176514
0.163764
0.153445
0.143942
0.133795
0.12339
0.113202
0.103178
0.09319
0.0832495
0.0734099
0.0636924
0.0541022
0.0446562
0.0353806
0.0262752
0.0172126
0.00828581
-0.000451221
0.194706
0.183591
0.171212
0.160713
0.150234
0.139143
0.128044
0.117162
0.106368
0.0956051
0.0849195
0.0743467
0.0638921
0.053552
0.0433371
0.0332975
0.0235837
0.0139368
0.00443234
-0.00487036
0.201201
0.190106
0.178853
0.168197
0.156919
0.145164
0.133439
0.121813
0.110214
0.0986532
0.0871837
0.0758364
0.0646255
0.0535608
0.0426454
0.0318533
0.0211374
0.0106248
0.000462293
-0.0094025
0.0438261
0.0410639
0.0383365
0.0356473
0.032998
0.03039
0.0278253
0.025306
0.0228341
0.0204116
0.01804
0.0157208
0.0134553
0.0112449
0.00909059
0.00699345
0.00495395
0.00297324
0.00104971
-0.000817369
0.043289
0.0404456
0.0376364
0.0348642
0.0321319
0.029442
0.0267973
0.0242003
0.0216535
0.0191588
0.0167184
0.0143339
0.012007
0.00973912
0.00753136
0.00538529
0.00330092
0.00128004
-0.000681514
-0.00258569
0.042171
0.0392065
0.0362777
0.0333882
0.0305408
0.0277381
0.0249826
0.022277
0.0196236
0.0170245
0.0144815
0.0119966
0.00957083
0.00720589
0.0049023
0.00266175
0.000482919
-0.00163189
-0.00369225
-0.00570272
0.0406554
0.037533
0.0344481
0.0314037
0.0284023
0.0254469
0.0225399
0.019684
0.0168815
0.0141344
0.0114446
0.00881372
0.00624278
0.0037334
0.00128553
-0.0010987
-0.00342237
-0.00568209
-0.00789474
-0.0100683
0.0387588
0.0354417
0.032164
0.0289286
0.0257379
0.0225943
0.0195006
0.0164591
0.0134721
0.0105414
0.00766853
0.00485506
0.00210162
-0.000590147
-0.00322109
-0.0057886
-0.00829803
-0.0107448
-0.0131552
-0.0155421
0.0365342
0.0329894
0.0294867
0.0260282
0.0226159
0.0192522
0.0159394
0.0126798
0.00947538
0.00632781
0.00323816
0.000207817
-0.00276318
-0.00567324
-0.00852432
-0.0113132
-0.0140479
-0.0167224
-0.0193745
-0.0220235
0.0340098
0.0302057
0.0264465
0.022734
0.0190696
0.015455
0.0118926
0.00838411
0.00493122
0.00153529
-0.001803
-0.00508245
-0.00830358
-0.0114648
-0.0145693
-0.0176136
-0.0206092
-0.0235487
-0.0264828
-0.0294394
0.0312113
0.0271174
0.0230721
0.0190763
0.0151307
0.0112367
0.00739613
0.00361053
-0.000119099
-0.00379184
-0.00740779
-0.0109661
-0.0144681
-0.0179118
-0.0213016
-0.0246327
-0.0279208
-0.0311575
-0.0344093
-0.0377154
0.0281582
0.0237452
0.0193853
0.0150783
0.0108239
0.00662301
0.00247706
-0.00161266
-0.00564555
-0.00962103
-0.0135399
-0.0174019
-0.0212101
-0.0249631
-0.0286673
-0.0323165
-0.0359293
-0.0394948
-0.043096
-0.0467873
0.0248653
0.0201049
0.0154034
0.0107591
0.00617034
0.00163743
-0.0028389
-0.00725793
-0.0116197
-0.015924
-0.0201716
-0.024362
-0.0284983
-0.0325794
-0.0366154
-0.0406014
-0.0445628
-0.0484866
-0.052471
-0.0565828
0.0213444
0.0162089
0.0111402
0.0061339
0.00118726
-0.00370018
-0.0085281
-0.0132967
-0.0180072
-0.0226609
-0.0272601
-0.0318049
-0.0362981
-0.0407361
-0.0451272
-0.0494645
-0.0537811
-0.0580688
-0.0624515
-0.0670113
0.0176109
0.0120743
0.0066129
0.00122002
-0.00410799
-0.00937201
-0.0145719
-0.0197082
-0.0247823
-0.0297967
-0.0347552
-0.0396616
-0.0445222
-0.0493376
-0.0541158
-0.0588448
-0.0635513
-0.0682211
-0.0730011
-0.0780065
0.0136567
0.00770097
0.00182592
-0.00397479
-0.00970439
-0.0153645
-0.0209558
-0.0264798
-0.0319368
-0.0373295
-0.0426584
-0.0479286
-0.0531443
-0.0583153
-0.0634554
-0.0685697
-0.0736873
-0.0787922
-0.08402
-0.0894978
0.0094934
0.00310169
-0.0032066
-0.00943375
-0.0155815
-0.0216529
-0.02765
-0.0335771
-0.0394355
-0.0452305
-0.0509594
-0.056629
-0.0622309
-0.0677765
-0.0732618
-0.0787114
-0.0841562
-0.0896353
-0.095296
-0.1013
0.00514863
-0.00170528
-0.00846584
-0.0151352
-0.0217141
-0.0282057
-0.0346134
-0.0409442
-0.0472012
-0.0533955
-0.0595261
-0.0656104
-0.0716337
-0.0776205
-0.083533
-0.0894073
-0.0952072
-0.101015
-0.106963
-0.113378
0.000620542
-0.00671804
-0.0139469
-0.0210698
-0.0280871
-0.0350012
-0.0418151
-0.0485355
-0.055166
-0.0617196
-0.0681968
-0.0746257
-0.0809928
-0.087355
-0.0936589
-0.100004
-0.106275
-0.112622
-0.118987
-0.125809
-0.0041057
-0.0119527
-0.0196682
-0.0272573
-0.0347213
-0.0420624
-0.0492834
-0.0563893
-0.0633828
-0.0702735
-0.0770606
-0.0837694
-0.0903849
-0.0969788
-0.103486
-0.110085
-0.116602
-0.123414
-0.130282
-0.137876
-0.00900605
-0.0173989
-0.0256391
-0.0337308
-0.0416778
-0.0494851
-0.057158
-0.0647021
-0.0721217
-0.0794233
-0.0866076
-0.093688
-0.10065
-0.107547
-0.114306
-0.121117
-0.12773
-0.134694
-0.141502
-0.149583
-0.0139935
-0.022961
-0.031772
-0.0404232
-0.0489165
-0.0572586
-0.0654578
-0.0735224
-0.0814603
-0.0892789
-0.0969848
-0.104585
-0.112077
-0.119479
-0.126746
-0.133996
-0.141004
-0.148322
-0.155159
-0.16331
-0.0190497
-0.0285242
-0.0378327
-0.0469612
-0.0559027
-0.0646614
-0.0732469
-0.0816699
-0.089942
-0.0980748
-0.106082
-0.113974
-0.121766
-0.129464
-0.13707
-0.144611
-0.152006
-0.159527
-0.166842
-0.175656
-0.00289752
-0.00525531
-0.00765795
-0.0100675
-0.0124434
-0.0147636
-0.0169759
-0.0190488
-0.0208957
-0.0224737
-0.0236599
-0.0244105
-0.0245717
-0.0241159
-0.0228655
-0.020827
-0.0178227
-0.0139435
-0.00904857
-0.00332353
-0.00474368
-0.00719508
-0.00964635
-0.0120713
-0.0144494
-0.0167712
-0.0189843
-0.0210535
-0.0228846
-0.0244322
-0.0255666
-0.0262461
-0.02631
-0.0257346
-0.0243296
-0.0221082
-0.0188775
-0.0147431
-0.00954696
-0.00350265
-0.00803661
-0.0106804
-0.0132342
-0.0156954
-0.0180836
-0.020413
-0.0226316
-0.0246967
-0.026501
-0.0279935
-0.0290359
-0.0295904
-0.029484
-0.0286913
-0.0270071
-0.0244504
-0.020811
-0.0162087
-0.0104673
-0.00383089
-0.0126541
-0.0155646
-0.0182564
-0.020762
-0.0231591
-0.025495
-0.0277182
-0.0297747
-0.0315397
-0.0329547
-0.0338688
-0.0342435
-0.0338938
-0.0327966
-0.0307255
-0.0277051
-0.0235002
-0.018249
-0.0117504
-0.00428859
-0.0184482
-0.0216897
-0.0245445
-0.0270943
-0.0294925
-0.0318289
-0.0340511
-0.0360902
-0.0377984
-0.0391106
-0.0398678
-0.0400161
-0.0393652
-0.0378921
-0.0353441
-0.0317518
-0.026847
-0.0207908
-0.0133494
-0.00485874
-0.0253138
-0.0289424
-0.0319755
-0.0345606
-0.036946
-0.0392721
-0.0414843
-0.0434947
-0.0451287
-0.0463123
-0.0468683
-0.0467608
-0.0457631
-0.0438568
-0.0407561
-0.0364996
-0.0307781
-0.02378
-0.0152304
-0.00553054
-0.0331715
-0.0372324
-0.0404474
-0.0430489
-0.0453999
-0.0476997
-0.0498889
-0.0518567
-0.0533979
-0.0544301
-0.0547602
-0.0543585
-0.0529727
-0.0505853
-0.0468695
-0.0418719
-0.0352327
-0.0271728
-0.0173663
-0.00629486
-0.0419414
-0.0464694
-0.0498578
-0.0524465
-0.054735
-0.0569881
-0.0591381
-0.061047
-0.0624757
-0.0633351
-0.0634156
-0.0626938
-0.0608888
-0.0579844
-0.0536038
-0.0478028
-0.0401594
-0.030933
-0.0197346
-0.0071447
-0.05155
-0.0565655
-0.0601047
-0.0626409
-0.0648321
-0.0670146
-0.0691073
-0.0709399
-0.0722367
-0.0729044
-0.0727163
-0.0716573
-0.0694129
-0.0659679
-0.0608862
-0.0542337
-0.0455133
-0.0350298
-0.0223166
-0.00807464
-0.0619179
-0.067426
-0.0710779
-0.0735116
-0.075566
-0.0776523
-0.079669
-0.0814081
-0.0825551
-0.0830158
-0.082547
-0.0811438
-0.0784513
-0.0744548
-0.0686487
-0.0611108
-0.0512539
-0.0394363
-0.0250962
-0.00908037
-0.0729525
-0.0789459
-0.0826581
-0.0849303
-0.0868057
-0.0887713
-0.0906946
-0.0923246
-0.0933067
-0.0935505
-0.0927972
-0.0910532
-0.0879153
-0.0833688
-0.076828
-0.0683841
-0.0573443
-0.0441285
-0.0280591
-0.0101585
-0.0845602
-0.0910089
-0.0947143
-0.0967609
-0.098417
-0.100241
-0.102057
-0.103565
-0.104371
-0.104394
-0.103362
-0.101291
-0.0977213
-0.0926374
-0.0853642
-0.0760064
-0.0637506
-0.049084
-0.0311932
-0.0113064
-0.0966503
-0.103491
-0.107105
-0.10886
-0.110263
-0.111933
-0.113634
-0.115009
-0.11563
-0.115437
-0.114142
-0.111767
-0.10779
-0.102191
-0.0942002
-0.0839314
-0.0704403
-0.0542806
-0.0344879
-0.0125209
-0.109074
-0.116244
-0.119674
-0.121075
-0.122203
-0.123717
-0.125301
-0.126537
-0.126972
-0.126575
-0.125042
-0.122393
-0.118041
-0.11196
-0.103279
-0.0921111
-0.0773811
-0.0596937
-0.037934
-0.0137973
-0.121694
-0.129098
-0.132252
-0.13325
-0.134097
-0.135468
-0.136937
-0.138032
-0.138285
-0.137706
-0.135968
-0.13308
-0.128395
-0.121869
-0.112539
-0.100491
-0.0845374
-0.0652925
-0.0415238
-0.0151277
-0.134459
-0.141905
-0.144673
-0.145231
-0.145815
-0.147066
-0.148423
-0.149372
-0.149459
-0.14873
-0.146821
-0.143734
-0.138764
-0.131837
-0.121909
-0.109006
-0.0918651
-0.0710359
-0.0452489
-0.0164987
-0.147051
-0.154471
-0.156746
-0.156855
-0.157229
-0.158393
-0.15963
-0.160425
-0.160365
-0.159529
-0.157488
-0.154251
-0.149047
-0.141768
-0.1313
-0.117572
-0.0993044
-0.0768665
-0.0490962
-0.0178879
-0.159213
-0.166533
-0.168231
-0.167973
-0.168246
-0.16935
-0.170452
-0.17109
-0.170873
-0.169939
-0.16782
-0.164497
-0.15912
-0.151545
-0.140607
-0.126093
-0.106782
-0.0827151
-0.05305
-0.0192641
-0.171865
-0.178063
-0.178942
-0.178503
-0.17881
-0.179852
-0.180801
-0.181321
-0.18097
-0.179877
-0.17766
-0.174314
-0.168828
-0.161033
-0.1497
-0.134458
-0.114211
-0.0885088
-0.0571025
-0.0206102
-0.184769
-0.188697
-0.188535
-0.188077
-0.188495
-0.189461
-0.190271
-0.190803
-0.190578
-0.189448
-0.186847
-0.183421
-0.177819
-0.169871
-0.158218
-0.142345
-0.121321
-0.094033
-0.0611444
-0.0218818
-0.193645
-0.194857
-0.195039
-0.194586
-0.194965
-0.195886
-0.196561
-0.196936
-0.196466
-0.195379
-0.193059
-0.189806
-0.184207
-0.176285
-0.164515
-0.148289
-0.126845
-0.0983379
-0.0644861
-0.0227721
-0.198671
-0.199678
-0.200806
-0.200795
-0.201253
-0.202208
-0.202827
-0.2031
-0.202554
-0.201282
-0.198779
-0.195387
-0.189575
-0.181469
-0.169422
-0.152761
-0.130922
-0.101366
-0.0669658
-0.023244
-0.203835
-0.204515
-0.206184
-0.206501
-0.206916
-0.207786
-0.208282
-0.208359
-0.207545
-0.206279
-0.203829
-0.200392
-0.19442
-0.186181
-0.173867
-0.156809
-0.134596
-0.104015
-0.0692664
-0.0235135
-0.209029
-0.209326
-0.211241
-0.211868
-0.212228
-0.212944
-0.213316
-0.213286
-0.212466
-0.211086
-0.208537
-0.205042
-0.198928
-0.190608
-0.178058
-0.160679
-0.138143
-0.106573
-0.0716513
-0.0236716
-0.213663
-0.213865
-0.215849
-0.216727
-0.217061
-0.21759
-0.217809
-0.217613
-0.21664
-0.215371
-0.212747
-0.209208
-0.202986
-0.194627
-0.18186
-0.164238
-0.141421
-0.108932
-0.074051
-0.0236627
-0.217478
-0.218057
-0.219979
-0.220949
-0.221244
-0.221569
-0.221627
-0.221324
-0.220335
-0.219032
-0.216343
-0.212786
-0.206481
-0.198117
-0.185143
-0.167358
-0.144279
-0.110975
-0.076362
-0.0234176
-0.22064
-0.221919
-0.223617
-0.224455
-0.224663
-0.224798
-0.224707
-0.224326
-0.223308
-0.22198
-0.219278
-0.215722
-0.209358
-0.201006
-0.18783
-0.169962
-0.14662
-0.112634
-0.0785114
-0.0228851
-0.223468
-0.22545
-0.226689
-0.227194
-0.227276
-0.227265
-0.227063
-0.226631
-0.225631
-0.224264
-0.221563
-0.218002
-0.211595
-0.203254
-0.189881
-0.171996
-0.148368
-0.113865
-0.0804304
-0.0220231
-0.226292
-0.228481
-0.229051
-0.229166
-0.229138
-0.229037
-0.22877
-0.228309
-0.227355
-0.225933
-0.223233
-0.219648
-0.213206
-0.204852
-0.191285
-0.173427
-0.149475
-0.11464
-0.0820449
-0.020799
-0.228991
-0.230717
-0.230623
-0.230465
-0.230382
-0.230237
-0.229934
-0.229435
-0.228429
-0.227047
-0.224347
-0.220705
-0.214226
-0.205816
-0.192061
-0.174242
-0.149925
-0.114947
-0.0832806
-0.0191991
-0.231036
-0.232037
-0.231504
-0.231252
-0.231158
-0.23099
-0.230667
-0.230139
-0.229156
-0.227763
-0.22498
-0.221233
-0.214705
-0.206183
-0.192248
-0.174446
-0.149735
-0.114787
-0.0840673
-0.0172368
-0.232234
-0.232565
-0.231905
-0.231683
-0.231587
-0.2314
-0.231054
-0.230482
-0.229454
-0.227813
-0.225154
-0.221291
-0.214694
-0.206004
-0.191897
-0.174062
-0.148958
-0.114168
-0.0843433
-0.0149578
-0.232755
-0.232511
-0.231994
-0.231851
-0.231744
-0.231532
-0.231155
-0.23053
-0.229457
-0.22779
-0.225031
-0.220955
-0.214249
-0.205343
-0.191075
-0.173139
-0.147681
-0.113106
-0.0840622
-0.0124426
-0.233131
-0.232107
-0.231851
-0.231794
-0.231673
-0.231434
-0.231017
-0.230327
-0.229181
-0.227397
-0.224438
-0.220266
-0.213432
-0.204284
-0.189859
-0.171754
-0.146026
-0.111627
-0.0832047
-0.00980454
-0.232061
-0.231731
-0.231576
-0.231541
-0.231412
-0.231145
-0.230681
-0.229919
-0.228689
-0.226783
-0.223757
-0.219334
-0.212347
-0.202923
-0.188355
-0.170035
-0.144148
-0.109736
-0.0818214
-0.00718071
-0.231243
-0.231221
-0.231171
-0.231147
-0.231009
-0.230716
-0.230204
-0.22937
-0.228046
-0.22601
-0.222843
-0.21816
-0.211089
-0.201371
-0.186718
-0.168112
-0.142178
-0.107492
-0.0800602
-0.00469781
-0.230589
-0.23067
-0.230695
-0.23068
-0.230534
-0.230216
-0.229659
-0.228756
-0.227343
-0.225185
-0.221892
-0.217019
-0.209801
-0.199822
-0.185069
-0.166221
-0.140233
-0.105459
-0.0778725
-0.0024862
-0.230031
-0.230163
-0.230231
-0.23022
-0.230066
-0.229728
-0.229133
-0.228173
-0.226683
-0.224422
-0.221019
-0.215999
-0.208642
-0.198442
-0.183603
-0.164565
-0.138552
-0.103471
-0.0756308
-0.000881097
-0.229615
-0.229774
-0.229863
-0.229852
-0.229694
-0.22934
-0.228718
-0.227716
-0.226168
-0.223832
-0.220344
-0.215213
-0.207758
-0.197401
-0.182501
-0.163332
-0.13731
-0.101896
-0.0740137
-0.000139523
-0.229391
-0.229563
-0.229659
-0.229648
-0.229487
-0.229126
-0.228489
-0.227465
-0.225887
-0.223511
-0.219978
-0.214791
-0.20728
-0.196842
-0.181909
-0.162674
-0.136647
-0.101037
-0.0731707
-0.000142836
)
;

boundaryField
{
    inlet
    {
        type            zeroGradient;
    }
    outlet
    {
        type            fixedValue;
        value           uniform 0;
    }
    cylinder
    {
        type            zeroGradient;
    }
    top
    {
        type            symmetryPlane;
    }
    bottom
    {
        type            symmetryPlane;
    }
    defaultFaces
    {
        type            empty;
    }
}


// ************************************************************************* //
