2 	-3.93236 	-1.24028e-18 	-0.0154243
2 	-3.79943 	-3.9291e-18 	-0.0156392
2 	-3.67115 	-4.53626e-18 	-0.0160481
2 	-3.54734 	-6.87813e-18 	-0.0166337
2 	-3.42786 	-8.61286e-18 	-0.0173803
2 	-3.31256 	-9.9139e-18 	-0.0182749
2 	-3.20128 	-1.19088e-17 	-0.0193056
2 	-3.09388 	-1.32966e-17 	-0.0204625
2 	-2.99024 	-1.52915e-17 	-0.0217367
2 	-2.89021 	-1.72865e-17 	-0.0231207
2 	-2.79368 	-1.79804e-17 	-0.0246079
2 	-2.70052 	-1.79804e-17 	-0.0261931
2 	-2.61061 	-2.12763e-17 	-0.0278716
2 	-2.52385 	-2.39652e-17 	-0.0296402
2 	-2.44011 	-2.70877e-17 	-0.0314964
2 	-2.35929 	-3.15112e-17 	-0.0334385
2 	-2.2813 	-3.22051e-17 	-0.0354658
2 	-2.20604 	-3.22051e-17 	-0.0375786
2 	-2.1334 	-3.42e-17 	-0.0397778
2 	-2.06329 	-3.6195e-17 	-0.042065
2 	-1.99564 	-3.6195e-17 	-0.0444425
2 	-1.93035 	-3.6195e-17 	-0.0469133
2 	-1.86734 	-3.6195e-17 	-0.0494807
2 	-1.80652 	-3.55878e-17 	-0.0521485
2 	-1.74784 	-3.49807e-17 	-0.0549207
2 	-1.6912 	-3.56745e-17 	-0.0578016
2 	-1.63654 	-3.70623e-17 	-0.0607958
2 	-1.58379 	-3.84501e-17 	-0.0639077
2 	-1.53288 	-3.9144e-17 	-0.0671418
2 	-1.48375 	-3.9144e-17 	-0.0705024
2 	-1.43633 	-3.98379e-17 	-0.0739935
2 	-1.39057 	-4.05318e-17 	-0.0776186
2 	-1.34641 	-4.25267e-17 	-0.0813808
2 	-1.30379 	-4.52155e-17 	-0.0852825
2 	-1.26266 	-4.59094e-17 	-0.0893256
2 	-1.22296 	-4.48686e-17 	-0.0935104
2 	-1.18466 	-4.38277e-17 	-0.0978374
2 	-1.14768 	-4.38277e-17 	-0.102326
2 	-1.112 	-4.38277e-17 	-0.106992
2 	-1.07757 	-4.38277e-17 	-0.111491
2 	-1.03863 	-4.20514e-17 	-0.115932
2 	-1.01586 	-3.9958e-17 	-0.114963
2 	-0.993217 	-4.09841e-17 	-0.145168
2 	-0.948059 	-4.40032e-17 	-0.142829
2 	-0.900995 	-4.85292e-17 	-0.141436
2 	-0.876272 	-5.07208e-17 	-0.140552
2 	-0.851886 	-4.48071e-17 	-0.17593
2 	-0.803473 	-3.76615e-17 	-0.177266
2 	-0.753096 	-3.74524e-17 	-0.179023
2 	-0.71814 	-3.83767e-17 	-0.181328
2 	-0.692197 	-3.7545e-17 	-0.224061
2 	-0.649352 	-3.747e-17 	-0.229226
2 	-0.596093 	-3.59978e-17 	-0.234789
2 	-0.541991 	-3.50827e-17 	-0.240689
2 	-0.502352 	-3.52256e-17 	-0.246817
2 	-0.474727 	-3.50998e-17 	-0.299137
2 	-0.431525 	-3.67761e-17 	-0.30605
2 	-0.375304 	-3.95517e-17 	-0.311888
2 	-0.318526 	-3.87104e-17 	-0.31624
2 	-0.261272 	-3.63218e-17 	-0.318651
2 	-0.203624 	-3.69048e-17 	-0.318633
2 	-0.145668 	-3.87722e-17 	-0.315679
2 	-0.0874897 	-3.70676e-17 	-0.309315
2 	-0.0291781 	-3.87305e-17 	-0.299067
2 	0.0291781 	-4.8098e-17 	-0.284561
2 	0.0874897 	-4.85168e-17 	-0.26575
2 	0.145668 	-4.38029e-17 	-0.242995
2 	0.203624 	-4.08946e-17 	-0.217078
2 	0.261272 	-4.15259e-17 	-0.189159
2 	0.318526 	-4.21799e-17 	-0.161059
2 	0.375304 	-3.7817e-17 	-0.135
2 	0.431525 	-3.46945e-17 	-0.112081
2 	0.474727 	-3.39422e-17 	-0.0929546
2 	0.502352 	-3.37209e-17 	-0.104445
2 	0.541991 	-3.71644e-17 	-0.0913138
2 	0.596093 	-4.32836e-17 	-0.0811209
2 	0.649352 	-4.85723e-17 	-0.0736342
2 	0.692197 	-5.188e-17 	-0.0685554
2 	0.71814 	-5.30587e-17 	-0.08795
2 	0.753096 	-5.38455e-17 	-0.0835264
2 	0.803473 	-5.30138e-17 	-0.0802763
2 	0.851886 	-5.30313e-17 	-0.0778943
2 	0.876272 	-5.3047e-17 	-0.0960932
2 	0.900995 	-5.11313e-17 	-0.0916824
2 	0.948059 	-5.04217e-17 	-0.0876673
2 	0.993217 	-5.19971e-17 	-0.0839838
2 	1.01586 	-5.37466e-17 	-0.097426
2 	1.03863 	-5.34138e-17 	-0.0916992
2 	1.07757 	-5.19809e-17 	-0.0902911
2 	1.112 	-5.19809e-17 	-0.0890459
2 	1.14768 	-5.19809e-17 	-0.0876174
2 	1.18466 	-5.19809e-17 	-0.0859331
2 	1.22296 	-5.19809e-17 	-0.0840583
2 	1.26266 	-5.06799e-17 	-0.0820354
2 	1.30379 	-4.87717e-17 	-0.0798841
2 	1.34641 	-4.88584e-17 	-0.0776213
2 	1.39057 	-4.95523e-17 	-0.0752613
2 	1.43633 	-5.02462e-17 	-0.0728144
2 	1.48375 	-5.09401e-17 	-0.0702881
2 	1.53288 	-5.22412e-17 	-0.0676894
2 	1.58379 	-5.2935e-17 	-0.0650249
2 	1.63654 	-5.30218e-17 	-0.0623019
2 	1.6912 	-5.57106e-17 	-0.0595283
2 	1.74784 	-5.77055e-17 	-0.0567127
2 	1.80652 	-5.83994e-17 	-0.0538639
2 	1.86734 	-5.77923e-17 	-0.0509913
2 	1.93035 	-5.64912e-17 	-0.0481047
2 	1.99564 	-5.64912e-17 	-0.0452146
2 	2.06329 	-5.47565e-17 	-0.0423317
2 	2.1334 	-5.30218e-17 	-0.0394673
2 	2.20604 	-5.17207e-17 	-0.0366331
2 	2.2813 	-5.04197e-17 	-0.033841
2 	2.35929 	-5.04197e-17 	-0.0311032
2 	2.44011 	-5.04197e-17 	-0.0284321
2 	2.52385 	-5.17207e-17 	-0.0258399
2 	2.61061 	-5.17207e-17 	-0.0233391
2 	2.70052 	-5.04197e-17 	-0.020942
2 	2.79368 	-5.04197e-17 	-0.0186612
2 	2.89021 	-5.11136e-17 	-0.0165091
2 	2.99024 	-5.12003e-17 	-0.0144985
2 	3.09388 	-5.05932e-17 	-0.0126427
2 	3.20128 	-5.05932e-17 	-0.0109554
2 	3.31256 	-5.05932e-17 	-0.00945123
2 	3.42786 	-5.05932e-17 	-0.00814593
2 	3.54734 	-5.12871e-17 	-0.00705682
2 	3.67115 	-5.26748e-17 	-0.00620314
2 	3.79943 	-5.33687e-17 	-0.00560749
2 	3.93236 	-5.3603e-17 	-0.00529418
