2 	-3.93236 	-1.24028e-18 	-0.0391913
2 	-3.79943 	-3.9291e-18 	-0.0394942
2 	-3.67115 	-4.53626e-18 	-0.0400671
2 	-3.54734 	-6.87813e-18 	-0.0408841
2 	-3.42786 	-8.61286e-18 	-0.0419184
2 	-3.31256 	-9.9139e-18 	-0.0431458
2 	-3.20128 	-1.19088e-17 	-0.0445436
2 	-3.09388 	-1.32966e-17 	-0.0460897
2 	-2.99024 	-1.52915e-17 	-0.0477626
2 	-2.89021 	-1.72865e-17 	-0.0495411
2 	-2.79368 	-1.79804e-17 	-0.0514039
2 	-2.70052 	-1.79804e-17 	-0.0533298
2 	-2.61061 	-2.12763e-17 	-0.0552972
2 	-2.52385 	-2.39652e-17 	-0.0572845
2 	-2.44011 	-2.70877e-17 	-0.0592695
2 	-2.35929 	-3.15112e-17 	-0.06123
2 	-2.2813 	-3.22051e-17 	-0.0631433
2 	-2.20604 	-3.22051e-17 	-0.0649868
2 	-2.1334 	-3.42e-17 	-0.0667377
2 	-2.06329 	-3.6195e-17 	-0.0683735
2 	-1.99564 	-3.6195e-17 	-0.0698721
2 	-1.93035 	-3.6195e-17 	-0.0712116
2 	-1.86734 	-3.6195e-17 	-0.0723711
2 	-1.80652 	-3.55878e-17 	-0.07333
2 	-1.74784 	-3.49807e-17 	-0.074069
2 	-1.6912 	-3.56745e-17 	-0.0745696
2 	-1.63654 	-3.70623e-17 	-0.0748148
2 	-1.58379 	-3.84501e-17 	-0.074789
2 	-1.53288 	-3.9144e-17 	-0.0744786
2 	-1.48375 	-3.9144e-17 	-0.0738718
2 	-1.43633 	-3.98379e-17 	-0.0729591
2 	-1.39057 	-4.05318e-17 	-0.071733
2 	-1.34641 	-4.25267e-17 	-0.0701893
2 	-1.30379 	-4.52155e-17 	-0.0683275
2 	-1.26266 	-4.59094e-17 	-0.0661525
2 	-1.22296 	-4.48686e-17 	-0.0636727
2 	-1.18466 	-4.38277e-17 	-0.060897
2 	-1.14768 	-4.38277e-17 	-0.0578463
2 	-1.112 	-4.38277e-17 	-0.0546064
2 	-1.07757 	-4.38277e-17 	-0.0513996
2 	-1.03863 	-4.20514e-17 	-0.047836
2 	-1.01586 	-3.9958e-17 	-0.0411744
2 	-0.993217 	-4.09841e-17 	-0.0457944
2 	-0.948059 	-4.40032e-17 	-0.0384111
2 	-0.900995 	-4.85292e-17 	-0.031688
2 	-0.876272 	-5.07208e-17 	-0.0262021
2 	-0.851886 	-4.48071e-17 	-0.0316319
2 	-0.803473 	-3.76615e-17 	-0.027031
2 	-0.753096 	-3.74524e-17 	-0.0252732
2 	-0.71814 	-3.83767e-17 	-0.027084
2 	-0.692197 	-3.7545e-17 	-0.0346131
2 	-0.649352 	-3.747e-17 	-0.0399642
2 	-0.596093 	-3.59978e-17 	-0.050561
2 	-0.541991 	-3.50827e-17 	-0.0668638
2 	-0.502352 	-3.52256e-17 	-0.0893261
2 	-0.474727 	-3.50998e-17 	-0.0991752
2 	-0.431525 	-3.67761e-17 	-0.125899
2 	-0.375304 	-3.95517e-17 	-0.158659
2 	-0.318526 	-3.87104e-17 	-0.195728
2 	-0.261272 	-3.63218e-17 	-0.235858
2 	-0.203624 	-3.69048e-17 	-0.277271
2 	-0.145668 	-3.87722e-17 	-0.318343
2 	-0.0874897 	-3.70676e-17 	-0.357592
2 	-0.0291781 	-3.87305e-17 	-0.393801
2 	0.0291781 	-4.8098e-17 	-0.426133
2 	0.0874897 	-4.85168e-17 	-0.453951
2 	0.145668 	-4.38029e-17 	-0.476759
2 	0.203624 	-4.08946e-17 	-0.494288
2 	0.261272 	-4.15259e-17 	-0.506435
2 	0.318526 	-4.21799e-17 	-0.51325
2 	0.375304 	-3.7817e-17 	-0.514923
2 	0.431525 	-3.46945e-17 	-0.51179
2 	0.474727 	-3.39422e-17 	-0.504297
2 	0.502352 	-3.37209e-17 	-0.477588
2 	0.541991 	-3.71644e-17 	-0.466915
2 	0.596093 	-4.32836e-17 	-0.453282
2 	0.649352 	-4.85723e-17 	-0.43732
2 	0.692197 	-5.188e-17 	-0.419704
2 	0.71814 	-5.30587e-17 	-0.389458
2 	0.753096 	-5.38455e-17 	-0.373491
2 	0.803473 	-5.30138e-17 	-0.357401
2 	0.851886 	-5.30313e-17 	-0.341633
2 	0.876272 	-5.3047e-17 	-0.313668
2 	0.900995 	-5.11313e-17 	-0.301617
2 	0.948059 	-5.04217e-17 	-0.290575
2 	0.993217 	-5.19971e-17 	-0.280566
2 	1.01586 	-5.37466e-17 	-0.256868
2 	1.03863 	-5.34138e-17 	-0.247269
2 	1.07757 	-5.19809e-17 	-0.238151
2 	1.112 	-5.19809e-17 	-0.228584
2 	1.14768 	-5.19809e-17 	-0.218705
2 	1.18466 	-5.19809e-17 	-0.209179
2 	1.22296 	-5.19809e-17 	-0.199967
2 	1.26266 	-5.06799e-17 	-0.191032
2 	1.30379 	-4.87717e-17 	-0.182381
2 	1.34641 	-4.88584e-17 	-0.174015
2 	1.39057 	-4.95523e-17 	-0.165934
2 	1.43633 	-5.02462e-17 	-0.158136
2 	1.48375 	-5.09401e-17 	-0.150618
2 	1.53288 	-5.22412e-17 	-0.143377
2 	1.58379 	-5.2935e-17 	-0.136408
2 	1.63654 	-5.30218e-17 	-0.129707
2 	1.6912 	-5.57106e-17 	-0.123271
2 	1.74784 	-5.77055e-17 	-0.117092
2 	1.80652 	-5.83994e-17 	-0.111167
2 	1.86734 	-5.77923e-17 	-0.10549
2 	1.93035 	-5.64912e-17 	-0.100057
2 	1.99564 	-5.64912e-17 	-0.0948612
2 	2.06329 	-5.47565e-17 	-0.0898998
2 	2.1334 	-5.30218e-17 	-0.0851683
2 	2.20604 	-5.17207e-17 	-0.0806632
2 	2.2813 	-5.04197e-17 	-0.0763812
2 	2.35929 	-5.04197e-17 	-0.0723199
2 	2.44011 	-5.04197e-17 	-0.0684772
2 	2.52385 	-5.17207e-17 	-0.0648518
2 	2.61061 	-5.17207e-17 	-0.0614432
2 	2.70052 	-5.04197e-17 	-0.0582517
2 	2.79368 	-5.04197e-17 	-0.0552785
2 	2.89021 	-5.11136e-17 	-0.052526
2 	2.99024 	-5.12003e-17 	-0.0499977
2 	3.09388 	-5.05932e-17 	-0.0476986
2 	3.20128 	-5.05932e-17 	-0.0456353
2 	3.31256 	-5.05932e-17 	-0.0438165
2 	3.42786 	-5.05932e-17 	-0.0422532
2 	3.54734 	-5.12871e-17 	-0.0409589
2 	3.67115 	-5.26748e-17 	-0.0399507
2 	3.79943 	-5.33687e-17 	-0.0392503
2 	3.93236 	-5.3603e-17 	-0.0388833
