0.0025 	0.099 	0.005 	0.299604 	0.146091 	0
0.0075 	0.099 	0.005 	0.396272 	0.127503 	0
0.0125 	0.099 	0.005 	0.55742 	0.0760895 	0
0.0175 	0.099 	0.005 	0.674487 	0.0437233 	0
0.0225 	0.099 	0.005 	0.743889 	0.0255721 	0
0.0275 	0.099 	0.005 	0.787154 	0.0152422 	0
0.0325 	0.099 	0.005 	0.815486 	0.00921237 	0
0.0375 	0.099 	0.005 	0.833956 	0.00550944 	0
0.0425 	0.099 	0.005 	0.845386 	0.00302719 	0
0.0475 	0.099 	0.005 	0.851372 	0.00114935 	0
0.0525 	0.099 	0.005 	0.852667 	-0.000499394 	0
0.0575 	0.099 	0.005 	0.849383 	-0.00221509 	0
0.0625 	0.099 	0.005 	0.841 	-0.00433859 	0
0.0675 	0.099 	0.005 	0.826141 	-0.00742411 	0
0.0725 	0.099 	0.005 	0.802078 	-0.0125323 	0
0.0775 	0.099 	0.005 	0.763621 	-0.0217729 	0
0.0825 	0.099 	0.005 	0.699108 	-0.0392829 	0
0.0875 	0.099 	0.005 	0.583952 	-0.0726601 	0
0.0925 	0.099 	0.005 	0.415827 	-0.127868 	0
0.0975 	0.099 	0.005 	0.308819 	-0.149468 	0
