/*--------------------------------*- C++ -*----------------------------------*\
  =========                 |
  \\      /  F ield         | OpenFOAM: The Open Source CFD Toolbox
   \\    /   O peration     | Website:  https://openfoam.org
    \\  /    A nd           | Version:  7
     \\/     M anipulation  |
\*---------------------------------------------------------------------------*/
FoamFile
{
    version     2.0;
    format      ascii;
    class       volScalarField;
    location    "5";
    object      p;
}
// * * * * * * * * * * * * * * * * * * * * * * * * * * * * * * * * * * * * * //

dimensions      [0 2 -2 0 0 0 0];

internalField   nonuniform List<scalar> 
5600
(
-0.349922
-0.362959
-0.372611
-0.39043
-0.412742
-0.438497
-0.463364
-0.481164
-0.485818
-0.454638
-0.35113
-0.363873
-0.37355
-0.39141
-0.413872
-0.439916
-0.465363
-0.483699
-0.490322
-0.459062
-0.353465
-0.365628
-0.375337
-0.39325
-0.415968
-0.442507
-0.469027
-0.488216
-0.498567
-0.467078
-0.356773
-0.368084
-0.377799
-0.395727
-0.418728
-0.445816
-0.473752
-0.493763
-0.509223
-0.478175
-0.360846
-0.371057
-0.380706
-0.398543
-0.42175
-0.449257
-0.47875
-0.499193
-0.520538
-0.48933
-0.365445
-0.374334
-0.383797
-0.40136
-0.424594
-0.452204
-0.483157
-0.503389
-0.530744
-0.49915
-0.370321
-0.377705
-0.386808
-0.403845
-0.426833
-0.454095
-0.48615
-0.505546
-0.538056
-0.506291
-0.375241
-0.380982
-0.389507
-0.405708
-0.428107
-0.45454
-0.487024
-0.505726
-0.54064
-0.509903
-0.380004
-0.384013
-0.391713
-0.406739
-0.428173
-0.453468
-0.485247
-0.503358
-0.538907
-0.509599
-0.384454
-0.386694
-0.393316
-0.406836
-0.4269
-0.450749
-0.481247
-0.498355
-0.533034
-0.505631
-0.388488
-0.38898
-0.394277
-0.405984
-0.424344
-0.4465
-0.4754
-0.491402
-0.523517
-0.498396
-0.392052
-0.390874
-0.394626
-0.404277
-0.420685
-0.44105
-0.468129
-0.483135
-0.511228
-0.488155
-0.395145
-0.392416
-0.394465
-0.4019
-0.416206
-0.434805
-0.460009
-0.473969
-0.497135
-0.47507
-0.397811
-0.393681
-0.393939
-0.399098
-0.411266
-0.428174
-0.451471
-0.464138
-0.482025
-0.459459
-0.400134
-0.394765
-0.393224
-0.396148
-0.406249
-0.421561
-0.442798
-0.453788
-0.466334
-0.441937
-0.402233
-0.395783
-0.392508
-0.39333
-0.401505
-0.415247
-0.434115
-0.443037
-0.450179
-0.42329
-0.404255
-0.396857
-0.391981
-0.390898
-0.397311
-0.409398
-0.425454
-0.431943
-0.433507
-0.404249
-0.406365
-0.398114
-0.391822
-0.389055
-0.393803
-0.404088
-0.416824
-0.420496
-0.416173
-0.385408
-0.408737
-0.399684
-0.392187
-0.387928
-0.390998
-0.399322
-0.408229
-0.408685
-0.398113
-0.367338
-0.411538
-0.401685
-0.393196
-0.38754
-0.388864
-0.395013
-0.399681
-0.396566
-0.379893
-0.350562
-0.414912
-0.404225
-0.394909
-0.387828
-0.38737
-0.390973
-0.391185
-0.384274
-0.36312
-0.33497
-0.418973
-0.40739
-0.397301
-0.388703
-0.386458
-0.386979
-0.382722
-0.37197
-0.348371
-0.320844
-0.423808
-0.411229
-0.400271
-0.390131
-0.385963
-0.382854
-0.374276
-0.360007
-0.334809
-0.307652
-0.429482
-0.415752
-0.403687
-0.392113
-0.385633
-0.378497
-0.365868
-0.348452
-0.322253
-0.295608
-0.436034
-0.420917
-0.40747
-0.394601
-0.385218
-0.373869
-0.357508
-0.337376
-0.310498
-0.284236
-0.44349
-0.42663
-0.411652
-0.397419
-0.384533
-0.368957
-0.349207
-0.32675
-0.299392
-0.273507
-0.451861
-0.432761
-0.416358
-0.400294
-0.383456
-0.363765
-0.340963
-0.316526
-0.288829
-0.263224
-0.461137
-0.439191
-0.4217
-0.402956
-0.381903
-0.358293
-0.332758
-0.306634
-0.278691
-0.253319
-0.47126
-0.44585
-0.427666
-0.405215
-0.379812
-0.352533
-0.324564
-0.296998
-0.268884
-0.243685
-0.482098
-0.452737
-0.434045
-0.406956
-0.377135
-0.346468
-0.316339
-0.287542
-0.259314
-0.234248
-0.493437
-0.459902
-0.440458
-0.408094
-0.37384
-0.340068
-0.308035
-0.278189
-0.249897
-0.224933
-0.504995
-0.467405
-0.446452
-0.408536
-0.369903
-0.333298
-0.299596
-0.268867
-0.240557
-0.215678
-0.51646
-0.475269
-0.451607
-0.408169
-0.365297
-0.326119
-0.290964
-0.259504
-0.231223
-0.206424
-0.527523
-0.48342
-0.455602
-0.406868
-0.359991
-0.31849
-0.282082
-0.250037
-0.221831
-0.197121
-0.537906
-0.491662
-0.458237
-0.404508
-0.353942
-0.310367
-0.272895
-0.240405
-0.212326
-0.187723
-0.547363
-0.499665
-0.459398
-0.400985
-0.347103
-0.301709
-0.263351
-0.230552
-0.202654
-0.17819
-0.555688
-0.507
-0.459027
-0.396217
-0.339421
-0.292469
-0.253402
-0.220431
-0.19277
-0.16849
-0.562704
-0.513192
-0.457078
-0.390146
-0.330843
-0.282603
-0.243005
-0.209996
-0.182636
-0.158601
-0.568257
-0.517788
-0.45349
-0.382731
-0.32132
-0.272068
-0.23212
-0.199211
-0.172224
-0.148521
-0.572208
-0.520404
-0.448184
-0.373938
-0.310811
-0.260826
-0.220714
-0.188039
-0.161511
-0.138263
-0.574416
-0.520732
-0.441078
-0.363742
-0.299281
-0.248842
-0.208757
-0.176452
-0.150475
-0.127815
-0.574733
-0.518549
-0.432097
-0.352118
-0.286702
-0.23609
-0.196224
-0.164426
-0.139096
-0.11709
-0.572993
-0.513699
-0.421181
-0.339049
-0.273057
-0.222547
-0.18309
-0.151945
-0.127376
-0.10595
-0.569011
-0.506085
-0.408287
-0.324522
-0.258331
-0.208191
-0.169333
-0.139005
-0.115345
-0.0943437
-0.562591
-0.495645
-0.393384
-0.30853
-0.24251
-0.193001
-0.154945
-0.125618
-0.102984
-0.0824862
-0.553531
-0.482349
-0.37646
-0.291066
-0.22557
-0.176976
-0.139965
-0.111836
-0.0901635
-0.0705165
-0.541635
-0.466191
-0.357518
-0.272123
-0.207493
-0.160165
-0.12447
-0.0976222
-0.0769288
-0.0583764
-0.526728
-0.447177
-0.336572
-0.251711
-0.188328
-0.142677
-0.108387
-0.0829647
-0.0633469
-0.0460349
-0.508661
-0.425328
-0.313625
-0.229893
-0.168259
-0.124379
-0.0917476
-0.0678809
-0.0494602
-0.0334904
-0.487331
-0.400693
-0.288665
-0.206802
-0.147243
-0.10533
-0.0745815
-0.052401
-0.0352985
-0.0207635
-0.46268
-0.37339
-0.261712
-0.182503
-0.125279
-0.085592
-0.0569254
-0.0365604
-0.0208927
-0.00788617
-0.434705
-0.343613
-0.232977
-0.156854
-0.102426
-0.0652248
-0.0388232
-0.0203988
-0.00627908
0.00509905
-0.403455
-0.311453
-0.202543
-0.129963
-0.0787488
-0.0442918
-0.0203256
-0.0039593
0.00850159
0.0181411
-0.369052
-0.276644
-0.17077
-0.101988
-0.0543262
-0.0228602
-0.00148982
0.012712
0.0234089
0.0311936
-0.33171
-0.239172
-0.137796
-0.0730866
-0.0292489
-0.00100346
0.0176216
0.0295674
0.0384061
0.0442294
-0.29158
-0.199455
-0.103575
-0.0434005
-0.00362078
0.0211982
0.0369434
0.0465605
0.0534481
0.057184
-0.248501
-0.158267
-0.0682253
-0.0130587
0.0224457
0.0436587
0.0564127
0.0636463
0.0684362
0.0697839
-0.202727
-0.116051
-0.0319555
0.0178074
0.0488332
0.0662891
0.0759726
0.080773
0.0831759
0.0815147
-0.154814
-0.0728541
0.0050122
0.0490541
0.0754196
0.0889986
0.095564
0.0978586
0.0974529
0.0922021
-0.105157
-0.0288293
0.0424554
0.0805253
0.102079
0.111693
0.115107
0.114766
0.111222
0.102956
-0.0541589
0.0157914
0.0801502
0.112056
0.128682
0.134274
0.134493
0.131336
0.124568
0.116184
-0.00223595
0.0607333
0.117869
0.143475
0.155095
0.156635
0.153609
0.147524
0.138008
0.129538
0.0501863
0.105699
0.155381
0.174605
0.181182
0.178664
0.17236
0.163367
0.151527
0.142391
0.102676
0.150378
0.192451
0.205269
0.206805
0.200244
0.190663
0.17884
0.16494
0.154767
0.1548
0.194457
0.228845
0.235286
0.231823
0.221264
0.208437
0.193891
0.178065
0.166579
0.206125
0.237619
0.264328
0.264476
0.256095
0.241611
0.225604
0.208448
0.190785
0.177821
0.256228
0.279554
0.298668
0.292663
0.279483
0.261177
0.242082
0.222434
0.202998
0.188465
0.304693
0.319956
0.331641
0.319672
0.301851
0.279854
0.25779
0.235772
0.214629
0.19849
0.35112
0.35853
0.363027
0.345335
0.323066
0.29754
0.272645
0.248388
0.225611
0.207868
0.395129
0.394992
0.392614
0.369488
0.343004
0.314136
0.28657
0.260214
0.235888
0.216572
0.436366
0.429068
0.420203
0.391978
0.361544
0.329549
0.29949
0.271184
0.245405
0.224575
0.474503
0.460497
0.445606
0.41266
0.378572
0.343689
0.311334
0.281239
0.254115
0.231852
0.509231
0.489045
0.468648
0.431399
0.393986
0.356476
0.322036
0.290322
0.261973
0.238379
0.540267
0.514499
0.48917
0.448075
0.40769
0.367835
0.331536
0.298385
0.26894
0.244135
0.567357
0.536674
0.507032
0.462577
0.419599
0.3777
0.339782
0.305381
0.27498
0.249102
0.59028
0.555405
0.522109
0.474811
0.42964
0.386011
0.346727
0.311273
0.280062
0.253263
0.608847
0.570557
0.534298
0.484696
0.437749
0.39272
0.352331
0.316027
0.28416
0.256607
0.622908
0.582018
0.543514
0.492168
0.443876
0.397788
0.356562
0.319616
0.287252
0.259123
0.632346
0.589706
0.549694
0.497176
0.447982
0.401183
0.359397
0.32202
0.289323
0.260804
0.637084
0.593564
0.552795
0.499689
0.450041
0.402886
0.360818
0.323226
0.290361
0.261646
0.637084
0.593564
0.552795
0.499689
0.450041
0.402886
0.360818
0.323226
0.290361
0.261646
0.632346
0.589706
0.549694
0.497176
0.447982
0.401183
0.359397
0.32202
0.289323
0.260804
0.622908
0.582018
0.543514
0.492168
0.443876
0.397788
0.356562
0.319616
0.287252
0.259123
0.608847
0.570557
0.534298
0.484696
0.437749
0.39272
0.352331
0.316027
0.28416
0.256607
0.59028
0.555405
0.522109
0.474811
0.42964
0.386011
0.346727
0.311273
0.280062
0.253263
0.567357
0.536674
0.507032
0.462577
0.419599
0.3777
0.339782
0.305381
0.27498
0.249102
0.540267
0.514499
0.48917
0.448075
0.40769
0.367835
0.331536
0.298385
0.26894
0.244135
0.509231
0.489045
0.468648
0.431399
0.393986
0.356476
0.322036
0.290322
0.261973
0.238379
0.474503
0.460497
0.445606
0.41266
0.378572
0.343689
0.311334
0.281239
0.254115
0.231852
0.436366
0.429068
0.420203
0.391978
0.361544
0.329549
0.29949
0.271184
0.245405
0.224575
0.395129
0.394992
0.392614
0.369488
0.343004
0.314136
0.28657
0.260214
0.235888
0.216572
0.35112
0.35853
0.363027
0.345335
0.323066
0.29754
0.272645
0.248388
0.225611
0.207868
0.304693
0.319956
0.331641
0.319672
0.301851
0.279854
0.25779
0.235772
0.214629
0.19849
0.256228
0.279554
0.298668
0.292663
0.279483
0.261177
0.242082
0.222434
0.202998
0.188465
0.206125
0.237619
0.264328
0.264476
0.256095
0.241611
0.225604
0.208448
0.190785
0.177821
0.1548
0.194457
0.228845
0.235286
0.231823
0.221264
0.208437
0.193891
0.178065
0.166579
0.102676
0.150378
0.192451
0.205269
0.206805
0.200244
0.190663
0.17884
0.16494
0.154767
0.0501864
0.105699
0.155381
0.174605
0.181183
0.178664
0.172361
0.163367
0.151527
0.142391
-0.00223589
0.0607333
0.117869
0.143475
0.155095
0.156635
0.153609
0.147524
0.138008
0.129538
-0.0541588
0.0157914
0.0801502
0.112056
0.128682
0.134275
0.134493
0.131336
0.124568
0.116184
-0.105157
-0.0288292
0.0424555
0.0805254
0.102079
0.111694
0.115107
0.114766
0.111222
0.102956
-0.154813
-0.072854
0.00501227
0.0490541
0.0754197
0.0889986
0.095564
0.0978587
0.0974529
0.0922021
-0.202727
-0.11605
-0.0319555
0.0178075
0.0488332
0.0662892
0.0759727
0.0807731
0.083176
0.0815148
-0.248501
-0.158267
-0.0682253
-0.0130586
0.0224458
0.0436588
0.0564128
0.0636463
0.0684362
0.069784
-0.29158
-0.199455
-0.103575
-0.0434004
-0.00362072
0.0211982
0.0369435
0.0465606
0.0534481
0.057184
-0.33171
-0.239172
-0.137796
-0.0730865
-0.0292488
-0.0010034
0.0176217
0.0295675
0.0384062
0.0442294
-0.369052
-0.276644
-0.17077
-0.101987
-0.0543262
-0.0228601
-0.00148975
0.012712
0.0234089
0.0311937
-0.403455
-0.311453
-0.202543
-0.129963
-0.0787487
-0.0442917
-0.0203255
-0.00395923
0.00850165
0.0181412
-0.434705
-0.343613
-0.232977
-0.156854
-0.102426
-0.0652248
-0.0388231
-0.0203987
-0.00627901
0.00509911
-0.46268
-0.37339
-0.261712
-0.182502
-0.125279
-0.0855919
-0.0569254
-0.0365603
-0.0208927
-0.00788611
-0.487331
-0.400693
-0.288665
-0.206802
-0.147243
-0.10533
-0.0745814
-0.0524009
-0.0352985
-0.0207634
-0.508661
-0.425328
-0.313625
-0.229892
-0.168259
-0.124379
-0.0917475
-0.0678808
-0.0494601
-0.0334903
-0.526728
-0.447177
-0.336572
-0.251711
-0.188328
-0.142676
-0.108387
-0.0829646
-0.0633468
-0.0460348
-0.541635
-0.466191
-0.357518
-0.272123
-0.207493
-0.160165
-0.12447
-0.0976221
-0.0769288
-0.0583763
-0.553531
-0.482349
-0.37646
-0.291066
-0.22557
-0.176976
-0.139965
-0.111835
-0.0901634
-0.0705164
-0.562591
-0.495644
-0.393384
-0.30853
-0.24251
-0.193001
-0.154945
-0.125618
-0.102983
-0.0824861
-0.569011
-0.506084
-0.408286
-0.324522
-0.258331
-0.208191
-0.169333
-0.139005
-0.115345
-0.0943436
-0.572993
-0.513699
-0.421181
-0.339049
-0.273056
-0.222547
-0.18309
-0.151945
-0.127376
-0.10595
-0.574733
-0.518549
-0.432097
-0.352118
-0.286702
-0.23609
-0.196224
-0.164425
-0.139095
-0.11709
-0.574416
-0.520732
-0.441077
-0.363742
-0.299281
-0.248842
-0.208757
-0.176452
-0.150475
-0.127815
-0.572208
-0.520404
-0.448184
-0.373938
-0.310811
-0.260826
-0.220714
-0.188039
-0.161511
-0.138263
-0.568257
-0.517788
-0.45349
-0.38273
-0.32132
-0.272068
-0.23212
-0.199211
-0.172224
-0.148521
-0.562704
-0.513192
-0.457078
-0.390146
-0.330842
-0.282603
-0.243005
-0.209996
-0.182636
-0.158601
-0.555688
-0.507
-0.459027
-0.396217
-0.339421
-0.292469
-0.253402
-0.220431
-0.19277
-0.16849
-0.547363
-0.499665
-0.459398
-0.400985
-0.347103
-0.301708
-0.263351
-0.230552
-0.202654
-0.17819
-0.537905
-0.491662
-0.458237
-0.404508
-0.353942
-0.310367
-0.272895
-0.240405
-0.212326
-0.187723
-0.527523
-0.48342
-0.455602
-0.406868
-0.359991
-0.31849
-0.282082
-0.250037
-0.221831
-0.197121
-0.51646
-0.475268
-0.451606
-0.408169
-0.365297
-0.326119
-0.290964
-0.259504
-0.231222
-0.206424
-0.504995
-0.467405
-0.446452
-0.408536
-0.369903
-0.333298
-0.299596
-0.268866
-0.240557
-0.215678
-0.493437
-0.459902
-0.440458
-0.408094
-0.37384
-0.340068
-0.308035
-0.278189
-0.249897
-0.224933
-0.482098
-0.452737
-0.434044
-0.406956
-0.377135
-0.346468
-0.316339
-0.287542
-0.259314
-0.234248
-0.47126
-0.44585
-0.427665
-0.405215
-0.379812
-0.352533
-0.324564
-0.296998
-0.268884
-0.243685
-0.461137
-0.439191
-0.4217
-0.402956
-0.381903
-0.358292
-0.332758
-0.306634
-0.278691
-0.253319
-0.451861
-0.432761
-0.416358
-0.400294
-0.383456
-0.363765
-0.340962
-0.316525
-0.288829
-0.263224
-0.44349
-0.426629
-0.411652
-0.397419
-0.384532
-0.368957
-0.349207
-0.32675
-0.299392
-0.273507
-0.436034
-0.420917
-0.40747
-0.394601
-0.385218
-0.373869
-0.357507
-0.337376
-0.310498
-0.284236
-0.429482
-0.415752
-0.403687
-0.392113
-0.385633
-0.378497
-0.365868
-0.348451
-0.322253
-0.295608
-0.423808
-0.411229
-0.400271
-0.39013
-0.385963
-0.382854
-0.374275
-0.360006
-0.334809
-0.307652
-0.418973
-0.40739
-0.397301
-0.388703
-0.386458
-0.386979
-0.382722
-0.37197
-0.348371
-0.320844
-0.414912
-0.404225
-0.394909
-0.387828
-0.38737
-0.390973
-0.391185
-0.384273
-0.363119
-0.33497
-0.411538
-0.401685
-0.393196
-0.38754
-0.388863
-0.395013
-0.399681
-0.396565
-0.379893
-0.350562
-0.408737
-0.399684
-0.392187
-0.387928
-0.390998
-0.399322
-0.408229
-0.408684
-0.398113
-0.367338
-0.406365
-0.398114
-0.391821
-0.389055
-0.393803
-0.404088
-0.416824
-0.420496
-0.416173
-0.385408
-0.404255
-0.396857
-0.391981
-0.390897
-0.397311
-0.409398
-0.425454
-0.431943
-0.433507
-0.404249
-0.402233
-0.395783
-0.392508
-0.39333
-0.401505
-0.415246
-0.434115
-0.443036
-0.450179
-0.42329
-0.400134
-0.394765
-0.393223
-0.396148
-0.406249
-0.421561
-0.442798
-0.453787
-0.466333
-0.441937
-0.397811
-0.393681
-0.393939
-0.399098
-0.411266
-0.428174
-0.45147
-0.464137
-0.482025
-0.459459
-0.395145
-0.392416
-0.394465
-0.4019
-0.416206
-0.434805
-0.460009
-0.473969
-0.497135
-0.47507
-0.392052
-0.390874
-0.394626
-0.404277
-0.420685
-0.44105
-0.468129
-0.483135
-0.511228
-0.488155
-0.388487
-0.38898
-0.394277
-0.405984
-0.424344
-0.4465
-0.4754
-0.491402
-0.523517
-0.498396
-0.384454
-0.386694
-0.393316
-0.406836
-0.4269
-0.450749
-0.481247
-0.498355
-0.533033
-0.505631
-0.380004
-0.384012
-0.391713
-0.406739
-0.428173
-0.453468
-0.485246
-0.503358
-0.538907
-0.509598
-0.375241
-0.380982
-0.389507
-0.405708
-0.428107
-0.45454
-0.487024
-0.505726
-0.54064
-0.509902
-0.370321
-0.377705
-0.386808
-0.403845
-0.426833
-0.454095
-0.486149
-0.505545
-0.538056
-0.506291
-0.365445
-0.374334
-0.383796
-0.401359
-0.424594
-0.452204
-0.483157
-0.503388
-0.530743
-0.49915
-0.360846
-0.371057
-0.380706
-0.398543
-0.42175
-0.449257
-0.47875
-0.499192
-0.520538
-0.489329
-0.356773
-0.368084
-0.377799
-0.395727
-0.418728
-0.445816
-0.473751
-0.493763
-0.509223
-0.478174
-0.353465
-0.365628
-0.375337
-0.39325
-0.415968
-0.442506
-0.469027
-0.488216
-0.498567
-0.467078
-0.35113
-0.363873
-0.37355
-0.39141
-0.413872
-0.439916
-0.465363
-0.483699
-0.490322
-0.459063
-0.349922
-0.362959
-0.372611
-0.39043
-0.412742
-0.438497
-0.463364
-0.481164
-0.485818
-0.454638
-0.420953
-0.396326
-0.366432
-0.331092
-0.290748
-0.246208
-0.198848
-0.150432
-0.103171
-0.0593238
-0.0210888
0.00995179
0.0326576
0.0473314
0.0538264
0.0546732
0.0488722
0.0412957
0.0267566
0.0137782
-0.426197
-0.401494
-0.371492
-0.335958
-0.295353
-0.250477
-0.202736
-0.15392
-0.106226
-0.0619086
-0.0232731
0.00812846
0.0311549
0.0460956
0.0528252
0.0538668
0.0482418
0.0408166
0.0264413
0.0136003
-0.435787
-0.410993
-0.38081
-0.344965
-0.303936
-0.258533
-0.210138
-0.160608
-0.112058
-0.0669176
-0.0275426
0.00453759
0.0281754
0.0436386
0.0508323
0.052264
0.0469945
0.03987
0.025826
0.0132527
-0.448307
-0.423383
-0.393021
-0.356897
-0.315468
-0.269555
-0.220396
-0.169755
-0.120211
-0.0741063
-0.0337189
-0.000706031
0.0237814
0.0399995
0.0478731
0.049889
0.0451575
0.0384795
0.0249379
0.012751
-0.461682
-0.43685
-0.406543
-0.370389
-0.328794
-0.282104
-0.23223
-0.180822
-0.130276
-0.0830647
-0.0415422
-0.0074337
0.0180844
0.0352532
0.0439998
0.0467859
0.042773
0.0366809
0.0238118
0.0121171
-0.474255
-0.449449
-0.419518
-0.383687
-0.342092
-0.29546
-0.245156
-0.193045
-0.141598
-0.0933461
-0.0506883
-0.0154159
0.0112455
0.029514
0.0392989
0.0430223
0.0398975
0.0345212
0.0224852
0.0113771
-0.482374
-0.459883
-0.430795
-0.395761
-0.354723
-0.308346
-0.258039
-0.205633
-0.153574
-0.104473
-0.0607901
-0.0243777
0.00347075
0.0229355
0.0338885
0.0386889
0.0366011
0.0320566
0.0209961
0.0105586
-0.486531
-0.466123
-0.438924
-0.405325
-0.365397
-0.319887
-0.270119
-0.217888
-0.165615
-0.115966
-0.0714656
-0.0340189
-0.00500463
0.0156998
0.0279097
0.0338925
0.0329636
0.0293482
0.0193811
0.00968859
-0.485898
-0.467502
-0.443076
-0.411628
-0.373373
-0.329315
-0.280699
-0.229199
-0.177194
-0.127383
-0.0823447
-0.0440373
-0.0139354
0.00800142
0.0215148
0.0287483
0.0290685
0.0264585
0.017674
0.00879089
-0.480716
-0.464178
-0.443092
-0.414303
-0.378163
-0.336095
-0.289249
-0.239083
-0.187878
-0.138341
-0.0930936
-0.054149
-0.0230845
3.25293e-05
0.0148555
0.0233713
0.0249976
0.0234467
0.015906
0.00788546
-0.471827
-0.456751
-0.439133
-0.413331
-0.37968
-0.340019
-0.295445
-0.247186
-0.197332
-0.148531
-0.103431
-0.0641047
-0.0322376
-0.00802932
0.00807306
0.0178695
0.0208267
0.0203665
0.0141039
0.0069878
-0.460031
-0.44607
-0.431729
-0.408953
-0.378041
-0.34117
-0.299248
-0.253322
-0.205327
-0.157725
-0.113137
-0.0736992
-0.0412122
-0.0160297
0.00129131
0.0123385
0.0166229
0.0172637
0.0122906
0.00610923
-0.445976
-0.433003
-0.421571
-0.401646
-0.373588
-0.339771
-0.300809
-0.257512
-0.211757
-0.165774
-0.122053
-0.082776
-0.0498633
-0.0238425
-0.00538785
0.00685704
0.0124404
0.0141756
0.0104842
0.0052574
-0.430274
-0.418377
-0.409403
-0.392014
-0.366819
-0.336195
-0.30037
-0.259936
-0.216654
-0.172614
-0.130081
-0.0912279
-0.0580862
-0.0313733
-0.0118867
0.00148631
0.00832174
0.0111314
0.00869871
0.004437
-0.413651
-0.403
-0.395967
-0.380728
-0.358321
-0.330902
-0.298266
-0.260819
-0.220169
-0.178268
-0.137183
-0.098994
-0.0658125
-0.0385552
-0.0181473
-0.00372674
0.00430063
0.00815503
0.00694499
0.00365081
-0.396936
-0.387665
-0.381977
-0.368467
-0.3487
-0.324372
-0.294862
-0.260425
-0.222485
-0.182814
-0.143351
-0.106026
-0.0729804
-0.045326
-0.0241161
-0.00874024
0.000406356
0.00526554
0.00523236
0.00290081
-0.380911
-0.373076
-0.368066
-0.355848
-0.338488
-0.317022
-0.290472
-0.258974
-0.223732
-0.186319
-0.148571
-0.112274
-0.079537
-0.0516408
-0.0297611
-0.013532
-0.00334753
0.00247136
0.00356568
0.002188
-0.366178
-0.359761
-0.354756
-0.343424
-0.328188
-0.309296
-0.285503
-0.256824
-0.224222
-0.189071
-0.153087
-0.117943
-0.0856567
-0.0576374
-0.0351836
-0.018166
-0.00699782
-0.000244874
0.00193808
0.00150997
-0.353429
-0.348273
-0.342641
-0.331862
-0.318443
-0.301844
-0.280645
-0.254687
-0.224664
-0.191734
-0.157465
-0.123476
-0.0916645
-0.0635358
-0.040512
-0.0227077
-0.0105697
-0.00289256
0.00034564
0.000864304
-0.343162
-0.338571
-0.33121
-0.320138
-0.307786
-0.292962
-0.274062
-0.250634
-0.223069
-0.192324
-0.1598
-0.127089
-0.0960189
-0.0681429
-0.0448871
-0.0266082
-0.0137388
-0.00531222
-0.00114777
0.000268028
-0.324564
-0.327835
-0.318725
-0.306738
-0.294458
-0.280419
-0.262846
-0.241087
-0.215449
-0.186849
-0.156518
-0.125908
-0.0965859
-0.0700408
-0.0475286
-0.0295638
-0.0164819
-0.00761098
-0.00264455
-0.000326514
-0.294978
-0.302524
-0.296428
-0.28521
-0.273523
-0.260882
-0.245415
-0.226199
-0.203432
-0.177924
-0.150718
-0.123021
-0.0961527
-0.0714553
-0.0500572
-0.0326083
-0.019405
-0.0100993
-0.0042636
-0.000978631
-0.270522
-0.278798
-0.274601
-0.264582
-0.253687
-0.242253
-0.228662
-0.211829
-0.191762
-0.169136
-0.144829
-0.11986
-0.0953306
-0.072438
-0.0521928
-0.0353251
-0.0221051
-0.012436
-0.00580728
-0.00159699
-0.248853
-0.256172
-0.253098
-0.244494
-0.234675
-0.224406
-0.212485
-0.197827
-0.180261
-0.160303
-0.138694
-0.116302
-0.0940328
-0.072939
-0.0539021
-0.0376907
-0.0245546
-0.0145935
-0.00725658
-0.00217172
-0.227624
-0.23434
-0.232146
-0.224908
-0.216299
-0.207221
-0.196825
-0.184144
-0.168886
-0.151411
-0.132324
-0.112363
-0.0922684
-0.0729498
-0.0551597
-0.0396711
-0.0267155
-0.0165419
-0.00859152
-0.00269716
-0.207434
-0.213616
-0.212091
-0.206064
-0.198662
-0.190768
-0.18178
-0.170878
-0.157721
-0.14253
-0.125779
-0.108089
-0.0900593
-0.072469
-0.0559451
-0.0412359
-0.0285533
-0.0182525
-0.00979181
-0.00316732
-0.188543
-0.194053
-0.193045
-0.188096
-0.181834
-0.175078
-0.167388
-0.158081
-0.146812
-0.133701
-0.119096
-0.103512
-0.0874269
-0.0715025
-0.0562482
-0.042365
-0.0300412
-0.0197019
-0.0108398
-0.00357745
-0.170754
-0.175642
-0.175069
-0.17108
-0.165869
-0.160174
-0.153668
-0.145789
-0.136207
-0.124969
-0.11232
-0.0986743
-0.084406
-0.0700713
-0.0560725
-0.0430491
-0.0311613
-0.0208727
-0.0117212
-0.00392407
-0.154147
-0.158458
-0.158231
-0.15508
-0.150816
-0.146087
-0.14065
-0.134039
-0.12595
-0.116386
-0.105503
-0.0936275
-0.0810416
-0.0682082
-0.0554344
-0.0432911
-0.0319056
-0.0217546
-0.012426
-0.00420498
-0.138791
-0.142534
-0.142566
-0.140139
-0.136716
-0.132851
-0.128362
-0.122867
-0.116092
-0.108007
-0.0987036
-0.08843
-0.0773881
-0.065958
-0.0543644
-0.043107
-0.0322775
-0.0223459
-0.0129495
-0.00441939
-0.124662
-0.127878
-0.128104
-0.126291
-0.123602
-0.120496
-0.116837
-0.112315
-0.106683
-0.099895
-0.0919891
-0.0831501
-0.073511
-0.063379
-0.0529074
-0.0425269
-0.0322929
-0.022654
-0.0132929
-0.00456823
-0.111767
-0.114505
-0.114868
-0.113568
-0.111508
-0.109058
-0.106115
-0.102428
-0.0977815
-0.0921174
-0.0854351
-0.0778664
-0.0694875
-0.0605421
-0.051123
-0.0415957
-0.0319811
-0.0226965
-0.0134637
-0.00465437
-0.100174
-0.102443
-0.102882
-0.101999
-0.100468
-0.0985749
-0.0962389
-0.0932603
-0.0894512
-0.0847491
-0.0791245
-0.0726667
-0.0654054
-0.0575304
-0.0490841
-0.0403724
-0.0313846
-0.0225014
-0.0134765
-0.00468288
-0.0897845
-0.0916624
-0.0921498
-0.0916037
-0.0905124
-0.0890856
-0.0872568
-0.0848691
-0.0817616
-0.0778712
-0.0731479
-0.0676475
-0.0613631
-0.054439
-0.0468769
-0.0389297
-0.030559
-0.0221071
-0.0133529
-0.00466111
-0.0806688
-0.0821962
-0.0827024
-0.0824192
-0.0816824
-0.0806362
-0.0792226
-0.077319
-0.0747889
-0.0715718
-0.0676036
-0.0629143
-0.0574686
-0.051374
-0.0445997
-0.0373529
-0.0295724
-0.0215621
-0.013121
-0.00459873
-0.0728384
-0.0740614
-0.0745656
-0.0744832
-0.0740262
-0.0732832
-0.0722015
-0.0706856
-0.0686203
-0.0659493
-0.0625998
-0.0585824
-0.0538406
-0.0484524
-0.0423621
-0.0357391
-0.0285037
-0.0209244
-0.0128155
-0.00450763
-0.0663301
-0.067304
-0.0677855
-0.0678487
-0.0676059
-0.0670974
-0.0662726
-0.0650578
-0.0633556
-0.0611145
-0.0582565
-0.0547783
-0.0506085
-0.0458016
-0.0402845
-0.0341955
-0.0274416
-0.0202598
-0.0124767
-0.00440159
-0.0611913
-0.0619643
-0.0624271
-0.0625954
-0.0625096
-0.0621745
-0.0615402
-0.0605487
-0.0591168
-0.0571978
-0.0547114
-0.0516444
-0.0479154
-0.0435617
-0.0384982
-0.0328393
-0.0264835
-0.0196413
-0.0121493
-0.00429616
-0.0575554
-0.0581882
-0.0586305
-0.058864
-0.0588802
-0.0586599
-0.0581529
-0.0573113
-0.0560617
-0.0543613
-0.052129
-0.0493455
-0.0459235
-0.0418881
-0.037147
-0.0317978
-0.0257346
-0.0191478
-0.0118821
-0.00420772
-0.055559
-0.0561214
-0.0565569
-0.056829
-0.0569022
-0.0567439
-0.0563048
-0.0555426
-0.0543895
-0.0528047
-0.0507073
-0.0480745
-0.044817
-0.0409521
-0.0363862
-0.0312052
-0.0253049
-0.0188598
-0.0117257
-0.00415302
-0.125319
-0.134805
-0.144166
-0.153396
-0.162497
-0.171485
-0.180387
-0.18923
-0.198048
-0.206873
-0.215747
-0.224708
-0.233802
-0.243064
-0.252535
-0.262253
-0.272186
-0.282579
-0.29342
-0.306983
-0.118361
-0.127217
-0.135929
-0.144509
-0.152967
-0.161317
-0.169579
-0.177771
-0.185916
-0.194034
-0.202147
-0.210276
-0.218434
-0.226649
-0.234897
-0.243272
-0.251652
-0.260462
-0.269476
-0.280269
-0.111415
-0.119584
-0.127595
-0.135469
-0.143219
-0.150853
-0.158382
-0.165817
-0.173168
-0.180448
-0.187663
-0.194828
-0.201941
-0.209042
-0.216107
-0.223271
-0.230473
-0.238075
-0.24625
-0.256221
-0.104545
-0.112049
-0.119406
-0.126636
-0.133749
-0.140749
-0.147641
-0.154432
-0.161128
-0.167742
-0.17428
-0.180763
-0.187198
-0.193642
-0.200099
-0.206683
-0.213414
-0.220476
-0.228119
-0.236859
-0.0978118
-0.104692
-0.11144
-0.118071
-0.124593
-0.131008
-0.137321
-0.143541
-0.149674
-0.155735
-0.161735
-0.167699
-0.173639
-0.179593
-0.185565
-0.191582
-0.197646
-0.203748
-0.210134
-0.217327
-0.0912507
-0.0975379
-0.103704
-0.109762
-0.115716
-0.121569
-0.127325
-0.132994
-0.138581
-0.144099
-0.149555
-0.15496
-0.160318
-0.16563
-0.170888
-0.176076
-0.181231
-0.186377
-0.19188
-0.198241
-0.084876
-0.0905975
-0.0962093
-0.101719
-0.107128
-0.11244
-0.117659
-0.122787
-0.127831
-0.132793
-0.137675
-0.142478
-0.147202
-0.151844
-0.156422
-0.160943
-0.165491
-0.170092
-0.175031
-0.180607
-0.0786899
-0.0838832
-0.0889749
-0.0939681
-0.098864
-0.103664
-0.10837
-0.112983
-0.117506
-0.121938
-0.126284
-0.130545
-0.134733
-0.138854
-0.142935
-0.146977
-0.151028
-0.155061
-0.159291
-0.163993
-0.0726992
-0.0774179
-0.0820319
-0.0865454
-0.0909627
-0.0952859
-0.0995159
-0.103654
-0.107701
-0.11166
-0.115537
-0.119336
-0.123066
-0.126727
-0.130329
-0.133857
-0.137341
-0.140774
-0.144365
-0.148372
-0.0669893
-0.0712548
-0.0754207
-0.0794895
-0.0834651
-0.0873498
-0.0911441
-0.0948486
-0.098465
-0.101995
-0.105442
-0.108806
-0.112091
-0.115292
-0.118417
-0.121461
-0.124462
-0.127424
-0.130512
-0.133921
-0.0615778
-0.0654209
-0.0691727
-0.0728334
-0.0764053
-0.0798895
-0.0832857
-0.0865939
-0.0898143
-0.0929472
-0.0959937
-0.0989537
-0.101831
-0.104625
-0.107346
-0.109993
-0.112593
-0.11514
-0.117759
-0.120608
-0.0564702
-0.0599321
-0.0633096
-0.0666017
-0.0698087
-0.0729306
-0.0759665
-0.0789158
-0.0817783
-0.0845541
-0.0872444
-0.0898501
-0.0923745
-0.0948178
-0.0971859
-0.0994748
-0.101702
-0.103865
-0.106063
-0.108426
-0.0517042
-0.0548257
-0.0578681
-0.0608297
-0.0637098
-0.0665075
-0.0692219
-0.071852
-0.0743975
-0.0768584
-0.0792354
-0.0815287
-0.0837399
-0.0858685
-0.0879185
-0.0898877
-0.0917912
-0.0936295
-0.0954794
-0.0974385
-0.0473158
-0.0501362
-0.052882
-0.0555511
-0.0581422
-0.060654
-0.0630852
-0.0654347
-0.0677017
-0.0698857
-0.0719868
-0.0740048
-0.0759408
-0.0777947
-0.0795699
-0.0812651
-0.0828913
-0.0844479
-0.0859904
-0.0875906
-0.0433444
-0.0459021
-0.0483893
-0.0508035
-0.0531431
-0.0554062
-0.0575915
-0.0596974
-0.0617229
-0.0636674
-0.0655306
-0.0673123
-0.0690132
-0.0706331
-0.0721743
-0.0736358
-0.0750249
-0.0763414
-0.0776253
-0.0789281
-0.0398364
-0.0421694
-0.0444355
-0.046632
-0.0487569
-0.0508083
-0.0527843
-0.0546836
-0.0565048
-0.0582471
-0.05991
-0.0614931
-0.0629967
-0.0644204
-0.0657658
-0.0670321
-0.0682247
-0.0693434
-0.0704153
-0.0714751
-0.0368446
-0.0389904
-0.0410723
-0.0430878
-0.0450344
-0.0469103
-0.0487134
-0.0504422
-0.0520954
-0.0536719
-0.055171
-0.0565921
-0.0579352
-0.0592001
-0.0603877
-0.0614976
-0.0625332
-0.0634947
-0.064399
-0.0652679
-0.0344466
-0.0364436
-0.0383799
-0.0402521
-0.0420579
-0.0437953
-0.0454623
-0.0470573
-0.0485789
-0.0500259
-0.0513974
-0.0526929
-0.053912
-0.0550544
-0.0561206
-0.0571103
-0.0580253
-0.0588659
-0.0596414
-0.0603637
-0.0326981
-0.034586
-0.0364148
-0.0381825
-0.0398867
-0.0415251
-0.0430957
-0.0445967
-0.0460266
-0.0473843
-0.0486687
-0.049879
-0.0510148
-0.0520755
-0.0530611
-0.0539715
-0.0548074
-0.0555691
-0.0562606
-0.0568869
-0.0317971
-0.0336143
-0.035375
-0.0370753
-0.0387128
-0.0402861
-0.0417937
-0.0432342
-0.0446063
-0.0459088
-0.0471406
-0.048301
-0.0493893
-0.0504051
-0.051348
-0.0522177
-0.0530145
-0.0537382
-0.0543898
-0.0549709
0.0948245
0.0836055
0.0723859
0.0616982
0.0503595
0.0385629
0.0268127
0.0151723
0.00356782
-0.00798639
-0.0194386
-0.0307588
-0.0419329
-0.052942
-0.0637493
-0.0743144
-0.0846964
-0.0955177
-0.105819
-0.115687
0.0887413
0.0775301
0.065269
0.0548029
0.0443103
0.0332272
0.0221597
0.0113254
0.000591172
-0.0100972
-0.020692
-0.031157
-0.0414879
-0.0516867
-0.0617646
-0.0717369
-0.0815682
-0.0908002
-0.100123
-0.109339
0.0815858
0.0709308
0.0583669
0.0481479
0.0386845
0.0285975
0.0182831
0.00820308
-0.00169656
-0.0115429
-0.0213243
-0.0309895
-0.0405213
-0.0499211
-0.0591802
-0.0682724
-0.0771434
-0.0858287
-0.0944989
-0.103055
0.0738424
0.0640058
0.0517705
0.0418409
0.0332318
0.0241739
0.0146649
0.00528703
-0.00383883
-0.012858
-0.0218256
-0.0307002
-0.039448
-0.0480635
-0.0565457
-0.0648831
-0.0730654
-0.0810668
-0.0890199
-0.0968671
0.0660819
0.0571308
0.0456144
0.0361012
0.0281816
0.0200889
0.0114481
0.00278106
-0.0056307
-0.0138754
-0.0220601
-0.0301787
-0.03819
-0.0460768
-0.0538389
-0.0614717
-0.0689661
-0.0763123
-0.0835986
-0.0907793
0.0585948
0.0504788
0.0398825
0.0309221
0.0235875
0.0163324
0.00855774
0.000624048
-0.00711173
-0.0146452
-0.0220915
-0.0294855
-0.0367964
-0.0439969
-0.0510813
-0.0580478
-0.0648927
-0.0716129
-0.0782724
-0.0848285
0.0515298
0.0441734
0.0345871
0.0262949
0.019506
0.0129653
0.00600429
-0.00118708
-0.00826273
-0.0151399
-0.0219046
-0.028616
-0.0352638
-0.0418195
-0.0482699
-0.0546139
-0.0608526
-0.0669876
-0.0730625
-0.0790325
0.044975
0.0383167
0.0297579
0.0222026
0.0159496
0.0100251
0.00379572
-0.00267676
-0.00910661
-0.0153705
-0.0215121
-0.0275924
-0.0336204
-0.0395738
-0.0454339
-0.0511926
-0.0568488
-0.0624176
-0.0679554
-0.0733848
0.0389942
0.0329894
0.0254297
0.0186324
0.0129089
0.00752832
0.00194486
-0.00385761
-0.00966646
-0.0153523
-0.0209226
-0.0264261
-0.0318819
-0.037279
-0.0426016
-0.0478435
-0.0530017
-0.058061
-0.062999
-0.0678835
0.0336319
0.0282408
0.0216224
0.0155672
0.0103593
0.00546728
0.000451294
-0.00474292
-0.00996876
-0.0151116
-0.0201565
-0.0251347
-0.0300662
-0.0349473
-0.0397642
-0.0445061
-0.0491658
-0.053737
-0.0582123
-0.0626339
0.0289126
0.0240918
0.0183363
0.0129824
0.00826726
0.00381852
-0.00069848
-0.0053495
-0.0100399
-0.0146785
-0.0192402
-0.0237406
-0.0281954
-0.0326044
-0.0369577
-0.0412457
-0.0454614
-0.0496001
-0.0536553
-0.0576506
0.0248403
0.020541
0.0155557
0.0108449
0.00659234
0.00254758
-0.0015299
-0.00570131
-0.00990928
-0.0140868
-0.0182074
-0.0222756
-0.0263009
-0.0302842
-0.0342184
-0.0380954
-0.0419082
-0.0456515
-0.049321
-0.0529295
0.0214001
0.0175685
0.0132527
0.00911519
0.00528868
0.00161183
-0.00207815
-0.00582988
-0.00961034
-0.0133735
-0.017096
-0.0207761
-0.0244176
-0.0280203
-0.0315791
-0.035087
-0.0385375
-0.0419255
-0.0452469
-0.0485084
0.0185601
0.0151398
0.0113906
0.00774983
0.00430696
0.000962681
-0.00238638
-0.00577398
-0.00918149
-0.0125788
-0.0159476
-0.019283
-0.0225847
-0.0258511
-0.0290776
-0.0322584
-0.0353875
-0.0384599
-0.0414715
-0.0444252
0.0162753
0.013208
0.00992536
0.00670265
0.0035962
0.000547766
-0.00250376
-0.00557876
-0.00866616
-0.0117467
-0.014807
-0.0178411
-0.0208462
-0.0238195
-0.0267563
-0.0296515
-0.0324997
-0.0352959
-0.038036
-0.0407203
0.0144912
0.011718
0.0088077
0.0059256
0.0031047
0.000312643
-0.00248381
-0.00529481
-0.00811285
-0.0109255
-0.0137229
-0.0164993
-0.0192507
-0.0219733
-0.0246625
-0.0273133
-0.0299208
-0.0324801
-0.0349872
-0.0374405
0.0131489
0.0106105
0.00798591
0.00536995
0.00278089
0.000201872
-0.00238328
-0.00497795
-0.00757614
-0.0101692
-0.0127499
-0.0153129
-0.0178536
-0.0203677
-0.0228506
-0.0252976
-0.027704
-0.0300653
-0.0323776
-0.0346387
0.0121901
0.00982698
0.00740878
0.00498854
0.0025759
0.000162694
-0.00225769
-0.00468471
-0.00711302
-0.00953609
-0.0119481
-0.014344
-0.0167195
-0.0190699
-0.0213908
-0.0236776
-0.0259256
-0.0281304
-0.0302875
-0.0323931
0.0115635
0.00931158
0.00702346
0.00472981
0.00243584
0.000137708
-0.00216655
-0.00447462
-0.00678164
-0.00908226
-0.0113715
-0.0136449
-0.0158981
-0.0181268
-0.0203266
-0.0224933
-0.0246227
-0.0267111
-0.0287554
-0.0307533
0.0112555
0.00904732
0.00680909
0.00456197
0.00231144
5.71179e-05
-0.00220043
-0.00445808
-0.00671117
-0.00895477
-0.0111843
-0.0133953
-0.0155838
-0.0177457
-0.0198768
-0.0219731
-0.0240308
-0.0260456
-0.0280134
-0.0299291
0.114807
0.116261
0.121152
0.124744
0.129769
0.13196
0.133649
0.130351
0.124717
0.110211
0.113406
0.114643
0.118845
0.121749
0.1255
0.126541
0.126258
0.121636
0.113214
0.100234
0.111853
0.112855
0.116304
0.118476
0.1209
0.120808
0.118708
0.113032
0.103353
0.0915043
0.110134
0.110898
0.113528
0.114956
0.116016
0.114834
0.111114
0.10457
0.0943323
0.0828092
0.108241
0.108769
0.110529
0.11121
0.110923
0.10869
0.103613
0.0962907
0.0857801
0.0743648
0.106167
0.106464
0.107322
0.107243
0.105682
0.102432
0.0962714
0.0882542
0.0776475
0.0664104
0.10391
0.103979
0.103926
0.10307
0.100346
0.0961226
0.0891263
0.0805471
0.0699795
0.0590244
0.101475
0.101313
0.10037
0.098716
0.0949663
0.0898394
0.0822182
0.0732495
0.0628178
0.052207
0.0988709
0.0984684
0.096687
0.0942214
0.0895932
0.0836657
0.0755969
0.0664141
0.0561921
0.0459642
0.0961159
0.0954563
0.0929123
0.0896408
0.0842767
0.0776825
0.0693161
0.0600731
0.0501273
0.0403167
0.0932368
0.092298
0.089085
0.0850411
0.079072
0.0719622
0.0634285
0.0542507
0.0446434
0.0352841
0.0902691
0.0890279
0.0852479
0.0804974
0.0740413
0.066567
0.0579819
0.0489681
0.0397518
0.030874
0.0872581
0.0856966
0.0814502
0.0760879
0.0692531
0.0615509
0.053016
0.0442424
0.0354546
0.0270788
0.0842594
0.0823715
0.0777517
0.0718932
0.0647796
0.0569633
0.0485614
0.0400833
0.0317444
0.0238775
0.0813411
0.0791366
0.0742258
0.0679937
0.060693
0.0528511
0.0446415
0.0364932
0.0286058
0.0212381
0.0785858
0.0760919
0.0709609
0.0644713
0.0570647
0.0492615
0.041277
0.0334692
0.026017
0.0191209
0.0760935
0.0733527
0.0680619
0.0614125
0.0539666
0.046243
0.0384897
0.0310075
0.0239531
0.0174818
0.0739844
0.07105
0.0656505
0.0589148
0.051476
0.0438499
0.0363079
0.0291099
0.0223927
0.0162777
0.0724018
0.0693332
0.063867
0.0570928
0.0496834
0.0421487
0.0347742
0.0277936
0.0213289
0.0154768
0.0715152
0.0683741
0.0628764
0.0560875
0.0487043
0.0412281
0.0339533
0.0270975
0.0207772
0.0150763
0.127148
0.12904
0.138517
0.146719
0.159744
0.17301
0.188807
0.205049
0.222643
0.24014
0.127079
0.128971
0.138427
0.1466
0.159591
0.17279
0.188525
0.204671
0.222162
0.239513
0.126942
0.128834
0.138247
0.146364
0.159286
0.172352
0.187964
0.203914
0.2212
0.238259
0.126738
0.128629
0.137978
0.14601
0.158829
0.171698
0.187124
0.202782
0.21976
0.236379
0.126466
0.128358
0.137619
0.145541
0.158223
0.170829
0.18601
0.201275
0.217842
0.233873
0.12613
0.128021
0.137173
0.144959
0.157471
0.169751
0.184626
0.199398
0.21545
0.230742
0.12573
0.127621
0.136639
0.144269
0.156573
0.168467
0.182977
0.197154
0.212587
0.226992
0.125269
0.127159
0.13602
0.143472
0.155533
0.166983
0.18107
0.194548
0.209259
0.222625
0.124749
0.126638
0.135318
0.142574
0.154354
0.165307
0.178911
0.191585
0.205473
0.21765
0.124172
0.12606
0.134534
0.141579
0.153039
0.163444
0.176507
0.188271
0.201238
0.212073
0.123542
0.125426
0.133673
0.14049
0.15159
0.161405
0.173864
0.184613
0.196564
0.205907
0.122862
0.12474
0.132738
0.139313
0.150012
0.159197
0.170988
0.180619
0.191462
0.19916
0.122134
0.124007
0.13171
0.138048
0.148309
0.156832
0.167885
0.176299
0.185947
0.191846
0.121362
0.123231
0.130665
0.136699
0.146485
0.154319
0.164559
0.171665
0.18003
0.183971
0.120553
0.122362
0.12955
0.135276
0.144548
0.15167
0.161015
0.166731
0.173724
0.175544
0.11971
0.121577
0.128337
0.13379
0.142505
0.148893
0.157256
0.161514
0.167036
0.166563
0.118827
0.120613
0.127087
0.132243
0.14036
0.145994
0.153284
0.156039
0.159964
0.157015
0.117908
0.11965
0.125801
0.130643
0.138129
0.142991
0.149116
0.15034
0.152521
0.146917
0.116959
0.118657
0.124491
0.129008
0.135851
0.13991
0.14479
0.144411
0.144593
0.136171
0.115979
0.117599
0.123087
0.127231
0.13337
0.136562
0.140065
0.138045
0.135825
0.124268
0.115979
0.117599
0.123087
0.127231
0.13337
0.136562
0.140065
0.138045
0.135825
0.124268
0.116959
0.118657
0.124491
0.129008
0.135851
0.139911
0.14479
0.144411
0.144593
0.136171
0.117908
0.11965
0.125801
0.130643
0.138129
0.142991
0.149116
0.150341
0.152521
0.146917
0.118827
0.120613
0.127087
0.132243
0.14036
0.145994
0.153284
0.156039
0.159964
0.157015
0.11971
0.121577
0.128337
0.13379
0.142505
0.148893
0.157256
0.161514
0.167036
0.166563
0.120553
0.122362
0.12955
0.135276
0.144548
0.15167
0.161015
0.166731
0.173724
0.175544
0.121362
0.123231
0.130665
0.136699
0.146485
0.154319
0.164559
0.171665
0.18003
0.183971
0.122134
0.124007
0.13171
0.138048
0.148309
0.156832
0.167885
0.176299
0.185947
0.191846
0.122862
0.12474
0.132738
0.139313
0.150012
0.159197
0.170988
0.180619
0.191462
0.19916
0.123542
0.125426
0.133673
0.14049
0.15159
0.161405
0.173864
0.184613
0.196564
0.205907
0.124172
0.12606
0.134534
0.141579
0.153039
0.163444
0.176507
0.188271
0.201238
0.212073
0.124749
0.126638
0.135318
0.142574
0.154354
0.165307
0.178911
0.191585
0.205473
0.21765
0.125269
0.127159
0.13602
0.143472
0.155533
0.166983
0.18107
0.194548
0.209259
0.222625
0.12573
0.127621
0.136639
0.144269
0.156573
0.168467
0.182977
0.197154
0.212587
0.226992
0.12613
0.128021
0.137173
0.144959
0.157471
0.169751
0.184626
0.199398
0.21545
0.230742
0.126466
0.128358
0.137619
0.145541
0.158223
0.170829
0.18601
0.201275
0.217842
0.233873
0.126738
0.128629
0.137978
0.14601
0.158829
0.171698
0.187124
0.202782
0.21976
0.236379
0.126942
0.128834
0.138247
0.146364
0.159286
0.172352
0.187964
0.203914
0.2212
0.238259
0.127079
0.128971
0.138427
0.1466
0.159591
0.17279
0.188525
0.204671
0.222162
0.239513
0.127148
0.12904
0.138517
0.146719
0.159744
0.17301
0.188807
0.205049
0.222643
0.24014
0.0715152
0.0683741
0.0628765
0.0560875
0.0487043
0.0412282
0.0339533
0.0270975
0.0207773
0.0150763
0.0724019
0.0693332
0.0638671
0.0570929
0.0496834
0.0421487
0.0347743
0.0277936
0.0213289
0.0154769
0.0739845
0.07105
0.0656505
0.0589149
0.051476
0.0438499
0.0363079
0.0291099
0.0223928
0.0162778
0.0760936
0.0733527
0.0680619
0.0614125
0.0539666
0.046243
0.0384897
0.0310075
0.0239531
0.0174818
0.0785859
0.0760919
0.0709609
0.0644713
0.0570648
0.0492615
0.041277
0.0334692
0.026017
0.019121
0.0813411
0.0791366
0.0742258
0.0679938
0.0606931
0.0528512
0.0446416
0.0364932
0.0286059
0.0212382
0.0842594
0.0823715
0.0777517
0.0718932
0.0647797
0.0569633
0.0485614
0.0400833
0.0317444
0.0238775
0.0872581
0.0856966
0.0814502
0.076088
0.0692532
0.061551
0.0530161
0.0442424
0.0354546
0.0270789
0.0902692
0.0890279
0.0852479
0.0804974
0.0740413
0.0665671
0.0579819
0.0489682
0.0397519
0.0308741
0.0932368
0.092298
0.089085
0.0850411
0.079072
0.0719622
0.0634285
0.0542508
0.0446434
0.0352842
0.0961159
0.0954564
0.0929123
0.0896408
0.0842768
0.0776825
0.0693161
0.0600732
0.0501273
0.0403167
0.0988709
0.0984684
0.096687
0.0942214
0.0895932
0.0836657
0.0755969
0.0664141
0.0561921
0.0459643
0.101475
0.101313
0.10037
0.098716
0.0949663
0.0898394
0.0822182
0.0732495
0.0628178
0.0522071
0.10391
0.103979
0.103926
0.10307
0.100346
0.0961226
0.0891263
0.0805472
0.0699795
0.0590244
0.106167
0.106464
0.107322
0.107243
0.105682
0.102432
0.0962714
0.0882542
0.0776475
0.0664105
0.108241
0.108769
0.110529
0.11121
0.110923
0.10869
0.103613
0.0962907
0.0857801
0.0743648
0.110134
0.110898
0.113528
0.114956
0.116016
0.114834
0.111114
0.10457
0.0943324
0.0828093
0.111853
0.112855
0.116304
0.118476
0.1209
0.120808
0.118708
0.113032
0.103353
0.0915043
0.113406
0.114643
0.118845
0.121749
0.1255
0.126541
0.126258
0.121636
0.113214
0.100234
0.114807
0.116261
0.121152
0.124744
0.129769
0.13196
0.133649
0.130351
0.124717
0.110211
0.0112555
0.00904735
0.00680912
0.004562
0.00231147
5.7149e-05
-0.0022004
-0.00445805
-0.00671114
-0.00895474
-0.0111842
-0.0133953
-0.0155838
-0.0177456
-0.0198767
-0.0219731
-0.0240307
-0.0260456
-0.0280134
-0.0299291
0.0115636
0.00931161
0.00702348
0.00472984
0.00243587
0.000137738
-0.00216652
-0.00447459
-0.00678161
-0.00908223
-0.0113715
-0.0136449
-0.0158981
-0.0181268
-0.0203266
-0.0224932
-0.0246226
-0.0267111
-0.0287553
-0.0307532
0.0121901
0.00982701
0.00740881
0.00498856
0.00257593
0.000162724
-0.00225766
-0.00468468
-0.00711299
-0.00953606
-0.011948
-0.014344
-0.0167194
-0.0190699
-0.0213908
-0.0236775
-0.0259256
-0.0281304
-0.0302874
-0.0323931
0.0131489
0.0106105
0.00798593
0.00536998
0.00278092
0.000201902
-0.00238325
-0.00497792
-0.00757611
-0.0101692
-0.0127499
-0.0153128
-0.0178535
-0.0203676
-0.0228506
-0.0252976
-0.027704
-0.0300653
-0.0323775
-0.0346387
0.0144912
0.011718
0.00880773
0.00592564
0.00310474
0.000312676
-0.00248377
-0.00529478
-0.00811282
-0.0109254
-0.0137229
-0.0164993
-0.0192507
-0.0219733
-0.0246625
-0.0273133
-0.0299207
-0.0324801
-0.0349871
-0.0374405
0.0162753
0.013208
0.00992539
0.00670269
0.00359623
0.0005478
-0.00250372
-0.00557872
-0.00866612
-0.0117467
-0.014807
-0.017841
-0.0208462
-0.0238194
-0.0267563
-0.0296515
-0.0324996
-0.0352958
-0.0380359
-0.0407203
0.0185601
0.0151398
0.0113906
0.00774987
0.004307
0.000962717
-0.00238634
-0.00577395
-0.00918145
-0.0125787
-0.0159476
-0.0192829
-0.0225846
-0.025851
-0.0290776
-0.0322584
-0.0353875
-0.0384599
-0.0414715
-0.0444251
0.0214001
0.0175685
0.0132528
0.00911523
0.00528872
0.00161187
-0.00207812
-0.00582985
-0.0096103
-0.0133734
-0.017096
-0.0207761
-0.0244175
-0.0280203
-0.0315791
-0.035087
-0.0385374
-0.0419254
-0.0452468
-0.0485084
0.0248404
0.020541
0.0155557
0.0108449
0.00659238
0.00254762
-0.00152986
-0.00570127
-0.00990924
-0.0140868
-0.0182073
-0.0222755
-0.0263009
-0.0302841
-0.0342184
-0.0380954
-0.0419081
-0.0456515
-0.049321
-0.0529295
0.0289126
0.0240919
0.0183364
0.0129825
0.0082673
0.00381856
-0.000698441
-0.00534946
-0.0100399
-0.0146785
-0.0192401
-0.0237406
-0.0281954
-0.0326044
-0.0369577
-0.0412456
-0.0454613
-0.0496001
-0.0536552
-0.0576506
0.0336319
0.0282408
0.0216224
0.0155673
0.0103593
0.00546732
0.000451333
-0.00474288
-0.00996872
-0.0151116
-0.0201564
-0.0251346
-0.0300662
-0.0349472
-0.0397641
-0.0445061
-0.0491658
-0.0537369
-0.0582123
-0.0626338
0.0389942
0.0329894
0.0254298
0.0186324
0.012909
0.00752836
0.0019449
-0.00385757
-0.00966641
-0.0153523
-0.0209226
-0.0264261
-0.0318819
-0.0372789
-0.0426016
-0.0478434
-0.0530017
-0.058061
-0.062999
-0.0678834
0.0449751
0.0383168
0.0297579
0.0222026
0.0159497
0.0100251
0.00379576
-0.00267672
-0.00910657
-0.0153705
-0.021512
-0.0275924
-0.0336204
-0.0395737
-0.0454339
-0.0511926
-0.0568487
-0.0624176
-0.0679553
-0.0733848
0.0515299
0.0441734
0.0345872
0.0262949
0.0195061
0.0129653
0.00600433
-0.00118703
-0.00826268
-0.0151399
-0.0219046
-0.0286159
-0.0352638
-0.0418194
-0.0482699
-0.0546139
-0.0608525
-0.0669876
-0.0730625
-0.0790325
0.0585949
0.0504788
0.0398825
0.0309221
0.0235875
0.0163324
0.00855779
0.000624096
-0.00711168
-0.0146451
-0.0220915
-0.0294855
-0.0367963
-0.0439969
-0.0510812
-0.0580477
-0.0648926
-0.0716128
-0.0782724
-0.0848284
0.0660819
0.0571308
0.0456145
0.0361012
0.0281817
0.020089
0.0114482
0.00278111
-0.00563065
-0.0138753
-0.02206
-0.0301786
-0.0381899
-0.0460767
-0.0538389
-0.0614716
-0.068966
-0.0763122
-0.0835985
-0.0907793
0.0738424
0.0640059
0.0517705
0.0418409
0.0332319
0.0241739
0.014665
0.00528709
-0.00383878
-0.0128579
-0.0218256
-0.0307002
-0.0394479
-0.0480634
-0.0565456
-0.0648831
-0.0730654
-0.0810668
-0.0890198
-0.096867
0.0815859
0.0709309
0.0583669
0.048148
0.0386845
0.0285976
0.0182831
0.00820314
-0.00169651
-0.0115429
-0.0213242
-0.0309894
-0.0405213
-0.049921
-0.0591802
-0.0682723
-0.0771433
-0.0858286
-0.0944988
-0.103055
0.0887414
0.0775301
0.0652691
0.054803
0.0443104
0.0332272
0.0221598
0.0113255
0.000591232
-0.0100971
-0.0206919
-0.0311569
-0.0414878
-0.0516867
-0.0617646
-0.0717369
-0.0815681
-0.0908001
-0.100123
-0.109339
0.0948245
0.0836055
0.0723859
0.0616982
0.0503596
0.0385629
0.0268128
0.0151723
0.00356788
-0.00798633
-0.0194385
-0.0307588
-0.0419328
-0.0529419
-0.0637492
-0.0743144
-0.0846963
-0.0955176
-0.105819
-0.115687
-0.0317971
-0.0336142
-0.035375
-0.0370752
-0.0387128
-0.040286
-0.0417937
-0.0432342
-0.0446063
-0.0459088
-0.0471406
-0.0483009
-0.0493893
-0.050405
-0.0513479
-0.0522177
-0.0530144
-0.0537381
-0.0543898
-0.0549709
-0.0326981
-0.034586
-0.0364148
-0.0381824
-0.0398866
-0.041525
-0.0430956
-0.0445966
-0.0460266
-0.0473843
-0.0486687
-0.049879
-0.0510147
-0.0520754
-0.053061
-0.0539714
-0.0548074
-0.0555691
-0.0562605
-0.0568869
-0.0344465
-0.0364436
-0.0383799
-0.0402521
-0.0420579
-0.0437953
-0.0454623
-0.0470573
-0.0485788
-0.0500258
-0.0513974
-0.0526929
-0.053912
-0.0550544
-0.0561205
-0.0571102
-0.0580253
-0.0588659
-0.0596414
-0.0603637
-0.0368446
-0.0389903
-0.0410723
-0.0430878
-0.0450344
-0.0469102
-0.0487134
-0.0504422
-0.0520954
-0.0536718
-0.0551709
-0.0565921
-0.0579352
-0.0592001
-0.0603876
-0.0614976
-0.0625331
-0.0634946
-0.0643989
-0.0652678
-0.0398364
-0.0421694
-0.0444355
-0.046632
-0.0487569
-0.0508082
-0.0527843
-0.0546835
-0.0565048
-0.0582471
-0.05991
-0.0614931
-0.0629966
-0.0644204
-0.0657657
-0.0670321
-0.0682246
-0.0693433
-0.0704153
-0.0714751
-0.0433444
-0.0459021
-0.0483893
-0.0508035
-0.053143
-0.0554062
-0.0575914
-0.0596973
-0.0617229
-0.0636674
-0.0655306
-0.0673123
-0.0690132
-0.0706331
-0.0721743
-0.0736357
-0.0750249
-0.0763414
-0.0776252
-0.0789281
-0.0473157
-0.0501361
-0.0528819
-0.055551
-0.0581421
-0.0606539
-0.0630851
-0.0654346
-0.0677016
-0.0698856
-0.0719867
-0.0740048
-0.0759408
-0.0777947
-0.0795698
-0.0812651
-0.0828913
-0.0844478
-0.0859903
-0.0875906
-0.0517042
-0.0548257
-0.0578681
-0.0608297
-0.0637097
-0.0665075
-0.0692218
-0.0718519
-0.0743975
-0.0768584
-0.0792354
-0.0815287
-0.0837399
-0.0858685
-0.0879184
-0.0898876
-0.0917912
-0.0936295
-0.0954793
-0.0974384
-0.0564702
-0.0599321
-0.0633095
-0.0666016
-0.0698087
-0.0729305
-0.0759665
-0.0789158
-0.0817782
-0.084554
-0.0872443
-0.0898501
-0.0923744
-0.0948177
-0.0971858
-0.0994748
-0.101702
-0.103865
-0.106063
-0.108426
-0.0615777
-0.0654209
-0.0691726
-0.0728334
-0.0764053
-0.0798894
-0.0832857
-0.0865938
-0.0898143
-0.0929472
-0.0959936
-0.0989537
-0.101831
-0.104625
-0.107346
-0.109993
-0.112593
-0.11514
-0.117759
-0.120608
-0.0669893
-0.0712547
-0.0754207
-0.0794894
-0.0834651
-0.0873498
-0.091144
-0.0948485
-0.0984649
-0.101995
-0.105442
-0.108806
-0.112091
-0.115292
-0.118417
-0.121461
-0.124462
-0.127424
-0.130512
-0.133921
-0.0726992
-0.0774178
-0.0820319
-0.0865453
-0.0909626
-0.0952858
-0.0995158
-0.103653
-0.107701
-0.11166
-0.115537
-0.119336
-0.123066
-0.126727
-0.130329
-0.133857
-0.137341
-0.140774
-0.144365
-0.148372
-0.0786898
-0.0838832
-0.0889748
-0.093968
-0.098864
-0.103664
-0.10837
-0.112983
-0.117506
-0.121938
-0.126284
-0.130545
-0.134733
-0.138854
-0.142935
-0.146977
-0.151028
-0.155061
-0.159291
-0.163993
-0.0848759
-0.0905975
-0.0962093
-0.101719
-0.107128
-0.11244
-0.117659
-0.122787
-0.127831
-0.132793
-0.137675
-0.142478
-0.147202
-0.151844
-0.156422
-0.160943
-0.165491
-0.170092
-0.175031
-0.180606
-0.0912506
-0.0975379
-0.103704
-0.109762
-0.115715
-0.121568
-0.127325
-0.132994
-0.138581
-0.144099
-0.149555
-0.15496
-0.160318
-0.16563
-0.170888
-0.176076
-0.181231
-0.186377
-0.19188
-0.198241
-0.0978118
-0.104692
-0.11144
-0.118071
-0.124593
-0.131008
-0.137321
-0.143541
-0.149674
-0.155735
-0.161735
-0.167699
-0.173639
-0.179593
-0.185565
-0.191582
-0.197646
-0.203748
-0.210134
-0.217327
-0.104545
-0.112049
-0.119406
-0.126636
-0.133749
-0.140749
-0.147641
-0.154432
-0.161128
-0.167742
-0.17428
-0.180763
-0.187198
-0.193642
-0.200099
-0.206683
-0.213414
-0.220476
-0.228119
-0.236859
-0.111415
-0.119584
-0.127595
-0.135469
-0.143219
-0.150853
-0.158382
-0.165817
-0.173168
-0.180448
-0.187662
-0.194828
-0.201941
-0.209042
-0.216107
-0.223271
-0.230473
-0.238075
-0.24625
-0.256221
-0.118361
-0.127217
-0.135929
-0.144509
-0.152967
-0.161317
-0.169579
-0.177771
-0.185916
-0.194034
-0.202147
-0.210276
-0.218434
-0.226649
-0.234897
-0.243272
-0.251652
-0.260461
-0.269476
-0.280269
-0.125319
-0.134805
-0.144166
-0.153396
-0.162496
-0.171485
-0.180387
-0.18923
-0.198048
-0.206873
-0.215747
-0.224708
-0.233802
-0.243064
-0.252534
-0.262253
-0.272186
-0.282579
-0.29342
-0.306983
-0.055559
-0.0561214
-0.0565569
-0.056829
-0.0569021
-0.0567439
-0.0563048
-0.0555425
-0.0543895
-0.0528046
-0.0507073
-0.0480745
-0.0448169
-0.0409521
-0.0363862
-0.0312051
-0.0253049
-0.0188598
-0.0117257
-0.00415302
-0.0575553
-0.0581882
-0.0586304
-0.058864
-0.0588802
-0.0586599
-0.0581529
-0.0573113
-0.0560616
-0.0543613
-0.052129
-0.0493455
-0.0459234
-0.0418881
-0.037147
-0.0317978
-0.0257346
-0.0191478
-0.0118821
-0.00420772
-0.0611913
-0.0619642
-0.062427
-0.0625954
-0.0625095
-0.0621745
-0.0615402
-0.0605487
-0.0591168
-0.0571978
-0.0547113
-0.0516444
-0.0479153
-0.0435617
-0.0384982
-0.0328393
-0.0264834
-0.0196413
-0.0121493
-0.00429615
-0.0663301
-0.067304
-0.0677855
-0.0678487
-0.0676059
-0.0670974
-0.0662726
-0.0650578
-0.0633556
-0.0611145
-0.0582565
-0.0547783
-0.0506084
-0.0458016
-0.0402845
-0.0341955
-0.0274416
-0.0202598
-0.0124767
-0.00440159
-0.0728383
-0.0740613
-0.0745655
-0.0744832
-0.0740261
-0.0732832
-0.0722014
-0.0706855
-0.0686202
-0.0659493
-0.0625998
-0.0585824
-0.0538406
-0.0484523
-0.0423621
-0.0357391
-0.0285037
-0.0209244
-0.0128155
-0.00450763
-0.0806687
-0.0821962
-0.0827024
-0.0824191
-0.0816824
-0.0806362
-0.0792226
-0.077319
-0.0747889
-0.0715718
-0.0676035
-0.0629143
-0.0574686
-0.051374
-0.0445996
-0.0373529
-0.0295724
-0.0215621
-0.013121
-0.00459873
-0.0897845
-0.0916623
-0.0921498
-0.0916036
-0.0905124
-0.0890855
-0.0872568
-0.0848691
-0.0817616
-0.0778712
-0.0731478
-0.0676475
-0.0613631
-0.054439
-0.0468769
-0.0389297
-0.030559
-0.0221071
-0.0133529
-0.00466111
-0.100174
-0.102443
-0.102882
-0.101999
-0.100468
-0.0985749
-0.0962389
-0.0932603
-0.0894512
-0.0847491
-0.0791245
-0.0726667
-0.0654054
-0.0575304
-0.0490841
-0.0403724
-0.0313845
-0.0225014
-0.0134765
-0.00468288
-0.111767
-0.114505
-0.114868
-0.113568
-0.111508
-0.109058
-0.106115
-0.102428
-0.0977815
-0.0921174
-0.0854351
-0.0778664
-0.0694875
-0.0605421
-0.051123
-0.0415957
-0.0319811
-0.0226965
-0.0134637
-0.00465437
-0.124662
-0.127878
-0.128104
-0.126291
-0.123602
-0.120496
-0.116837
-0.112315
-0.106683
-0.099895
-0.0919891
-0.0831501
-0.073511
-0.063379
-0.0529074
-0.0425269
-0.0322929
-0.022654
-0.0132929
-0.00456823
-0.138791
-0.142534
-0.142566
-0.140139
-0.136716
-0.132851
-0.128362
-0.122867
-0.116092
-0.108007
-0.0987036
-0.08843
-0.0773881
-0.065958
-0.0543644
-0.043107
-0.0322775
-0.0223459
-0.0129495
-0.00441939
-0.154146
-0.158458
-0.158231
-0.15508
-0.150816
-0.146087
-0.14065
-0.134039
-0.12595
-0.116386
-0.105503
-0.0936275
-0.0810416
-0.0682082
-0.0554344
-0.0432911
-0.0319056
-0.0217546
-0.012426
-0.00420498
-0.170754
-0.175642
-0.175069
-0.17108
-0.165869
-0.160174
-0.153668
-0.145789
-0.136206
-0.124969
-0.11232
-0.0986743
-0.084406
-0.0700713
-0.0560725
-0.0430491
-0.0311613
-0.0208727
-0.0117212
-0.00392407
-0.188543
-0.194053
-0.193045
-0.188096
-0.181834
-0.175078
-0.167387
-0.158081
-0.146812
-0.133701
-0.119096
-0.103512
-0.0874269
-0.0715025
-0.0562482
-0.042365
-0.0300412
-0.0197019
-0.0108398
-0.00357745
-0.207434
-0.213616
-0.212091
-0.206064
-0.198662
-0.190768
-0.18178
-0.170878
-0.157721
-0.14253
-0.125779
-0.108089
-0.0900593
-0.072469
-0.0559451
-0.0412359
-0.0285533
-0.0182525
-0.00979181
-0.00316732
-0.227624
-0.234339
-0.232146
-0.224908
-0.216299
-0.207221
-0.196825
-0.184144
-0.168886
-0.151411
-0.132324
-0.112363
-0.0922684
-0.0729498
-0.0551597
-0.0396711
-0.0267155
-0.0165419
-0.00859152
-0.00269716
-0.248853
-0.256172
-0.253098
-0.244494
-0.234675
-0.224406
-0.212485
-0.197827
-0.180261
-0.160303
-0.138694
-0.116302
-0.0940328
-0.072939
-0.0539022
-0.0376907
-0.0245546
-0.0145935
-0.00725658
-0.00217172
-0.270522
-0.278798
-0.274601
-0.264582
-0.253687
-0.242253
-0.228662
-0.211829
-0.191762
-0.169136
-0.144829
-0.11986
-0.0953306
-0.0724381
-0.0521928
-0.0353251
-0.0221051
-0.012436
-0.00580728
-0.00159699
-0.294978
-0.302524
-0.296428
-0.28521
-0.273523
-0.260882
-0.245415
-0.226199
-0.203432
-0.177924
-0.150718
-0.123021
-0.0961528
-0.0714553
-0.0500572
-0.0326083
-0.019405
-0.0100993
-0.0042636
-0.00097863
-0.324564
-0.327835
-0.318724
-0.306738
-0.294458
-0.280419
-0.262846
-0.241087
-0.215449
-0.186849
-0.156518
-0.125908
-0.096586
-0.0700409
-0.0475286
-0.0295638
-0.0164819
-0.00761098
-0.00264456
-0.000326513
-0.343162
-0.338571
-0.33121
-0.320138
-0.307786
-0.292962
-0.274062
-0.250634
-0.223069
-0.192324
-0.1598
-0.127089
-0.0960189
-0.0681429
-0.0448871
-0.0266082
-0.0137389
-0.00531223
-0.00114777
0.000268028
-0.353429
-0.348273
-0.34264
-0.331862
-0.318443
-0.301844
-0.280645
-0.254687
-0.224664
-0.191734
-0.157465
-0.123476
-0.0916646
-0.0635358
-0.040512
-0.0227077
-0.0105697
-0.00289257
0.000345636
0.000864304
-0.366178
-0.359761
-0.354756
-0.343424
-0.328188
-0.309296
-0.285503
-0.256824
-0.224222
-0.189071
-0.153087
-0.117943
-0.0856568
-0.0576374
-0.0351837
-0.0181661
-0.00699783
-0.000244884
0.00193808
0.00150996
-0.380911
-0.373076
-0.368066
-0.355848
-0.338488
-0.317022
-0.290472
-0.258974
-0.223732
-0.186319
-0.148571
-0.112274
-0.0795371
-0.0516409
-0.0297611
-0.013532
-0.00334755
0.00247135
0.00356567
0.002188
-0.396936
-0.387665
-0.381977
-0.368467
-0.3487
-0.324372
-0.294862
-0.260425
-0.222485
-0.182814
-0.143351
-0.106026
-0.0729804
-0.0453261
-0.0241161
-0.00874026
0.000406342
0.00526553
0.00523235
0.00290081
-0.413651
-0.403
-0.395967
-0.380728
-0.358321
-0.330902
-0.298266
-0.260819
-0.220169
-0.178268
-0.137183
-0.098994
-0.0658125
-0.0385552
-0.0181473
-0.00372676
0.00430062
0.00815502
0.00694498
0.00365081
-0.430274
-0.418377
-0.409403
-0.392014
-0.366819
-0.336195
-0.30037
-0.259936
-0.216654
-0.172614
-0.130081
-0.0912279
-0.0580862
-0.0313734
-0.0118867
0.00148629
0.00832173
0.0111314
0.00869871
0.004437
-0.445976
-0.433003
-0.421571
-0.401646
-0.373588
-0.339771
-0.300809
-0.257513
-0.211757
-0.165774
-0.122053
-0.082776
-0.0498633
-0.0238425
-0.00538789
0.00685701
0.0124404
0.0141755
0.0104842
0.00525739
-0.460031
-0.446069
-0.431729
-0.408953
-0.378041
-0.341171
-0.299248
-0.253322
-0.205327
-0.157725
-0.113137
-0.0736993
-0.0412122
-0.0160297
0.00129128
0.0123385
0.0166229
0.0172637
0.0122906
0.00610923
-0.471827
-0.456751
-0.439133
-0.413331
-0.37968
-0.340019
-0.295445
-0.247186
-0.197333
-0.148531
-0.103431
-0.0641048
-0.0322376
-0.00802936
0.00807302
0.0178695
0.0208267
0.0203665
0.0141039
0.0069878
-0.480716
-0.464178
-0.443092
-0.414303
-0.378163
-0.336095
-0.28925
-0.239083
-0.187878
-0.138341
-0.0930937
-0.0541491
-0.0230846
3.24815e-05
0.0148554
0.0233712
0.0249976
0.0234467
0.015906
0.00788546
-0.485898
-0.467502
-0.443076
-0.411628
-0.373373
-0.329315
-0.280699
-0.229199
-0.177194
-0.127383
-0.0823448
-0.0440374
-0.0139355
0.00800137
0.0215148
0.0287482
0.0290685
0.0264585
0.017674
0.00879089
-0.486531
-0.466123
-0.438924
-0.405324
-0.365397
-0.319887
-0.27012
-0.217888
-0.165615
-0.115966
-0.0714656
-0.034019
-0.00500469
0.0156997
0.0279097
0.0338925
0.0329636
0.0293482
0.0193811
0.00968859
-0.482374
-0.459883
-0.430795
-0.395761
-0.354723
-0.308346
-0.258039
-0.205633
-0.153574
-0.104473
-0.0607902
-0.0243777
0.00347069
0.0229354
0.0338885
0.0386889
0.0366011
0.0320566
0.0209961
0.0105586
-0.474255
-0.449448
-0.419518
-0.383687
-0.342092
-0.29546
-0.245157
-0.193045
-0.141598
-0.0933462
-0.0506884
-0.015416
0.0112454
0.0295139
0.0392988
0.0430223
0.0398975
0.0345212
0.0224852
0.0113771
-0.461682
-0.43685
-0.406543
-0.370389
-0.328794
-0.282104
-0.23223
-0.180822
-0.130276
-0.0830648
-0.0415423
-0.00743376
0.0180843
0.0352532
0.0439997
0.0467858
0.042773
0.0366809
0.0238118
0.0121171
-0.448307
-0.423383
-0.393021
-0.356897
-0.315468
-0.269555
-0.220396
-0.169755
-0.120211
-0.0741064
-0.0337189
-0.00070608
0.0237814
0.0399995
0.0478731
0.049889
0.0451575
0.0384795
0.0249379
0.012751
-0.435787
-0.410993
-0.38081
-0.344965
-0.303936
-0.258533
-0.210138
-0.160608
-0.112058
-0.0669177
-0.0275426
0.00453755
0.0281754
0.0436385
0.0508323
0.052264
0.0469944
0.03987
0.025826
0.0132527
-0.426197
-0.401494
-0.371491
-0.335958
-0.295353
-0.250477
-0.202736
-0.15392
-0.106226
-0.0619086
-0.0232731
0.00812844
0.0311549
0.0460956
0.0528252
0.0538668
0.0482418
0.0408166
0.0264413
0.0136003
-0.420953
-0.396326
-0.366432
-0.331092
-0.290748
-0.246208
-0.198848
-0.150432
-0.103171
-0.0593238
-0.0210888
0.00995178
0.0326576
0.0473314
0.0538264
0.0546732
0.0488722
0.0412957
0.0267566
0.0137782
)
;

boundaryField
{
    inlet
    {
        type            zeroGradient;
    }
    outlet
    {
        type            fixedValue;
        value           uniform 0;
    }
    cylinder
    {
        type            zeroGradient;
    }
    top
    {
        type            symmetryPlane;
    }
    bottom
    {
        type            symmetryPlane;
    }
    defaultFaces
    {
        type            empty;
    }
}


// ************************************************************************* //
