2 	-3.93236 	-1.24028e-18 	-0.0190326
2 	-3.79943 	-3.9291e-18 	-0.0192766
2 	-3.67115 	-4.53626e-18 	-0.0197415
2 	-3.54734 	-6.87813e-18 	-0.0204086
2 	-3.42786 	-8.61286e-18 	-0.0212619
2 	-3.31256 	-9.9139e-18 	-0.0222876
2 	-3.20128 	-1.19088e-17 	-0.0234745
2 	-3.09388 	-1.32966e-17 	-0.0248127
2 	-2.99024 	-1.52915e-17 	-0.0262942
2 	-2.89021 	-1.72865e-17 	-0.0279121
2 	-2.79368 	-1.79804e-17 	-0.0296609
2 	-2.70052 	-1.79804e-17 	-0.031536
2 	-2.61061 	-2.12763e-17 	-0.0335341
2 	-2.52385 	-2.39652e-17 	-0.0356527
2 	-2.44011 	-2.70877e-17 	-0.0378901
2 	-2.35929 	-3.15112e-17 	-0.0402456
2 	-2.2813 	-3.22051e-17 	-0.0427193
2 	-2.20604 	-3.22051e-17 	-0.0453118
2 	-2.1334 	-3.42e-17 	-0.0480246
2 	-2.06329 	-3.6195e-17 	-0.0508597
2 	-1.99564 	-3.6195e-17 	-0.0538196
2 	-1.93035 	-3.6195e-17 	-0.056907
2 	-1.86734 	-3.6195e-17 	-0.0601253
2 	-1.80652 	-3.55878e-17 	-0.063478
2 	-1.74784 	-3.49807e-17 	-0.0669687
2 	-1.6912 	-3.56745e-17 	-0.0706013
2 	-1.63654 	-3.70623e-17 	-0.0743795
2 	-1.58379 	-3.84501e-17 	-0.078307
2 	-1.53288 	-3.9144e-17 	-0.0823875
2 	-1.48375 	-3.9144e-17 	-0.086624
2 	-1.43633 	-3.98379e-17 	-0.0910193
2 	-1.39057 	-4.05318e-17 	-0.0955757
2 	-1.34641 	-4.25267e-17 	-0.100295
2 	-1.30379 	-4.52155e-17 	-0.105178
2 	-1.26266 	-4.59094e-17 	-0.110224
2 	-1.22296 	-4.48686e-17 	-0.115434
2 	-1.18466 	-4.38277e-17 	-0.120803
2 	-1.14768 	-4.38277e-17 	-0.12635
2 	-1.112 	-4.38277e-17 	-0.132096
2 	-1.07757 	-4.38277e-17 	-0.137684
2 	-1.03863 	-4.20514e-17 	-0.143176
2 	-1.01586 	-3.9958e-17 	-0.144384
2 	-0.993217 	-4.09841e-17 	-0.173628
2 	-0.948059 	-4.40032e-17 	-0.173534
2 	-0.900995 	-4.85292e-17 	-0.17431
2 	-0.876272 	-5.07208e-17 	-0.175662
2 	-0.851886 	-4.48071e-17 	-0.21059
2 	-0.803473 	-3.76615e-17 	-0.214618
2 	-0.753096 	-3.74524e-17 	-0.219026
2 	-0.71814 	-3.83767e-17 	-0.223847
2 	-0.692197 	-3.7545e-17 	-0.2669
2 	-0.649352 	-3.747e-17 	-0.27498
2 	-0.596093 	-3.59978e-17 	-0.283111
2 	-0.541991 	-3.50827e-17 	-0.291052
2 	-0.502352 	-3.52256e-17 	-0.298519
2 	-0.474727 	-3.50998e-17 	-0.352296
2 	-0.431525 	-3.67761e-17 	-0.360351
2 	-0.375304 	-3.95517e-17 	-0.366356
2 	-0.318526 	-3.87104e-17 	-0.36983
2 	-0.261272 	-3.63218e-17 	-0.37032
2 	-0.203624 	-3.69048e-17 	-0.367421
2 	-0.145668 	-3.87722e-17 	-0.360843
2 	-0.0874897 	-3.70676e-17 	-0.350345
2 	-0.0291781 	-3.87305e-17 	-0.335709
2 	0.0291781 	-4.8098e-17 	-0.316776
2 	0.0874897 	-4.85168e-17 	-0.293566
2 	0.145668 	-4.38029e-17 	-0.26627
2 	0.203624 	-4.08946e-17 	-0.235429
2 	0.261272 	-4.15259e-17 	-0.201845
2 	0.318526 	-4.21799e-17 	-0.166988
2 	0.375304 	-3.7817e-17 	-0.132049
2 	0.431525 	-3.46945e-17 	-0.10028
2 	0.474727 	-3.39422e-17 	-0.0732771
2 	0.502352 	-3.37209e-17 	-0.0764224
2 	0.541991 	-3.71644e-17 	-0.0571173
2 	0.596093 	-4.32836e-17 	-0.0424943
2 	0.649352 	-4.85723e-17 	-0.0323544
2 	0.692197 	-5.188e-17 	-0.0262554
2 	0.71814 	-5.30587e-17 	-0.0390244
2 	0.753096 	-5.38455e-17 	-0.0354532
2 	0.803473 	-5.30138e-17 	-0.0341851
2 	0.851886 	-5.30313e-17 	-0.0346993
2 	0.876272 	-5.3047e-17 	-0.0485954
2 	0.900995 	-5.11313e-17 	-0.0479605
2 	0.948059 	-5.04217e-17 	-0.0480273
2 	0.993217 	-5.19971e-17 	-0.0485849
2 	1.01586 	-5.37466e-17 	-0.0594349
2 	1.03863 	-5.34138e-17 	-0.0583245
2 	1.07757 	-5.19809e-17 	-0.0589504
2 	1.112 	-5.19809e-17 	-0.0598914
2 	1.14768 	-5.19809e-17 	-0.0609067
2 	1.18466 	-5.19809e-17 	-0.0616186
2 	1.22296 	-5.19809e-17 	-0.0620235
2 	1.26266 	-5.06799e-17 	-0.0621782
2 	1.30379 	-4.87717e-17 	-0.0621064
2 	1.34641 	-4.88584e-17 	-0.0618186
2 	1.39057 	-4.95523e-17 	-0.0613257
2 	1.43633 	-5.02462e-17 	-0.0606382
2 	1.48375 	-5.09401e-17 	-0.0597655
2 	1.53288 	-5.22412e-17 	-0.0587165
2 	1.58379 	-5.2935e-17 	-0.0575008
2 	1.63654 	-5.30218e-17 	-0.0561292
2 	1.6912 	-5.57106e-17 	-0.054614
2 	1.74784 	-5.77055e-17 	-0.0529701
2 	1.80652 	-5.83994e-17 	-0.0511536
2 	1.86734 	-5.77923e-17 	-0.0492817
2 	1.93035 	-5.64912e-17 	-0.0473113
2 	1.99564 	-5.64912e-17 	-0.0452598
2 	2.06329 	-5.47565e-17 	-0.0431433
2 	2.1334 	-5.30218e-17 	-0.0409776
2 	2.20604 	-5.17207e-17 	-0.0387788
2 	2.2813 	-5.04197e-17 	-0.0365631
2 	2.35929 	-5.04197e-17 	-0.0343466
2 	2.44011 	-5.04197e-17 	-0.0321452
2 	2.52385 	-5.17207e-17 	-0.029975
2 	2.61061 	-5.17207e-17 	-0.0278518
2 	2.70052 	-5.04197e-17 	-0.0257912
2 	2.79368 	-5.04197e-17 	-0.0238088
2 	2.89021 	-5.11136e-17 	-0.02192
2 	2.99024 	-5.12003e-17 	-0.0201402
2 	3.09388 	-5.05932e-17 	-0.0184848
2 	3.20128 	-5.05932e-17 	-0.0169699
2 	3.31256 	-5.05932e-17 	-0.0156117
2 	3.42786 	-5.05932e-17 	-0.0144274
2 	3.54734 	-5.12871e-17 	-0.0134353
2 	3.67115 	-5.26748e-17 	-0.0126552
2 	3.79943 	-5.33687e-17 	-0.0121096
2 	3.93236 	-5.3603e-17 	-0.0118222
