/*--------------------------------*- C++ -*----------------------------------*\
  =========                 |
  \\      /  F ield         | OpenFOAM: The Open Source CFD Toolbox
   \\    /   O peration     | Website:  https://openfoam.org
    \\  /    A nd           | Version:  7
     \\/     M anipulation  |
\*---------------------------------------------------------------------------*/
FoamFile
{
    version     2.0;
    format      ascii;
    class       volVectorField;
    location    "0.5";
    object      U;
}
// * * * * * * * * * * * * * * * * * * * * * * * * * * * * * * * * * * * * * //

dimensions      [0 1 -1 0 0 0 0];

internalField   nonuniform List<vector> 
4032
(
(3 3.88008e-19 0)
(3 -3.45887e-17 0)
(3 -1.36522e-16 0)
(3 2.45585e-16 0)
(3 2.86681e-16 0)
(3 4.66135e-17 0)
(3 -3.4982e-16 0)
(3 -5.56958e-16 0)
(3 -1.39494e-15 0)
(3 -1.61982e-15 0)
(3 -1.70126e-15 0)
(3 -1.36619e-15 0)
(3 -1.06883e-15 0)
(3 -5.91586e-16 0)
(3 -1.79641e-15 0)
(1.13046 0.0183072 0)
(0.61538 0.0180725 0)
(0.548293 0.0332425 0)
(0.488244 0.0348436 0)
(0.412085 0.036578 0)
(0.337349 0.0388878 0)
(0.247526 0.0424365 0)
(0.150633 0.0440941 0)
(0.0531873 0.0460677 0)
(3 -9.80839e-17 0)
(3 -3.13012e-16 0)
(3 -5.42922e-17 0)
(3 -8.85213e-17 0)
(3 -8.59929e-16 0)
(3 -1.56777e-15 0)
(3 -1.78654e-15 0)
(3 -1.83489e-15 0)
(3 -2.73905e-15 0)
(3 -3.26249e-15 0)
(3 -3.1457e-15 0)
(3 -2.05593e-15 0)
(3 -1.1402e-15 0)
(3 -8.43368e-16 0)
(3 -3.85803e-16 0)
(1.16164 0.0860509 0)
(0.604776 0.0768848 0)
(0.525878 0.102499 0)
(0.46234 0.101409 0)
(0.384457 0.10348 0)
(0.312925 0.112088 0)
(0.227807 0.12512 0)
(0.137451 0.131964 0)
(0.0483922 0.138069 0)
(3 -2.29522e-16 0)
(3 -3.81335e-16 0)
(3 -5.32992e-16 0)
(3 -1.06379e-15 0)
(3 -1.59376e-15 0)
(3 -2.19056e-15 0)
(3 -2.03251e-15 0)
(3 -2.35591e-15 0)
(3 -1.9418e-15 0)
(3 -1.02596e-15 0)
(3 -6.22584e-16 0)
(3 -3.61775e-16 0)
(3 3.51194e-16 0)
(3 4.90104e-16 0)
(3 -3.37366e-16 0)
(1.25951 0.154379 0)
(0.61515 0.141382 0)
(0.524518 0.177518 0)
(0.45643 0.174468 0)
(0.375765 0.17589 0)
(0.30367 0.186396 0)
(0.218692 0.205144 0)
(0.130026 0.213406 0)
(0.0454767 0.220572 0)
(3 1.5364e-16 0)
(3 4.0133e-16 0)
(3 -4.55139e-17 0)
(3 -7.03663e-16 0)
(3 -7.26961e-16 0)
(3 -5.00256e-16 0)
(3 -7.07662e-16 0)
(3 -6.468e-16 0)
(3 -2.00109e-16 0)
(3 3.6985e-16 0)
(3 4.82802e-16 0)
(3 1.9183e-16 0)
(3 2.63832e-16 0)
(3 4.30779e-16 0)
(3 -4.82566e-16 0)
(1.4229 0.219618 0)
(0.635488 0.21558 0)
(0.527875 0.255711 0)
(0.461901 0.249113 0)
(0.386862 0.249664 0)
(0.317484 0.264352 0)
(0.231822 0.289303 0)
(0.139488 0.299037 0)
(0.0482707 0.305663 0)
(3 3.61351e-16 0)
(3 4.48374e-16 0)
(3 2.0531e-16 0)
(3 1.6056e-17 0)
(3 -1.14202e-16 0)
(3 -4.97676e-16 0)
(3 -3.59748e-16 0)
(3 -7.62488e-17 0)
(3 -5.1834e-17 0)
(3 -1.82204e-16 0)
(3 -3.55688e-16 0)
(3 -2.11878e-16 0)
(3 -7.98488e-16 0)
(3 -1.09499e-15 0)
(3 -1.14287e-15 0)
(1.6646 0.285849 0)
(0.671434 0.304718 0)
(0.538563 0.336202 0)
(0.486338 0.320352 0)
(0.427285 0.317199 0)
(0.364271 0.337493 0)
(0.27868 0.37238 0)
(0.174816 0.393673 0)
(0.0636338 0.409565 0)
(3 -1.76166e-16 0)
(3 -1.00578e-16 0)
(3 1.23808e-16 0)
(3 4.85912e-16 0)
(3 4.36638e-16 0)
(3 6.60206e-16 0)
(3 3.9721e-16 0)
(3 6.8515e-17 0)
(3 -6.24688e-16 0)
(3 -1.74219e-15 0)
(3 -1.55847e-15 0)
(3 -1.2726e-15 0)
(3 -1.09776e-15 0)
(3 -8.64994e-16 0)
(3 -2.47024e-15 0)
(2.01854 0.342455 0)
(0.742619 0.407815 0)
(0.584591 0.401029 0)
(0.54468 0.37096 0)
(0.491059 0.373225 0)
(0.42532 0.413032 0)
(0.325685 0.474442 0)
(0.204555 0.518979 0)
(0.0642953 0.546621 0)
(3 -3.83175e-16 0)
(3 -4.51287e-16 0)
(3 1.13571e-16 0)
(3 2.4536e-16 0)
(3 8.02866e-16 0)
(3 1.373e-15 0)
(3 1.06244e-15 0)
(3 5.57524e-16 0)
(3 -4.03983e-16 0)
(3 -1.24697e-15 0)
(3 -7.74225e-16 0)
(3 -1.18698e-15 0)
(3 -1.22552e-15 0)
(3 -9.06387e-16 0)
(3 -1.81634e-15 0)
(2.55116 0.300637 0)
(0.881199 0.482699 0)
(0.668124 0.441553 0)
(0.612507 0.421507 0)
(0.554096 0.444177 0)
(0.480658 0.507895 0)
(0.387063 0.592608 0)
(0.276124 0.650789 0)
(0.115008 0.706696 0)
(3 1.45282e-17 0)
(3 -2.5045e-16 0)
(3 -4.76346e-17 0)
(3 -2.33762e-16 0)
(3 -3.77009e-16 0)
(3 -1.04215e-15 0)
(3 -1.06469e-15 0)
(3 -9.60103e-16 0)
(3 -8.6654e-16 0)
(3 2.61302e-16 0)
(3 9.92069e-16 0)
(3 4.74747e-16 0)
(3 4.76669e-17 0)
(3 -3.77308e-16 0)
(3 -1.09916e-15 0)
(2.99298 0.0860657 0)
(1.08726 0.517706 0)
(0.721598 0.520265 0)
(0.632786 0.500535 0)
(0.571409 0.531345 0)
(0.519676 0.602231 0)
(0.454326 0.700985 0)
(0.326341 0.824182 0)
(0.171073 1.00439 0)
(3 -3.18053e-17 0)
(3 4.07144e-16 0)
(3 -4.98473e-17 0)
(3 -1.04395e-15 0)
(3 -1.78355e-15 0)
(3 -2.07352e-15 0)
(3 -1.20962e-15 0)
(3 -7.65357e-16 0)
(3 -2.35754e-16 0)
(3 2.13556e-16 0)
(3 5.98169e-16 0)
(3 1.0238e-15 0)
(3 7.84917e-16 0)
(3 -4.66753e-17 0)
(3 -5.09491e-16 0)
(3.00887 0.00339429 0)
(1.37796 0.559647 0)
(0.735494 0.61379 0)
(0.662073 0.579543 0)
(0.626808 0.605005 0)
(0.593861 0.676064 0)
(0.558883 0.804536 0)
(0.555925 1.00448 0)
(0.643596 1.30079 0)
(3 -2.71888e-16 0)
(3 -7.37615e-16 0)
(3 -1.21981e-15 0)
(3 -1.24481e-15 0)
(3 -8.56384e-16 0)
(3 -3.00149e-16 0)
(3 -2.84776e-16 0)
(3 -2.56365e-16 0)
(3 -2.2467e-16 0)
(3 -2.16824e-16 0)
(3 -2.33083e-16 0)
(3 -1.33712e-16 0)
(3 -3.52692e-16 0)
(3 -3.33976e-16 0)
(3 -2.5849e-16 0)
(3.00005 7.28411e-06 0)
(2.04924 0.573352 0)
(0.844396 0.687404 0)
(0.75304 0.624892 0)
(0.734668 0.652081 0)
(0.71464 0.73724 0)
(0.709282 0.878974 0)
(0.793039 1.05259 0)
(1.05967 1.23713 0)
(3 -2.11591e-16 0)
(3 -9.84027e-16 0)
(3 -6.17081e-16 0)
(3 1.38066e-16 0)
(3 3.9132e-16 0)
(3 -1.93059e-16 0)
(3 -8.41648e-16 0)
(3 -8.72747e-16 0)
(3 -1.13621e-15 0)
(3 -8.83594e-16 0)
(3 -7.24317e-16 0)
(3 -5.94619e-16 0)
(3 -1.18951e-15 0)
(3 -1.19313e-15 0)
(3 -1.1496e-15 0)
(3 8.12741e-10 0)
(2.93894 0.220463 0)
(1.13862 0.717305 0)
(0.876481 0.678405 0)
(0.835784 0.718134 0)
(0.816279 0.816386 0)
(0.848145 0.921853 0)
(0.966654 1.03849 0)
(1.2593 1.16276 0)
(3 4.34542e-16 0)
(3 7.94507e-16 0)
(3 1.07738e-15 0)
(3 1.0337e-15 0)
(3 6.45297e-16 0)
(3 -2.62908e-18 0)
(3 -4.83597e-16 0)
(3 -3.32311e-16 0)
(3 7.30098e-17 0)
(3 -2.87746e-16 0)
(3 -1.46089e-16 0)
(3 9.63175e-17 0)
(3 3.09699e-17 0)
(3 -5.87013e-16 0)
(3 -1.21994e-15 0)
(3 -1.94592e-11 0)
(3.02907 0.010008 0)
(1.54341 0.702891 0)
(0.940215 0.792164 0)
(0.887754 0.800557 0)
(0.902108 0.865881 0)
(0.960143 0.930997 0)
(1.09209 1.0169 0)
(1.35145 1.08434 0)
(3 5.79705e-16 0)
(3 9.29131e-16 0)
(3 6.3275e-16 0)
(3 4.85062e-16 0)
(3 4.93198e-16 0)
(3 4.63822e-16 0)
(3 4.10044e-17 0)
(3 -7.63941e-16 0)
(3 -9.49616e-16 0)
(3 -9.9878e-16 0)
(3 -9.58805e-16 0)
(3 -3.86297e-16 0)
(3 -4.92571e-16 0)
(3 -5.19675e-16 0)
(3 -9.1494e-16 0)
(3 -2.52473e-12 0)
(3.00027 5.8505e-05 0)
(2.50956 0.470227 0)
(1.12283 0.829566 0)
(0.976447 0.839911 0)
(1.00421 0.872966 0)
(1.05989 0.92486 0)
(1.18177 0.985827 0)
(1.38968 1.02824 0)
(3 -2.55961e-16 0)
(3 -4.41982e-16 0)
(3 -7.4971e-16 0)
(3 -1.33456e-15 0)
(3 -9.81626e-16 0)
(3 -6.35924e-16 0)
(3 -2.69333e-16 0)
(3 -1.05737e-15 0)
(3 -2.19207e-15 0)
(3 -1.90078e-15 0)
(3 -1.12455e-15 0)
(3 -1.95964e-15 0)
(3 -1.83843e-15 0)
(3 -1.62524e-15 0)
(3 -9.37703e-16 0)
(3 -7.58213e-14 0)
(3 1.83136e-08 0)
(3.05971 0.0523381 0)
(1.51616 0.813537 0)
(1.05826 0.918076 0)
(1.08157 0.934795 0)
(1.14172 0.962746 0)
(1.25204 0.988447 0)
(1.41902 0.997967 0)
(3 -4.82374e-17 0)
(3 -3.49171e-16 0)
(3 -8.9368e-16 0)
(3 -1.42132e-15 0)
(3 -1.79494e-15 0)
(3 -1.74025e-15 0)
(3 -1.85355e-15 0)
(3 -1.88291e-15 0)
(3 -2.11419e-15 0)
(3 -2.08304e-15 0)
(3 -1.2684e-15 0)
(3 -1.26626e-15 0)
(3 -1.0216e-15 0)
(3 -9.97715e-16 0)
(3 -3.29325e-16 0)
(3 -5.55593e-16 0)
(3 -4.83853e-10 0)
(3.00298 0.000896423 0)
(2.47482 0.552202 0)
(1.25823 0.940123 0)
(1.1653 0.938828 0)
(1.23796 0.951529 0)
(1.32631 0.97082 0)
(1.45905 0.978191 0)
(3 -1.35079e-16 0)
(3 -4.52389e-16 0)
(3 -6.35065e-16 0)
(3 -3.50084e-16 0)
(3 -4.65992e-16 0)
(3 -1.38313e-15 0)
(3 -1.94716e-15 0)
(3 -1.09394e-15 0)
(3 -5.84442e-16 0)
(3 -1.12386e-15 0)
(3 -1.06845e-15 0)
(3 1.45252e-16 0)
(3 9.92957e-16 0)
(3 1.14198e-15 0)
(3 3.40097e-16 0)
(3 3.79399e-16 0)
(3 -2.759e-10 0)
(3 1.90563e-06 0)
(3.04735 0.0601272 0)
(1.71277 0.867878 0)
(1.24801 0.997307 0)
(1.30152 0.997259 0)
(1.3772 1.00615 0)
(1.48655 1.00009 0)
(3 -2.7532e-16 0)
(3 -2.75995e-16 0)
(3 -3.98724e-16 0)
(3 -1.66349e-17 0)
(3 4.28278e-16 0)
(3 1.6985e-16 0)
(3 1.7028e-16 0)
(3 3.51688e-16 0)
(3 1.27811e-15 0)
(3 1.51255e-15 0)
(3 2.79759e-16 0)
(3 4.17068e-17 0)
(3 5.28205e-16 0)
(3 4.38049e-16 0)
(3 -7.09548e-16 0)
(3 -9.55817e-16 0)
(3 -3.70489e-11 0)
(3 1.27103e-10 0)
(3.0025 0.0014726 0)
(2.71704 0.42849 0)
(1.51604 0.984679 0)
(1.357 1.00695 0)
(1.44758 0.996563 0)
(1.53278 0.990767 0)
(3 -1.2102e-16 0)
(3 5.39484e-16 0)
(3 5.54697e-16 0)
(3 3.462e-16 0)
(3 2.62622e-17 0)
(3 -1.00662e-16 0)
(3 -7.56696e-17 0)
(3 -5.81308e-16 0)
(3 -2.014e-16 0)
(3 5.70315e-16 0)
(3 4.38388e-16 0)
(3 -5.15134e-16 0)
(3 -1.22452e-15 0)
(3 -1.04392e-15 0)
(3 -8.22462e-16 0)
(3 1.29179e-16 0)
(3 -6.36014e-13 0)
(3 -1.41231e-12 0)
(3 3.42945e-06 0)
(3.01992 0.0307508 0)
(2.19291 0.786244 0)
(1.46165 1.04146 0)
(1.4783 1.03436 0)
(1.58462 1.00544 0)
(3 3.02532e-16 0)
(3 1.97547e-16 0)
(3 -6.3068e-17 0)
(3 -5.1437e-16 0)
(3 -1.0508e-15 0)
(3 -4.36507e-16 0)
(3 -1.43635e-16 0)
(3 -5.24149e-16 0)
(3 -9.94251e-16 0)
(3 -7.6257e-16 0)
(3 4.99917e-17 0)
(3 7.21004e-18 0)
(3 -3.06292e-16 0)
(3 -2.26964e-16 0)
(3 4.57283e-16 0)
(3 1.20128e-15 0)
(3 -5.12255e-16 0)
(3 -7.70788e-13 0)
(3 5.03657e-10 0)
(3.00036 0.00068335 0)
(2.95511 0.181911 0)
(1.91025 0.920212 0)
(1.55426 1.04735 0)
(1.60181 1.04283 0)
(3 1.62862e-16 0)
(3 4.31765e-17 0)
(3 -1.68114e-16 0)
(3 -1.83422e-16 0)
(3 -3.479e-16 0)
(3 1.97494e-16 0)
(3 8.26939e-16 0)
(3 5.7899e-16 0)
(3 3.66577e-16 0)
(3 -1.55081e-16 0)
(3 -7.85812e-18 0)
(3 -4.89997e-16 0)
(3 -2.914e-16 0)
(3 1.67269e-16 0)
(3 4.59119e-16 0)
(3 5.03635e-16 0)
(3 2.77134e-16 0)
(3 -1.08099e-13 0)
(3 -5.80545e-14 0)
(3 1.00466e-06 0)
(3.00267 0.00895124 0)
(2.72739 0.416486 0)
(1.82867 0.973154 0)
(1.65631 1.06368 0)
(3 -1.52379e-16 0)
(3 -1.62466e-16 0)
(3 3.78751e-16 0)
(3 1.10713e-15 0)
(3 7.90157e-16 0)
(3 8.216e-16 0)
(3 9.89152e-16 0)
(3 9.75608e-16 0)
(3 8.64516e-16 0)
(3 -1.52133e-16 0)
(3 -4.4839e-16 0)
(3 -5.19546e-16 0)
(3 -3.83485e-16 0)
(3 -4.11133e-16 0)
(3 -1.55707e-16 0)
(3 2.30925e-16 0)
(3 3.9535e-16 0)
(3 -1.15768e-15 0)
(3 -1.01394e-14 0)
(3 2.13148e-10 0)
(3 5.78273e-05 0)
(2.99999 0.034455 0)
(2.48921 0.603997 0)
(1.85175 1.00496 0)
(3 -3.82795e-17 0)
(3 -2.18711e-16 0)
(3 7.73058e-17 0)
(3 3.75116e-16 0)
(3 8.98564e-16 0)
(3 9.9728e-16 0)
(3 3.14835e-16 0)
(3 6.19629e-16 0)
(3 6.45068e-16 0)
(3 5.47952e-16 0)
(3 -3.1582e-18 0)
(3 1.60982e-16 0)
(3 4.84424e-16 0)
(3 -3.52421e-16 0)
(3 -6.59834e-16 0)
(3 -1.1929e-15 0)
(3 -9.70542e-16 0)
(3 -2.85673e-17 0)
(3 5.94739e-16 0)
(3 1.7361e-14 0)
(3 3.51573e-08 0)
(3.00001 0.000626668 0)
(2.97324 0.0826424 0)
(2.38114 0.699391 0)
(3 -1.61087e-16 0)
(3 -6.24387e-17 0)
(3 4.90758e-17 0)
(3 1.60042e-16 0)
(3 6.49656e-16 0)
(3 6.78174e-16 0)
(3 6.09085e-16 0)
(3 7.60024e-16 0)
(3 1.05502e-15 0)
(3 1.11371e-15 0)
(3 9.32113e-16 0)
(3 6.2714e-16 0)
(3 3.02511e-16 0)
(3 -3.75555e-16 0)
(3 -5.12933e-16 0)
(3 -1.03531e-15 0)
(3 -1.0037e-15 0)
(3 -3.37439e-16 0)
(3 7.96572e-16 0)
(3 3.72215e-16 0)
(3 3.35453e-12 0)
(3 9.33573e-07 0)
(2.99983 0.00270908 0)
(2.94096 0.126515 0)
(3 5.1501e-18 0)
(3 3.1009e-16 0)
(3 2.82328e-16 0)
(3 2.21757e-16 0)
(3 4.20268e-16 0)
(3 1.30803e-15 0)
(3 2.07667e-15 0)
(3 1.47258e-15 0)
(3 1.48061e-15 0)
(3 1.62155e-15 0)
(3 1.70016e-15 0)
(3 1.14902e-15 0)
(3 4.17465e-16 0)
(3 5.58547e-16 0)
(3 4.90371e-16 0)
(3 5.74026e-16 0)
(3 -2.53087e-16 0)
(3 -7.1469e-16 0)
(3 3.85316e-16 0)
(3 -2.96936e-16 0)
(3 -1.26588e-15 0)
(3 2.38956e-10 0)
(3 7.8e-06 0)
(2.99922 0.00525665 0)
(3 1.4574e-16 0)
(3 6.04815e-17 0)
(3 1.94321e-16 0)
(3 1.55137e-16 0)
(3 5.03012e-16 0)
(3 2.98163e-16 0)
(3 5.81151e-16 0)
(3 6.95519e-16 0)
(3 1.39617e-15 0)
(3 1.43759e-15 0)
(3 1.02624e-15 0)
(3 1.78453e-16 0)
(3 1.17754e-16 0)
(3 6.60188e-16 0)
(3 1.34794e-15 0)
(3 8.75881e-16 0)
(3 4.27577e-17 0)
(3 -9.40129e-16 0)
(3 -1.24732e-15 0)
(3 -9.78208e-16 0)
(3 -5.07027e-16 0)
(3 1.58919e-14 0)
(3 3.54607e-09 0)
(3 2.21049e-05 0)
(3 8.13042e-17 0)
(3 -3.48342e-16 0)
(3 -5.15095e-16 0)
(3 -5.36239e-16 0)
(3 -3.42965e-16 0)
(3 -7.38979e-16 0)
(3 -8.07514e-16 0)
(3 -4.25621e-16 0)
(3 8.555e-18 0)
(3 3.93842e-16 0)
(3 4.09482e-16 0)
(3 5.21812e-17 0)
(3 1.63476e-16 0)
(3 3.10272e-16 0)
(3 9.71157e-16 0)
(3 8.44062e-16 0)
(3 8.16473e-16 0)
(3 -1.43143e-16 0)
(3 -1.07514e-15 0)
(3 -6.82644e-16 0)
(3 5.42149e-16 0)
(3 7.90414e-16 0)
(3 2.28485e-13 0)
(3 1.36802e-08 0)
(3 -7.38491e-17 0)
(3 -3.03339e-16 0)
(3 -6.62525e-16 0)
(3 -2.41438e-16 0)
(3 -2.79624e-16 0)
(3 -3.51071e-16 0)
(3 -1.25201e-15 0)
(3 -1.06262e-15 0)
(3 -8.79373e-16 0)
(3 6.97232e-16 0)
(3 1.29995e-15 0)
(3 1.67315e-15 0)
(3 1.33168e-15 0)
(3 9.30504e-16 0)
(3 8.19241e-16 0)
(3 8.91248e-16 0)
(3 1.64849e-15 0)
(3 2.04918e-15 0)
(3 1.0161e-15 0)
(3 5.73152e-16 0)
(3 3.20508e-16 0)
(3 1.24155e-15 0)
(3 1.19447e-15 0)
(3 9.75401e-13 0)
(3 2.70418e-18 0)
(3 5.24782e-17 0)
(3 -4.45682e-17 0)
(3 -4.61187e-17 0)
(3 -7.66256e-17 0)
(3 -1.57933e-17 0)
(3 -5.76196e-17 0)
(3 3.36167e-16 0)
(3 3.57675e-16 0)
(3 3.34805e-16 0)
(3 1.00374e-15 0)
(3 1.54384e-15 0)
(3 1.47513e-15 0)
(3 1.19487e-15 0)
(3 1.96033e-16 0)
(3 -1.58186e-16 0)
(3 1.26069e-15 0)
(3 1.80738e-15 0)
(3 8.59779e-16 0)
(3 -8.60274e-16 0)
(3 -1.32892e-15 0)
(3 -4.32872e-16 0)
(3 -1.88994e-16 0)
(3 -2.15895e-16 0)
(3 1.84904e-16 0)
(3 6.22953e-16 0)
(3 5.05023e-16 0)
(3 1.76464e-16 0)
(3 -7.16577e-16 0)
(3 -3.77863e-16 0)
(3 8.55447e-16 0)
(3 1.09728e-15 0)
(3 7.27218e-16 0)
(3 -1.03083e-16 0)
(3 -1.32037e-16 0)
(3 5.31692e-16 0)
(3 1.09581e-15 0)
(3 1.089e-15 0)
(3 3.38647e-16 0)
(3 3.02778e-16 0)
(3 3.6664e-16 0)
(3 -2.00668e-16 0)
(3 -8.84009e-16 0)
(3 -1.92356e-15 0)
(3 -1.96123e-15 0)
(3 -1.77825e-15 0)
(3 -8.21572e-16 0)
(3 -7.15866e-16 0)
(3 1.77914e-17 0)
(3 6.35713e-17 0)
(3 3.77349e-16 0)
(3 2.10393e-16 0)
(3 -4.23866e-16 0)
(3 -2.78558e-16 0)
(3 1.01811e-17 0)
(3 1.36515e-16 0)
(3 3.5156e-16 0)
(3 7.71585e-17 0)
(3 -2.57362e-16 0)
(3 -9.11651e-17 0)
(3 5.3807e-16 0)
(3 9.02295e-16 0)
(3 4.72848e-16 0)
(3 2.41557e-16 0)
(3 -1.79617e-16 0)
(3 -1.51212e-15 0)
(3 -1.82331e-15 0)
(3 -1.90968e-15 0)
(3 -1.49064e-15 0)
(3 -9.05142e-16 0)
(3 -4.68084e-16 0)
(3 1.11072e-16 0)
(3 -1.89448e-16 0)
(3 -9.80373e-17 0)
(3 2.22845e-16 0)
(3 3.44909e-16 0)
(3 6.14454e-16 0)
(3 3.78034e-16 0)
(3 -1.49141e-16 0)
(3 -9.47365e-16 0)
(3 -7.68922e-16 0)
(3 -4.36085e-16 0)
(3 -1.60926e-16 0)
(3 4.45651e-16 0)
(3 9.90629e-16 0)
(3 7.50881e-16 0)
(3 3.93872e-16 0)
(3 7.62682e-17 0)
(3 -6.35787e-16 0)
(3 -1.27152e-15 0)
(3 -1.35836e-15 0)
(3 -1.73059e-16 0)
(3 -1.04821e-16 0)
(3 1.50874e-16 0)
(3 1.43491e-16 0)
(3 3.14898e-16 0)
(3 -9.93355e-17 0)
(3 -1.19133e-16 0)
(3 5.43174e-17 0)
(3 1.31499e-16 0)
(3 3.20696e-16 0)
(3 -1.77112e-16 0)
(3 -7.63817e-16 0)
(3 -1.33446e-15 0)
(3 -1.43906e-15 0)
(3 -9.45743e-16 0)
(3 -2.18223e-16 0)
(3 1.45357e-16 0)
(3 1.27531e-16 0)
(3 -1.91741e-16 0)
(3 7.50013e-16 0)
(3 1.39448e-15 0)
(3 3.61491e-16 0)
(3 -4.08143e-16 0)
(3 -6.42415e-17 0)
(3 1.44662e-17 0)
(3 -2.14192e-16 0)
(3 -7.59859e-16 0)
(3 -5.63745e-16 0)
(3 -8.90373e-16 0)
(3 1.68917e-17 0)
(3 -2.2356e-16 0)
(3 -6.6128e-16 0)
(3 -8.37979e-16 0)
(3 -5.06874e-16 0)
(3 -3.31607e-16 0)
(3 -6.78044e-17 0)
(3 -6.91593e-16 0)
(3 -9.81617e-16 0)
(3 -1.03789e-15 0)
(3 -1.19602e-15 0)
(3 -1.34714e-15 0)
(3 -1.33306e-15 0)
(3 -8.19003e-16 0)
(3 8.37504e-16 0)
(3 1.40877e-15 0)
(3 1.0483e-15 0)
(3 7.51461e-16 0)
(3 5.53473e-16 0)
(3 6.37694e-17 0)
(3 -1.49176e-15 0)
(3 -2.45654e-15 0)
(3 -3.65336e-15 0)
(3 -3.63132e-15 0)
(3 1.64841e-16 0)
(3 2.63992e-17 0)
(3 -2.0431e-16 0)
(3 1.12962e-16 0)
(3 -2.34516e-16 0)
(3 -3.92968e-16 0)
(3 -1.00869e-15 0)
(3 -9.82705e-16 0)
(3 -1.47097e-15 0)
(3 -9.72744e-16 0)
(3 -1.0775e-15 0)
(3 -1.70764e-15 0)
(3 -1.41306e-15 0)
(3 -1.26548e-16 0)
(3 4.66417e-16 0)
(3 6.15923e-17 0)
(3 4.5149e-16 0)
(3 9.99955e-16 0)
(3 8.82406e-16 0)
(3 7.04738e-16 0)
(3 1.99499e-16 0)
(3 -1.17933e-15 0)
(3 -2.15846e-15 0)
(3 -2.06459e-15 0)
(3 1.41244e-16 0)
(3 2.76762e-16 0)
(3 1.17645e-16 0)
(3 -3.41284e-17 0)
(3 -5.14562e-16 0)
(3 -1.0211e-15 0)
(3 -8.03691e-16 0)
(3 -3.18956e-16 0)
(3 -9.5307e-17 0)
(3 6.26952e-17 0)
(3 -5.1578e-17 0)
(3 6.03296e-17 0)
(3 -6.24005e-16 0)
(3 -5.03653e-16 0)
(3 1.63993e-16 0)
(3 4.92499e-16 0)
(3 7.57318e-16 0)
(3 8.13825e-16 0)
(3 1.02572e-15 0)
(3 3.52855e-16 0)
(3 5.62062e-17 0)
(3 -1.42638e-15 0)
(3 -1.8926e-15 0)
(3 -1.32276e-15 0)
(3 -5.045e-17 0)
(3 -1.26961e-16 0)
(3 -9.81017e-17 0)
(3 -3.0541e-16 0)
(3 -3.68425e-16 0)
(3 -7.03125e-16 0)
(3 -1.63053e-17 0)
(3 8.33962e-16 0)
(3 1.21972e-15 0)
(3 5.75288e-16 0)
(3 2.08604e-16 0)
(3 1.16886e-16 0)
(3 9.81078e-17 0)
(3 2.35009e-16 0)
(3 3.09629e-16 0)
(3 1.21546e-15 0)
(3 2.04073e-15 0)
(3 1.39542e-15 0)
(3 5.84739e-16 0)
(3 1.94009e-16 0)
(3 -2.74071e-16 0)
(3 -9.64109e-16 0)
(3 -1.48193e-15 0)
(3 -8.25007e-16 0)
(3 -2.37075e-16 0)
(3 -2.55815e-16 0)
(3 2.93838e-16 0)
(3 4.91086e-16 0)
(3 2.87716e-16 0)
(3 5.77322e-16 0)
(3 7.49306e-16 0)
(3 1.39318e-15 0)
(3 1.37308e-15 0)
(3 6.28378e-16 0)
(3 1.35436e-16 0)
(3 3.00121e-16 0)
(3 4.90343e-16 0)
(3 1.90905e-16 0)
(3 -4.37628e-16 0)
(3 1.71538e-16 0)
(3 6.77704e-16 0)
(3 9.44368e-16 0)
(3 6.02557e-16 0)
(3 1.2625e-15 0)
(3 1.47148e-15 0)
(3 1.95626e-15 0)
(3 1.15475e-15 0)
(3 3.20039e-16 0)
(3 1.15971e-17 0)
(3 -3.04603e-17 0)
(3 2.95798e-16 0)
(3 4.9475e-16 0)
(3 1.38513e-15 0)
(3 2.31235e-15 0)
(3 2.20999e-15 0)
(3 1.44929e-15 0)
(3 7.88621e-16 0)
(3 8.95111e-16 0)
(3 5.72907e-16 0)
(3 -3.46716e-16 0)
(3 -1.81692e-16 0)
(3 -1.90418e-16 0)
(3 -8.27742e-16 0)
(3 -8.43811e-16 0)
(3 6.0878e-17 0)
(3 6.03711e-16 0)
(3 1.74712e-15 0)
(3 2.21611e-15 0)
(3 2.1303e-15 0)
(3 1.77205e-15 0)
(3 1.39016e-15 0)
(3 9.20385e-16 0)
(3 6.12825e-17 0)
(3 -1.23651e-16 0)
(3 8.5528e-17 0)
(3 2.50733e-16 0)
(3 1.23606e-15 0)
(3 1.03003e-15 0)
(3 9.44778e-16 0)
(3 -3.01594e-17 0)
(3 -5.94533e-16 0)
(3 -1.89575e-16 0)
(3 2.30678e-16 0)
(3 3.03289e-16 0)
(3 1.14824e-15 0)
(3 7.97006e-16 0)
(3 9.06875e-17 0)
(3 -1.17763e-15 0)
(3 -1.29504e-15 0)
(3 -5.23481e-16 0)
(3 8.95707e-16 0)
(3 1.3796e-15 0)
(3 1.73909e-15 0)
(3 6.40915e-16 0)
(3 3.09803e-16 0)
(3 4.37229e-17 0)
(3 -4.04008e-17 0)
(3 1.20467e-16 0)
(3 1.92041e-16 0)
(3 6.97501e-16 0)
(3 6.73869e-16 0)
(3 7.30404e-16 0)
(3 5.23094e-16 0)
(3 1.88695e-16 0)
(3 -5.51102e-16 0)
(3 -6.24309e-16 0)
(3 -3.34567e-16 0)
(3 3.79163e-16 0)
(3 6.58577e-16 0)
(3 6.20063e-16 0)
(3 -1.76317e-16 0)
(3 -9.09401e-16 0)
(3 -1.20762e-15 0)
(3 -6.4823e-16 0)
(3 -1.33432e-16 0)
(3 5.42263e-16 0)
(3 1.69921e-15 0)
(3 1.1953e-15 0)
(3 3.53435e-16 0)
(3 -1.87377e-16 0)
(1.68627 1.43356 0)
(2.28826 1.42407 0)
(2.67336 1.44881 0)
(2.86589 0.895498 0)
(2.9108 0.453508 0)
(2.87588 0.084575 0)
(2.8057 -0.253708 0)
(2.88369 -0.326149 0)
(2.86636 -0.286699 0)
(2.80656 -0.321053 0)
(2.796 -0.27899 0)
(2.80586 -0.180135 0)
(2.80408 -0.154737 0)
(2.78177 -0.110282 0)
(2.76826 -0.0744954 0)
(2.74569 -0.0631683 0)
(2.74935 -0.039251 0)
(2.7741 -0.00377422 0)
(2.78407 0.00556945 0)
(2.78926 0.00400187 0)
(2.80191 0.000936518 0)
(2.80879 0.00338291 0)
(2.79696 0.0109311 0)
(2.79079 0.0165213 0)
(2.79379 0.0174281 0)
(2.79845 0.0166299 0)
(2.81764 0.0119647 0)
(2.84556 0.00246812 0)
(2.85259 -0.00354907 0)
(2.85074 -0.0068054 0)
(2.8412 -0.00946524 0)
(2.82178 -0.00449874 0)
(2.81391 0.00409121 0)
(2.81404 0.00689235 0)
(2.81463 0.0108021 0)
(2.81523 0.015841 0)
(2.82323 0.0138538 0)
(2.85584 -0.000474063 0)
(2.86702 -0.0128697 0)
(2.85354 -0.0139561 0)
(2.84201 -0.0133725 0)
(2.8237 -0.00994748 0)
(2.81621 -0.00544856 0)
(2.81415 -0.00324446 0)
(2.8133 -0.000284272 0)
(2.81701 0.00142828 0)
(2.82047 0.0015464 0)
(2.81941 -0.000173622 0)
(2.81461 -0.00446767 0)
(2.81111 -0.0119511 0)
(2.81385 -0.0214434 0)
(2.82458 -0.0284412 0)
(2.84513 -0.0291269 0)
(2.87894 -0.0227969 0)
(2.91169 -0.0135342 0)
(2.92307 -0.00897938 0)
(2.93144 -0.00797399 0)
(2.94445 -0.00815759 0)
(2.9606 -0.00923086 0)
(2.96715 -0.00972248 0)
(2.97258 -0.00931036 0)
(2.97815 -0.00765265 0)
(2.98102 -0.00586482 0)
(2.98368 -0.00430163 0)
(2.98681 -0.00318798 0)
(2.98955 -0.00230137 0)
(2.9924 -0.00141027 0)
(3.00069 -0.000465098 0)
(3.01701 0.000177475 0)
(3.03298 0.000411378 0)
(3.03674 0.000445836 0)
(3.03659 0.000456326 0)
(3.03633 0.000482297 0)
(3.03551 0.000507937 0)
(3.0333 0.000282561 0)
(3.02815 6.94779e-06 0)
(3.01774 -7.00003e-05 0)
(3.00532 -2.12246e-05 0)
(3.00037 -7.97583e-07 0)
(3 -1.23346e-08 0)
(3 -9.83777e-09 0)
(3 -9.35945e-09 0)
(3 -7.94504e-09 0)
(3 -5.87663e-09 0)
(3 -3.4333e-09 0)
(3 -1.01476e-09 0)
(3 -7.22077e-11 0)
(3 -2.20704e-13 0)
(3 2.59382e-13 0)
(3 2.4898e-13 0)
(3 1.83552e-13 0)
(3 7.55795e-14 0)
(3 9.82537e-15 0)
(3 6.13672e-16 0)
(3 4.27101e-16 0)
(3 2.13732e-16 0)
(1.95555 1.19913 0)
(2.53715 0.843802 0)
(2.82159 0.39538 0)
(3.02054 0.149635 0)
(3.08972 -0.169199 0)
(3.05456 -0.485814 0)
(3.02387 -0.683075 0)
(3.07396 -0.68771 0)
(3.08193 -0.54871 0)
(3.036 -0.405953 0)
(2.94641 -0.324383 0)
(2.89157 -0.217641 0)
(2.85867 -0.141926 0)
(2.8345 -0.118293 0)
(2.81162 -0.0763018 0)
(2.80463 -0.0489073 0)
(2.82249 -0.0187741 0)
(2.81289 0.0428519 0)
(2.79992 0.0564189 0)
(2.79723 0.0553833 0)
(2.81217 0.0340777 0)
(2.82188 -0.00123521 0)
(2.81405 -0.0127049 0)
(2.81032 -0.000948909 0)
(2.82271 0.0114597 0)
(2.83638 0.0208835 0)
(2.85486 0.0287052 0)
(2.87491 0.0259455 0)
(2.87962 0.0143024 0)
(2.87801 -0.00378485 0)
(2.86906 -0.0257522 0)
(2.85284 -0.0288204 0)
(2.84777 -0.0175389 0)
(2.84941 -0.0128737 0)
(2.85301 -0.00562254 0)
(2.85597 0.0108418 0)
(2.86293 0.0279597 0)
(2.88169 0.0202982 0)
(2.88471 -0.00355215 0)
(2.86611 -0.0103948 0)
(2.85314 -0.0166878 0)
(2.83896 -0.0231347 0)
(2.83073 -0.0236646 0)
(2.82572 -0.0212139 0)
(2.82955 -0.0138443 0)
(2.83691 -0.00322017 0)
(2.84 0.00524152 0)
(2.83618 0.00760628 0)
(2.82801 0.00223172 0)
(2.82229 -0.0107087 0)
(2.82396 -0.0281547 0)
(2.83453 -0.0452114 0)
(2.85729 -0.0549872 0)
(2.89474 -0.0496951 0)
(2.91966 -0.0317724 0)
(2.91924 -0.0197483 0)
(2.92496 -0.0159377 0)
(2.93746 -0.0143967 0)
(2.9558 -0.0137457 0)
(2.96658 -0.0134821 0)
(2.97077 -0.0131203 0)
(2.9759 -0.0113905 0)
(2.97883 -0.00971328 0)
(2.98175 -0.00878693 0)
(2.98447 -0.00791984 0)
(2.98721 -0.0067933 0)
(2.99095 -0.00563222 0)
(3.00023 -0.00379293 0)
(3.01731 -0.00127873 0)
(3.03347 0.000566828 0)
(3.03733 0.00116823 0)
(3.03724 0.00129112 0)
(3.03692 0.00145474 0)
(3.03589 0.00158634 0)
(3.03373 0.00159552 0)
(3.02889 0.00123098 0)
(3.0187 0.000628688 0)
(3.00569 0.00015678 0)
(3.00038 9.39317e-06 0)
(3 3.92428e-08 0)
(3 -1.90295e-08 0)
(3 -1.90628e-08 0)
(3 -1.88782e-08 0)
(3 -1.71283e-08 0)
(3 -1.18194e-08 0)
(3 -3.7869e-09 0)
(3 -2.6218e-10 0)
(3 -9.8131e-13 0)
(3 6.45794e-13 0)
(3 6.2262e-13 0)
(3 5.10595e-13 0)
(3 2.48724e-13 0)
(3 3.61e-14 0)
(3 1.62933e-15 0)
(3 2.91156e-16 0)
(3 1.20273e-16 0)
(1.83092 1.13056 0)
(2.19187 1.03202 0)
(2.56881 0.683786 0)
(2.84198 0.292007 0)
(2.93025 0.258595 0)
(2.97836 0.116942 0)
(3.02726 -0.17222 0)
(3.08289 -0.215121 0)
(3.14248 -0.24396 0)
(3.11211 -0.322168 0)
(3.08649 -0.359538 0)
(3.06798 -0.384057 0)
(3.04435 -0.331895 0)
(3.01972 -0.284556 0)
(2.97489 -0.207483 0)
(2.94911 -0.143882 0)
(2.94193 -0.0940177 0)
(2.88397 -0.00223561 0)
(2.85095 0.0528605 0)
(2.85244 0.0494157 0)
(2.85777 0.033412 0)
(2.86967 0.0125007 0)
(2.86877 0.00129951 0)
(2.86324 -0.00679154 0)
(2.88107 -0.00490675 0)
(2.90275 -0.000960639 0)
(2.92404 0.0129473 0)
(2.93509 0.0253561 0)
(2.93828 0.0300755 0)
(2.92898 0.0227819 0)
(2.91611 0.00402419 0)
(2.91343 -0.00647823 0)
(2.91707 -0.0121367 0)
(2.92328 -0.0138115 0)
(2.92876 -0.00981803 0)
(2.933 -0.000823264 0)
(2.93886 0.0022613 0)
(2.95157 -0.00458472 0)
(2.93089 -0.00890988 0)
(2.90856 -0.0071551 0)
(2.88668 -0.0014486 0)
(2.87073 -4.09227e-05 0)
(2.85662 -0.00228308 0)
(2.85579 -0.00635259 0)
(2.86842 -0.00523515 0)
(2.88087 0.00400981 0)
(2.88644 0.0142023 0)
(2.88337 0.0202062 0)
(2.87298 0.0168431 0)
(2.8626 0.000413943 0)
(2.86008 -0.0261014 0)
(2.86973 -0.0542579 0)
(2.89543 -0.0720448 0)
(2.93353 -0.0679037 0)
(2.94466 -0.0484135 0)
(2.93484 -0.0366659 0)
(2.93707 -0.0322653 0)
(2.94747 -0.0284885 0)
(2.96355 -0.0233652 0)
(2.97136 -0.0210896 0)
(2.97474 -0.0201153 0)
(2.97846 -0.0171647 0)
(2.98109 -0.0144378 0)
(2.98403 -0.0133415 0)
(2.98661 -0.0124581 0)
(2.9892 -0.0113709 0)
(2.99354 -0.0102798 0)
(3.00327 -0.00826785 0)
(3.02048 -0.00408487 0)
(3.03528 -0.000219079 0)
(3.0383 0.00100047 0)
(3.03825 0.00130354 0)
(3.03773 0.00191469 0)
(3.03636 0.00267036 0)
(3.03372 0.00308305 0)
(3.02823 0.00303276 0)
(3.01724 0.00205841 0)
(3.00469 0.000571478 0)
(3.00027 3.0826e-05 0)
(3 1.02565e-07 0)
(3 -3.27439e-08 0)
(3 -3.22973e-08 0)
(3 -3.135e-08 0)
(3 -2.87322e-08 0)
(3 -1.84839e-08 0)
(3 -4.90304e-09 0)
(3 -2.48083e-10 0)
(3 1.082e-13 0)
(3 1.06121e-12 0)
(3 1.00024e-12 0)
(3 7.92354e-13 0)
(3 3.38133e-13 0)
(3 3.7449e-14 0)
(3 8.86231e-16 0)
(3 6.84587e-16 0)
(3 6.48333e-16 0)
(1.72314 1.07144 0)
(2.07276 0.929243 0)
(2.35965 0.718412 0)
(2.52825 0.61415 0)
(2.67257 0.518633 0)
(2.86538 0.262988 0)
(2.95381 -0.0398061 0)
(3.00506 -0.135439 0)
(3.06211 -0.130418 0)
(3.09507 -0.254269 0)
(3.10138 -0.424327 0)
(3.10406 -0.465852 0)
(3.16349 -0.411385 0)
(3.1553 -0.352011 0)
(3.112 -0.316275 0)
(3.06785 -0.257633 0)
(3.04011 -0.193588 0)
(2.99865 -0.10365 0)
(2.96493 -0.0469377 0)
(2.94293 -0.0398711 0)
(2.90705 -0.0141995 0)
(2.9179 0.0317797 0)
(2.9195 0.0643971 0)
(2.92477 0.0667678 0)
(2.93781 0.0604526 0)
(2.962 0.0457227 0)
(2.98325 0.0258492 0)
(2.99096 0.0109053 0)
(2.98815 -0.00217508 0)
(2.98409 -0.0156303 0)
(2.98837 -0.0204299 0)
(2.9931 -0.0213509 0)
(3.00093 -0.0141644 0)
(3.00735 0.00386196 0)
(3.01322 0.0253065 0)
(3.01813 0.0346582 0)
(3.01866 0.022071 0)
(3.02011 0.00839619 0)
(2.99422 -0.0092785 0)
(2.96231 -0.0103622 0)
(2.93798 -0.00172034 0)
(2.9158 0.0027141 0)
(2.90076 0.00213124 0)
(2.90379 -0.00575665 0)
(2.9187 -0.014494 0)
(2.93388 -0.0159114 0)
(2.94238 -0.0100509 0)
(2.94232 -0.00435025 0)
(2.93487 -0.00630151 0)
(2.92496 -0.0188538 0)
(2.91989 -0.0393398 0)
(2.92738 -0.0598233 0)
(2.95337 -0.0706114 0)
(2.98517 -0.0641214 0)
(2.97717 -0.0521403 0)
(2.96167 -0.0461012 0)
(2.96035 -0.0422343 0)
(2.96769 -0.036365 0)
(2.97812 -0.029835 0)
(2.98057 -0.0279555 0)
(2.98209 -0.0258119 0)
(2.98203 -0.0224494 0)
(2.98374 -0.019953 0)
(2.98662 -0.0186536 0)
(2.98944 -0.0175203 0)
(2.99202 -0.0164169 0)
(2.99673 -0.0151584 0)
(3.0074 -0.0114997 0)
(3.0251 -0.0051032 0)
(3.03758 -0.000117034 0)
(3.03921 0.00141235 0)
(3.039 0.0018932 0)
(3.03824 0.00277502 0)
(3.03664 0.00379553 0)
(3.03362 0.00439773 0)
(3.02716 0.00411843 0)
(3.01509 0.00249195 0)
(3.00333 0.000558766 0)
(3.00013 2.09766e-05 0)
(3 1.0379e-08 0)
(3 -4.52787e-08 0)
(3 -4.50406e-08 0)
(3 -4.42624e-08 0)
(3 -3.87775e-08 0)
(3 -2.20063e-08 0)
(3 -4.45734e-09 0)
(3 -1.41015e-10 0)
(3 1.18586e-12 0)
(3 1.46468e-12 0)
(3 1.39987e-12 0)
(3 1.02378e-12 0)
(3 3.46724e-13 0)
(3 2.27953e-14 0)
(3 -2.77776e-17 0)
(3 5.19878e-16 0)
(3 1.3045e-15 0)
(1.6621 1.01673 0)
(1.9219 0.946712 0)
(2.16841 0.803677 0)
(2.36628 0.663434 0)
(2.51188 0.598264 0)
(2.657 0.482728 0)
(2.78812 0.248283 0)
(2.87202 0.0846451 0)
(2.93807 0.0577612 0)
(2.97262 -0.00127794 0)
(3.00981 -0.146699 0)
(3.0401 -0.215244 0)
(3.09359 -0.187132 0)
(3.10235 -0.219189 0)
(3.09684 -0.241308 0)
(3.10932 -0.277736 0)
(3.10159 -0.261869 0)
(3.08334 -0.22698 0)
(3.04686 -0.175985 0)
(3.01515 -0.146297 0)
(2.98614 -0.0966908 0)
(2.96068 -0.0232622 0)
(2.96761 0.0266189 0)
(2.9843 0.0574704 0)
(2.99116 0.0620805 0)
(3.00133 0.0579732 0)
(3.0112 0.045791 0)
(3.01333 0.0208674 0)
(3.01272 -0.0036833 0)
(3.02776 -0.0158858 0)
(3.0379 -0.0220639 0)
(3.05242 -0.0278666 0)
(3.06591 -0.0164947 0)
(3.07393 0.00184232 0)
(3.0765 0.0115875 0)
(3.07279 0.0116612 0)
(3.06742 0.00183141 0)
(3.0589 -0.0126407 0)
(3.03488 -0.0228112 0)
(2.99967 -0.0120946 0)
(2.9758 0.00292261 0)
(2.95935 0.0120619 0)
(2.95291 0.0113874 0)
(2.95967 0.00346644 0)
(2.97248 -0.00452609 0)
(2.9838 -0.00836523 0)
(2.98916 -0.00627565 0)
(2.98758 -0.00290523 0)
(2.98087 -0.00590581 0)
(2.97333 -0.01679 0)
(2.97197 -0.0337647 0)
(2.98341 -0.0501924 0)
(3.00589 -0.0609969 0)
(3.01499 -0.0677493 0)
(2.99625 -0.0637342 0)
(2.98553 -0.0559105 0)
(2.98638 -0.0473761 0)
(2.99205 -0.0378634 0)
(2.99391 -0.0338963 0)
(2.99299 -0.03152 0)
(2.98853 -0.028101 0)
(2.98529 -0.0256445 0)
(2.98735 -0.0244135 0)
(2.98988 -0.0234154 0)
(2.99234 -0.0218465 0)
(2.99531 -0.0202173 0)
(3.0013 -0.0176821 0)
(3.013 -0.0120814 0)
(3.03061 -0.00406174 0)
(3.03991 0.000854708 0)
(3.04038 0.00215034 0)
(3.03999 0.00286523 0)
(3.03898 0.00394107 0)
(3.0371 0.00518902 0)
(3.03355 0.00591485 0)
(3.02578 0.00525602 0)
(3.01229 0.00267684 0)
(3.00194 0.000417177 0)
(3.00004 8.68533e-06 0)
(3 -4.90556e-08 0)
(3 -5.9347e-08 0)
(3 -5.92054e-08 0)
(3 -5.75119e-08 0)
(3 -4.63747e-08 0)
(3 -2.10444e-08 0)
(3 -2.73601e-09 0)
(3 -4.12167e-11 0)
(3 2.01841e-12 0)
(3 2.00284e-12 0)
(3 1.80521e-12 0)
(3 1.11557e-12 0)
(3 2.58914e-13 0)
(3 1.03258e-14 0)
(3 -2.33198e-16 0)
(3 -6.96678e-17 0)
(3 2.27127e-16 0)
(1.63419 0.972011 0)
(1.85594 0.903407 0)
(2.03961 0.829599 0)
(2.20066 0.764412 0)
(2.38436 0.662024 0)
(2.56701 0.500972 0)
(2.6637 0.342087 0)
(2.71132 0.30518 0)
(2.75254 0.309998 0)
(2.87072 0.175513 0)
(2.94993 -0.0280755 0)
(2.98425 -0.110076 0)
(3.01747 -0.0928544 0)
(3.04998 -0.148697 0)
(3.08505 -0.260905 0)
(3.09323 -0.325917 0)
(3.11988 -0.317386 0)
(3.10355 -0.258404 0)
(3.09282 -0.242966 0)
(3.07031 -0.223111 0)
(3.04775 -0.169479 0)
(3.02171 -0.0910292 0)
(3.01496 -0.0444807 0)
(3.01979 -0.0114667 0)
(3.02282 0.00333006 0)
(3.02283 0.00571516 0)
(3.01976 0.0129719 0)
(3.01703 0.016414 0)
(3.02468 0.0129033 0)
(3.03818 0.0129671 0)
(3.05241 0.0136778 0)
(3.07721 0.0117909 0)
(3.08987 0.0156514 0)
(3.09343 0.0191773 0)
(3.09496 0.0182236 0)
(3.09078 0.00125875 0)
(3.08142 -0.023393 0)
(3.07174 -0.0271761 0)
(3.04799 -0.0265807 0)
(3.02174 -0.0142392 0)
(3.00566 0.00891502 0)
(3.00099 0.0301406 0)
(3.00396 0.0332545 0)
(3.01118 0.0177066 0)
(3.01885 0.00110228 0)
(3.02112 -0.0071881 0)
(3.01599 -0.00426723 0)
(3.00892 0.00192375 0)
(3.00437 0.00121974 0)
(3.00476 -0.00949205 0)
(3.01229 -0.0291442 0)
(3.02296 -0.0516165 0)
(3.02601 -0.0701951 0)
(3.01646 -0.0758415 0)
(3.0064 -0.070834 0)
(3.00583 -0.0581196 0)
(3.01008 -0.0451848 0)
(3.01085 -0.0389696 0)
(3.00936 -0.0361985 0)
(3.00263 -0.0318429 0)
(2.99286 -0.0292708 0)
(2.98878 -0.0284794 0)
(2.99034 -0.0277463 0)
(2.99227 -0.0267457 0)
(2.99441 -0.0253326 0)
(2.99805 -0.0236859 0)
(3.00515 -0.0195745 0)
(3.01939 -0.0118551 0)
(3.03678 -0.00299118 0)
(3.0427 0.00144762 0)
(3.04247 0.0027727 0)
(3.04185 0.00401816 0)
(3.04035 0.00552899 0)
(3.03788 0.00701796 0)
(3.03329 0.00755424 0)
(3.02339 0.00598032 0)
(3.00871 0.00231202 0)
(3.00084 0.000212941 0)
(3.00001 1.91454e-06 0)
(3 -7.66134e-08 0)
(3 -7.70115e-08 0)
(3 -7.61478e-08 0)
(3 -7.07205e-08 0)
(3 -4.93891e-08 0)
(3 -1.57232e-08 0)
(3 -1.06058e-09 0)
(3 -3.6099e-12 0)
(3 2.46536e-12 0)
(3 2.36032e-12 0)
(3 1.9364e-12 0)
(3 9.00295e-13 0)
(3 1.16544e-13 0)
(3 9.65169e-16 0)
(3 -1.60008e-15 0)
(3 -2.04979e-15 0)
(3 -1.89295e-15 0)
(1.62517 0.96005 0)
(1.77891 0.932096 0)
(1.94348 0.872264 0)
(2.12827 0.763657 0)
(2.27398 0.694299 0)
(2.36692 0.657404 0)
(2.48488 0.535246 0)
(2.608 0.381261 0)
(2.69331 0.332317 0)
(2.76615 0.284906 0)
(2.83679 0.158497 0)
(2.88117 0.103614 0)
(2.91768 0.107931 0)
(2.9823 0.0267649 0)
(3.0162 -0.0983296 0)
(3.02628 -0.156426 0)
(3.05559 -0.134999 0)
(3.0643 -0.143253 0)
(3.06135 -0.174147 0)
(3.06964 -0.193901 0)
(3.08577 -0.195604 0)
(3.08114 -0.159868 0)
(3.06236 -0.116666 0)
(3.04704 -0.087341 0)
(3.03361 -0.0569536 0)
(3.02817 -0.0389755 0)
(3.02517 -0.0197748 0)
(3.02944 -0.0155377 0)
(3.03351 -0.0107065 0)
(3.04211 0.00596751 0)
(3.05871 0.012335 0)
(3.08062 0.0211943 0)
(3.08181 0.0252583 0)
(3.08096 0.0245531 0)
(3.07938 0.018344 0)
(3.07388 -0.00167931 0)
(3.06962 -0.0229187 0)
(3.06641 -0.0281468 0)
(3.05642 -0.0286771 0)
(3.04088 -0.0135157 0)
(3.0312 0.0220253 0)
(3.03793 0.0601225 0)
(3.04904 0.0560337 0)
(3.04925 0.0147152 0)
(3.0479 -0.0226956 0)
(3.04015 -0.0423483 0)
(3.02483 -0.0446026 0)
(3.01301 -0.0387514 0)
(3.01321 -0.0333384 0)
(3.02579 -0.0346954 0)
(3.04034 -0.0456629 0)
(3.04204 -0.0608109 0)
(3.03001 -0.0694794 0)
(3.0173 -0.0682817 0)
(3.0157 -0.0587818 0)
(3.02267 -0.0452391 0)
(3.02377 -0.0379514 0)
(3.02258 -0.0364962 0)
(3.01809 -0.0339648 0)
(3.0077 -0.0315338 0)
(2.99555 -0.0314962 0)
(2.99203 -0.0313581 0)
(2.99305 -0.0309696 0)
(2.99416 -0.0301337 0)
(2.9966 -0.028341 0)
(3.00108 -0.0246613 0)
(3.01009 -0.0184227 0)
(3.02724 -0.00929381 0)
(3.04306 -0.000716442 0)
(3.04592 0.00295102 0)
(3.04524 0.00443355 0)
(3.04426 0.0061477 0)
(3.04218 0.00795268 0)
(3.0388 0.00951216 0)
(3.03231 0.00939788 0)
(3.01924 0.00611233 0)
(3.00482 0.00152852 0)
(3.00023 6.63643e-05 0)
(3 1.15946e-07 0)
(3 -9.39574e-08 0)
(3 -9.34507e-08 0)
(3 -9.15226e-08 0)
(3 -7.89412e-08 0)
(3 -4.25261e-08 0)
(3 -7.59953e-09 0)
(3 -1.9152e-10 0)
(3 2.8334e-12 0)
(3 3.04806e-12 0)
(3 2.8239e-12 0)
(3 1.91452e-12 0)
(3 5.54198e-13 0)
(3 2.80558e-14 0)
(3 -2.78183e-15 0)
(3 -2.6387e-15 0)
(3 -3.09763e-15 0)
(3 -2.87184e-15 0)
(1.62363 0.97389 0)
(1.76403 0.931012 0)
(1.9159 0.869079 0)
(2.04871 0.810198 0)
(2.17097 0.761262 0)
(2.30217 0.674524 0)
(2.41331 0.569292 0)
(2.48188 0.52735 0)
(2.54707 0.502258 0)
(2.67237 0.387496 0)
(2.75936 0.230623 0)
(2.80953 0.181499 0)
(2.85315 0.21647 0)
(2.89352 0.183717 0)
(2.95157 0.0419537 0)
(2.9721 -0.0500721 0)
(3.00102 -0.0521506 0)
(3.02668 -0.0975016 0)
(3.05963 -0.160101 0)
(3.06927 -0.225764 0)
(3.10137 -0.234765 0)
(3.11106 -0.19729 0)
(3.09743 -0.160062 0)
(3.08047 -0.145985 0)
(3.05745 -0.123532 0)
(3.03962 -0.0966148 0)
(3.03497 -0.0676426 0)
(3.03441 -0.0539837 0)
(3.02949 -0.046402 0)
(3.03503 -0.0275311 0)
(3.05663 -0.0118779 0)
(3.07795 -0.0113688 0)
(3.07908 -0.000173439 0)
(3.06824 0.0172494 0)
(3.06586 0.0257713 0)
(3.06076 0.0215415 0)
(3.06068 0.011905 0)
(3.06299 0.00360896 0)
(3.06085 0.00537021 0)
(3.05501 0.0211495 0)
(3.05573 0.049098 0)
(3.07039 0.0696258 0)
(3.07663 0.0445966 0)
(3.06849 -0.00765404 0)
(3.06028 -0.0490018 0)
(3.04575 -0.0622652 0)
(3.02883 -0.0604675 0)
(3.01959 -0.0559684 0)
(3.02574 -0.0527067 0)
(3.04438 -0.0521281 0)
(3.05594 -0.0568757 0)
(3.0504 -0.0640674 0)
(3.03849 -0.0655202 0)
(3.03359 -0.058046 0)
(3.03798 -0.044168 0)
(3.03525 -0.0367938 0)
(3.03175 -0.0359217 0)
(3.02761 -0.0348172 0)
(3.0199 -0.03375 0)
(3.00845 -0.0350149 0)
(2.9977 -0.0360865 0)
(2.99555 -0.0352061 0)
(2.99625 -0.0344676 0)
(2.99723 -0.0334964 0)
(2.99957 -0.0313869 0)
(3.00476 -0.0269084 0)
(3.01681 -0.0191554 0)
(3.03647 -0.00810797 0)
(3.04907 0.000912283 0)
(3.04961 0.00442719 0)
(3.04856 0.00634444 0)
(3.04713 0.0084324 0)
(3.04429 0.0104535 0)
(3.03945 0.0116969 0)
(3.02979 0.0102076 0)
(3.01333 0.00483024 0)
(3.00181 0.000627528 0)
(3.00003 9.49436e-06 0)
(3 -1.09736e-07 0)
(3 -1.15625e-07 0)
(3 -1.13106e-07 0)
(3 -1.04444e-07 0)
(3 -7.44379e-08 0)
(3 -2.4649e-08 0)
(3 -1.744e-09 0)
(3 -7.02744e-12 0)
(3 3.52482e-12 0)
(3 3.36588e-12 0)
(3 2.77382e-12 0)
(3 1.3397e-12 0)
(3 1.88809e-13 0)
(3 2.21404e-15 0)
(3 -8.7385e-16 0)
(3 -9.46712e-16 0)
(3 -1.35163e-15 0)
(3 -1.32064e-15 0)
(1.64484 0.974547 0)
(1.75908 0.951479 0)
(1.87128 0.916612 0)
(1.99734 0.85618 0)
(2.11581 0.796818 0)
(2.21163 0.759824 0)
(2.3177 0.682581 0)
(2.43611 0.567904 0)
(2.51616 0.518663 0)
(2.58112 0.481113 0)
(2.66621 0.372156 0)
(2.72782 0.304662 0)
(2.78688 0.307919 0)
(2.85923 0.238358 0)
(2.89498 0.118294 0)
(2.90882 0.0864943 0)
(2.92659 0.106038 0)
(2.96405 0.0598693 0)
(3.027 -0.0301848 0)
(3.03877 -0.108638 0)
(3.06805 -0.120096 0)
(3.09268 -0.0817128 0)
(3.08478 -0.100296 0)
(3.06225 -0.13171 0)
(3.05197 -0.132982 0)
(3.05208 -0.128749 0)
(3.04964 -0.117265 0)
(3.04916 -0.102324 0)
(3.0502 -0.0875066 0)
(3.05154 -0.0659102 0)
(3.06391 -0.052445 0)
(3.07769 -0.0437808 0)
(3.08378 -0.0311433 0)
(3.07753 -0.00349721 0)
(3.07508 0.0129955 0)
(3.07212 0.0120875 0)
(3.06943 0.00801974 0)
(3.06642 0.0051725 0)
(3.06509 0.00793249 0)
(3.06704 0.0211214 0)
(3.0746 0.0374435 0)
(3.08717 0.0444413 0)
(3.09069 0.0267707 0)
(3.07899 -0.0104745 0)
(3.06223 -0.0430866 0)
(3.04327 -0.0512359 0)
(3.02953 -0.0429024 0)
(3.02935 -0.0312223 0)
(3.04442 -0.0218285 0)
(3.06156 -0.0176481 0)
(3.0642 -0.0192258 0)
(3.05844 -0.0240174 0)
(3.05427 -0.0293991 0)
(3.05351 -0.0323389 0)
(3.04759 -0.0335871 0)
(3.04301 -0.0340005 0)
(3.03831 -0.0333542 0)
(3.029 -0.0321194 0)
(3.01797 -0.0338937 0)
(3.00539 -0.0373616 0)
(2.99868 -0.0380609 0)
(2.99823 -0.0372561 0)
(2.99859 -0.0366292 0)
(3.00003 -0.034722 0)
(3.00261 -0.0308617 0)
(3.00947 -0.0250134 0)
(3.02525 -0.0154915 0)
(3.04628 -0.00274927 0)
(3.05444 0.00543526 0)
(3.05347 0.0082089 0)
(3.0521 0.0103366 0)
(3.05005 0.0125494 0)
(3.04601 0.0144971 0)
(3.03889 0.0145458 0)
(3.02436 0.00999355 0)
(3.00676 0.00274533 0)
(3.00038 0.000136502 0)
(3 3.63997e-07 0)
(3 -1.46157e-07 0)
(3 -1.42993e-07 0)
(3 -1.3483e-07 0)
(3 -1.08896e-07 0)
(3 -5.27099e-08 0)
(3 -7.77716e-09 0)
(3 -1.41717e-10 0)
(3 4.09176e-12 0)
(3 4.10015e-12 0)
(3 3.65873e-12 0)
(3 2.32583e-12 0)
(3 6.07447e-13 0)
(3 2.8356e-14 0)
(3 7.45104e-16 0)
(3 6.08301e-16 0)
(3 6.5399e-16 0)
(3 8.80205e-16 0)
(3 1.64639e-15 0)
(1.67853 0.985965 0)
(1.77282 0.963227 0)
(1.86798 0.927276 0)
(1.96955 0.888399 0)
(2.07882 0.841224 0)
(2.19124 0.764846 0)
(2.28189 0.69125 0)
(2.34885 0.673036 0)
(2.40814 0.653324 0)
(2.52867 0.559672 0)
(2.62242 0.432985 0)
(2.66806 0.378358 0)
(2.72419 0.395086 0)
(2.79365 0.361362 0)
(2.85135 0.233055 0)
(2.87111 0.160552 0)
(2.88987 0.169634 0)
(2.91416 0.147769 0)
(2.97833 0.0661159 0)
(3.00313 -0.0195845 0)
(3.03164 -0.0494466 0)
(3.06034 -0.031254 0)
(3.07617 -0.0750163 0)
(3.06127 -0.141449 0)
(3.04189 -0.160642 0)
(3.06228 -0.153561 0)
(3.06675 -0.147807 0)
(3.06659 -0.13631 0)
(3.06479 -0.124954 0)
(3.06549 -0.0985446 0)
(3.07412 -0.0810094 0)
(3.08356 -0.0719792 0)
(3.08561 -0.0560034 0)
(3.07981 -0.0359379 0)
(3.07568 -0.0227604 0)
(3.07077 -0.0255693 0)
(3.06486 -0.0318313 0)
(3.05965 -0.0380392 0)
(3.06037 -0.0387281 0)
(3.06982 -0.0214234 0)
(3.08913 0.00517321 0)
(3.10307 0.00491947 0)
(3.1039 -0.0208607 0)
(3.09673 -0.0422108 0)
(3.07717 -0.0443645 0)
(3.05418 -0.0269147 0)
(3.04513 -0.00478715 0)
(3.05166 0.0120713 0)
(3.06642 0.0200232 0)
(3.07647 0.014866 0)
(3.07345 0.00335304 0)
(3.06793 -0.00427135 0)
(3.06431 -0.0119825 0)
(3.05962 -0.0244114 0)
(3.0528 -0.0344517 0)
(3.04719 -0.0396199 0)
(3.04223 -0.0421348 0)
(3.03297 -0.045111 0)
(3.01855 -0.0483694 0)
(3.00567 -0.0484404 0)
(3.00161 -0.0454221 0)
(3.00143 -0.0428671 0)
(3.00184 -0.0413769 0)
(3.00281 -0.0388519 0)
(3.00616 -0.0338283 0)
(3.01575 -0.0257598 0)
(3.03577 -0.0132732 0)
(3.05646 0.000781496 0)
(3.06029 0.00812166 0)
(3.05861 0.0110826 0)
(3.05673 0.0140294 0)
(3.05337 0.0167835 0)
(3.04718 0.0184445 0)
(3.03533 0.0158688 0)
(3.01543 0.00718527 0)
(3.00197 0.000849161 0)
(3.00003 1.09378e-05 0)
(3 -1.63962e-07 0)
(3 -1.64115e-07 0)
(3 -1.55143e-07 0)
(3 -1.33343e-07 0)
(3 -8.20345e-08 0)
(3 -2.04419e-08 0)
(3 -9.01303e-10 0)
(3 1.83297e-12 0)
(3 4.45056e-12 0)
(3 4.17043e-12 0)
(3 3.14774e-12 0)
(3 1.24781e-12 0)
(3 1.25471e-13 0)
(3 3.75018e-15 0)
(3 1.43725e-15 0)
(3 9.03988e-16 0)
(3 1.5015e-15 0)
(3 2.21168e-15 0)
(3 3.12405e-15 0)
(1.69373 1.0217 0)
(1.77528 1.00398 0)
(1.86809 0.964119 0)
(1.97908 0.898489 0)
(2.06722 0.858501 0)
(2.13723 0.831515 0)
(2.23819 0.755194 0)
(2.32851 0.663034 0)
(2.39981 0.630659 0)
(2.43931 0.640837 0)
(2.50144 0.580892 0)
(2.59328 0.486052 0)
(2.66747 0.443465 0)
(2.75019 0.383396 0)
(2.79769 0.299884 0)
(2.81251 0.288012 0)
(2.8096 0.302892 0)
(2.86097 0.235498 0)
(2.92796 0.137244 0)
(2.94841 0.0735356 0)
(2.97856 0.0559449 0)
(3.0081 0.078277 0)
(3.02376 0.0497121 0)
(3.03212 -0.036018 0)
(3.02553 -0.0794807 0)
(3.041 -0.0835362 0)
(3.0528 -0.0797849 0)
(3.05218 -0.0759815 0)
(3.05153 -0.0767032 0)
(3.06023 -0.082422 0)
(3.0746 -0.0851945 0)
(3.08605 -0.0892335 0)
(3.09162 -0.0849441 0)
(3.09261 -0.0703461 0)
(3.09114 -0.0604727 0)
(3.08445 -0.0676862 0)
(3.08084 -0.0768734 0)
(3.08037 -0.079999 0)
(3.08546 -0.0682906 0)
(3.09817 -0.0488165 0)
(3.11431 -0.0368513 0)
(3.12436 -0.0438942 0)
(3.12729 -0.0638473 0)
(3.12199 -0.0784093 0)
(3.10532 -0.0765521 0)
(3.08484 -0.0537555 0)
(3.0764 -0.0237483 0)
(3.07649 -0.0059458 0)
(3.07851 -0.00166017 0)
(3.08026 -0.00515183 0)
(3.07736 -0.0108096 0)
(3.07042 -0.0134653 0)
(3.06557 -0.0137703 0)
(3.06215 -0.0170944 0)
(3.05668 -0.0232824 0)
(3.04819 -0.0295536 0)
(3.03821 -0.0380519 0)
(3.02721 -0.0490212 0)
(3.01516 -0.0558087 0)
(3.00788 -0.0544819 0)
(3.00514 -0.0511956 0)
(3.00424 -0.0488319 0)
(3.00371 -0.0441526 0)
(3.00624 -0.0369311 0)
(3.01266 -0.0284546 0)
(3.0254 -0.0182085 0)
(3.0479 -0.00420385 0)
(3.06541 0.00919708 0)
(3.06593 0.0150938 0)
(3.06367 0.0178412 0)
(3.06113 0.0205848 0)
(3.0561 0.0227923 0)
(3.04613 0.0219608 0)
(3.02662 0.013686 0)
(3.00601 0.0029693 0)
(3.00023 9.80697e-05 0)
(3 1.11297e-08 0)
(3 -1.87073e-07 0)
(3 -1.81426e-07 0)
(3 -1.61749e-07 0)
(3 -1.12712e-07 0)
(3 -3.92801e-08 0)
(3 -3.20995e-09 0)
(3 -1.97618e-11 0)
(3 4.88516e-12 0)
(3 4.68993e-12 0)
(3 3.84385e-12 0)
(3 1.95785e-12 0)
(3 3.24863e-13 0)
(3 9.87561e-15 0)
(3 2.82084e-15 0)
(3 2.32669e-15 0)
(3 1.45918e-15 0)
(3 1.19778e-15 0)
(3 1.61762e-15 0)
(3 3.49261e-15 0)
(1.70727 1.04999 0)
(1.79515 1.01706 0)
(1.88399 0.979883 0)
(1.95968 0.949785 0)
(2.03757 0.914448 0)
(2.12898 0.855199 0)
(2.21898 0.787189 0)
(2.28506 0.7359 0)
(2.34326 0.72168 0)
(2.41378 0.67267 0)
(2.4929 0.57665 0)
(2.53432 0.547372 0)
(2.57279 0.544322 0)
(2.65633 0.490191 0)
(2.73087 0.390976 0)
(2.76896 0.342811 0)
(2.7855 0.343866 0)
(2.80498 0.308786 0)
(2.86304 0.232815 0)
(2.89548 0.167768 0)
(2.93209 0.150031 0)
(2.95854 0.158884 0)
(2.99577 0.0958394 0)
(3.00295 0.00287687 0)
(3.00314 -0.0236018 0)
(3.0215 -0.0228225 0)
(3.04595 -0.0475475 0)
(3.04825 -0.0586691 0)
(3.05626 -0.0752449 0)
(3.0603 -0.090921 0)
(3.07937 -0.096437 0)
(3.09197 -0.101146 0)
(3.10202 -0.105183 0)
(3.10036 -0.100541 0)
(3.09362 -0.0986583 0)
(3.09007 -0.102826 0)
(3.09173 -0.113085 0)
(3.09901 -0.122578 0)
(3.10601 -0.110978 0)
(3.11331 -0.0860525 0)
(3.12104 -0.0723529 0)
(3.12512 -0.0823424 0)
(3.12798 -0.100542 0)
(3.12713 -0.111416 0)
(3.11828 -0.109267 0)
(3.1081 -0.0970097 0)
(3.09883 -0.0689516 0)
(3.09198 -0.0407907 0)
(3.0887 -0.0227579 0)
(3.08838 -0.0161286 0)
(3.08308 -0.0214288 0)
(3.07723 -0.031883 0)
(3.07344 -0.042923 0)
(3.06714 -0.0481839 0)
(3.05626 -0.0524601 0)
(3.04456 -0.0606868 0)
(3.03268 -0.070741 0)
(3.02264 -0.075508 0)
(3.01737 -0.0730948 0)
(3.0143 -0.0674136 0)
(3.01084 -0.0591878 0)
(3.00928 -0.0521411 0)
(3.00898 -0.0465424 0)
(3.01166 -0.0412912 0)
(3.01995 -0.0332516 0)
(3.03828 -0.0187708 0)
(3.06429 0.00208866 0)
(3.07507 0.0172519 0)
(3.07266 0.022337 0)
(3.06993 0.0254955 0)
(3.06576 0.0283695 0)
(3.05682 0.029058 0)
(3.03871 0.0220765 0)
(3.01295 0.00729655 0)
(3.00097 0.000479462 0)
(3.00001 2.38218e-06 0)
(3 -1.99035e-07 0)
(3 -1.94287e-07 0)
(3 -1.76848e-07 0)
(3 -1.33998e-07 0)
(3 -5.86267e-08 0)
(3 -7.43217e-09 0)
(3 -1.07753e-10 0)
(3 4.98286e-12 0)
(3 4.9112e-12 0)
(3 4.2288e-12 0)
(3 2.51786e-12 0)
(3 5.94704e-13 0)
(3 2.43582e-14 0)
(3 2.2795e-15 0)
(3 2.57285e-15 0)
(3 1.38679e-15 0)
(3 7.05954e-16 0)
(3 5.43847e-16 0)
(3 2.43743e-15 0)
(3 3.939e-15 0)
(1.75875 1.07356 0)
(1.80322 1.053 0)
(1.88821 1.0088 0)
(1.96483 0.973366 0)
(2.03799 0.93755 0)
(2.11197 0.897732 0)
(2.18378 0.85337 0)
(2.26626 0.78739 0)
(2.34086 0.721245 0)
(2.39594 0.701868 0)
(2.43688 0.684012 0)
(2.49442 0.624794 0)
(2.55185 0.570806 0)
(2.62584 0.506185 0)
(2.6807 0.442568 0)
(2.71465 0.435676 0)
(2.72795 0.440987 0)
(2.7772 0.366488 0)
(2.82463 0.273934 0)
(2.85118 0.235606 0)
(2.88429 0.251631 0)
(2.89978 0.266126 0)
(2.94368 0.197381 0)
(2.96758 0.0873667 0)
(2.97209 0.038164 0)
(3.00038 0.0352993 0)
(3.02699 0.0288783 0)
(3.03318 0.0165755 0)
(3.03683 0.00291405 0)
(3.04101 -0.00184453 0)
(3.05875 -0.012226 0)
(3.09169 -0.0296816 0)
(3.09908 -0.0551025 0)
(3.09208 -0.0713981 0)
(3.08794 -0.080981 0)
(3.0892 -0.0867561 0)
(3.0966 -0.0988524 0)
(3.11133 -0.112306 0)
(3.12377 -0.118055 0)
(3.12864 -0.115472 0)
(3.12943 -0.110878 0)
(3.13016 -0.117221 0)
(3.13301 -0.127515 0)
(3.13881 -0.130453 0)
(3.14186 -0.126724 0)
(3.13679 -0.12424 0)
(3.12484 -0.109665 0)
(3.11559 -0.0870681 0)
(3.11628 -0.068505 0)
(3.10786 -0.0575468 0)
(3.0939 -0.0569755 0)
(3.08569 -0.0618427 0)
(3.07616 -0.0697344 0)
(3.06236 -0.0764532 0)
(3.04944 -0.0849015 0)
(3.03937 -0.091095 0)
(3.03413 -0.0913031 0)
(3.0269 -0.0865898 0)
(3.02303 -0.0773974 0)
(3.02104 -0.0683743 0)
(3.01904 -0.0599162 0)
(3.01843 -0.0499709 0)
(3.01868 -0.0378412 0)
(3.0202 -0.0265107 0)
(3.02767 -0.0159104 0)
(3.05093 -0.000509392 0)
(3.0787 0.01926 0)
(3.08321 0.0295851 0)
(3.07983 0.0327691 0)
(3.07624 0.0357191 0)
(3.06849 0.0372544 0)
(3.05131 0.0316123 0)
(3.0221 0.0138901 0)
(3.00264 0.00149793 0)
(3.00003 1.63186e-05 0)
(3 -1.88907e-07 0)
(3 -1.91121e-07 0)
(3 -1.79916e-07 0)
(3 -1.43542e-07 0)
(3 -7.14544e-08 0)
(3 -1.18417e-08 0)
(3 -2.74333e-10 0)
(3 4.72656e-12 0)
(3 4.95851e-12 0)
(3 4.40104e-12 0)
(3 2.85136e-12 0)
(3 8.31392e-13 0)
(3 5.17835e-14 0)
(3 9.95869e-16 0)
(3 1.02923e-15 0)
(3 1.97967e-15 0)
(3 6.96369e-16 0)
(3 -8.53207e-16 0)
(3 -6.99814e-16 0)
(3 -6.83875e-17 0)
(3 3.1371e-16 0)
(1.92176 1.01314 0)
(1.85812 1.07592 0)
(1.88973 1.05624 0)
(1.96179 1.01348 0)
(2.02777 0.979116 0)
(2.11896 0.914654 0)
(2.18341 0.870981 0)
(2.23429 0.848814 0)
(2.29644 0.809195 0)
(2.37267 0.746792 0)
(2.43587 0.675316 0)
(2.48122 0.65132 0)
(2.51084 0.650243 0)
(2.57693 0.593259 0)
(2.63305 0.514428 0)
(2.66905 0.495444 0)
(2.70398 0.495603 0)
(2.76134 0.428268 0)
(2.79799 0.334983 0)
(2.81753 0.298131 0)
(2.84925 0.311838 0)
(2.87063 0.31604 0)
(2.91711 0.246837 0)
(2.93617 0.15537 0)
(2.94307 0.126678 0)
(2.96974 0.129811 0)
(3.00463 0.103294 0)
(3.01339 0.075138 0)
(3.02536 0.0498167 0)
(3.03483 0.0268869 0)
(3.05674 0.0175821 0)
(3.09266 -0.0123035 0)
(3.09892 -0.0412638 0)
(3.08835 -0.0608475 0)
(3.08557 -0.0675366 0)
(3.08972 -0.073464 0)
(3.10188 -0.0950631 0)
(3.11694 -0.122076 0)
(3.12976 -0.134709 0)
(3.13607 -0.135593 0)
(3.13724 -0.128844 0)
(3.13854 -0.128036 0)
(3.1437 -0.136124 0)
(3.1529 -0.148997 0)
(3.15795 -0.145718 0)
(3.15531 -0.13938 0)
(3.14735 -0.133314 0)
(3.13629 -0.122227 0)
(3.12697 -0.111087 0)
(3.11652 -0.109133 0)
(3.10504 -0.111711 0)
(3.09133 -0.115639 0)
(3.07539 -0.117627 0)
(3.06001 -0.1163 0)
(3.04865 -0.112895 0)
(3.04223 -0.106065 0)
(3.03894 -0.0956261 0)
(3.03531 -0.0835159 0)
(3.03152 -0.0721186 0)
(3.02837 -0.0626204 0)
(3.02669 -0.0560269 0)
(3.02539 -0.0512604 0)
(3.02631 -0.0479228 0)
(3.03235 -0.0391636 0)
(3.04843 -0.0188533 0)
(3.07713 0.0125839 0)
(3.09382 0.0367582 0)
(3.09113 0.0433345 0)
(3.08751 0.0458674 0)
(3.08095 0.0478597 0)
(3.06428 0.0428812 0)
(3.03239 0.0225826 0)
(3.00531 0.00341108 0)
(3.00011 6.18556e-05 0)
(3 -1.63516e-07 0)
(3 -2.14216e-07 0)
(3 -2.00065e-07 0)
(3 -1.57299e-07 0)
(3 -8.12159e-08 0)
(3 -1.53845e-08 0)
(3 -4.59148e-10 0)
(3 4.05973e-12 0)
(3 4.81808e-12 0)
(3 4.34615e-12 0)
(3 2.91644e-12 0)
(3 9.45416e-13 0)
(3 7.42845e-14 0)
(3 1.80972e-15 0)
(3 4.41534e-16 0)
(3 -1.07244e-16 0)
(3 -5.34408e-16 0)
(3 5.00945e-17 0)
(3 -4.19369e-18 0)
(3 3.33985e-16 0)
(3 5.02669e-16 0)
(3 5.40178e-16 0)
(2.36512 0.733259 0)
(2.01138 1.00147 0)
(1.95488 1.07737 0)
(1.96502 1.06842 0)
(2.02852 1.02155 0)
(2.10503 0.962897 0)
(2.16978 0.919504 0)
(2.23619 0.871969 0)
(2.2978 0.832005 0)
(2.34926 0.806855 0)
(2.40986 0.751465 0)
(2.46309 0.697473 0)
(2.50517 0.684466 0)
(2.54696 0.656338 0)
(2.61004 0.5814 0)
(2.64479 0.532652 0)
(2.68799 0.528664 0)
(2.74101 0.496973 0)
(2.77506 0.410445 0)
(2.78671 0.372503 0)
(2.81075 0.38453 0)
(2.84229 0.370313 0)
(2.89637 0.302446 0)
(2.91812 0.21636 0)
(2.9242 0.183693 0)
(2.95342 0.185678 0)
(2.98656 0.171869 0)
(2.99649 0.151715 0)
(3.00786 0.132724 0)
(3.02396 0.0980866 0)
(3.04748 0.0808029 0)
(3.08082 0.0453329 0)
(3.08299 0.0129141 0)
(3.07543 -0.00187083 0)
(3.07535 -0.00591965 0)
(3.08563 -0.0163522 0)
(3.1028 -0.0323629 0)
(3.10973 -0.04999 0)
(3.1202 -0.0681999 0)
(3.13029 -0.0751412 0)
(3.13423 -0.0780652 0)
(3.14073 -0.075636 0)
(3.15155 -0.0893348 0)
(3.15731 -0.10269 0)
(3.15609 -0.105711 0)
(3.15189 -0.106578 0)
(3.14733 -0.10689 0)
(3.13999 -0.115473 0)
(3.12705 -0.124946 0)
(3.11979 -0.126432 0)
(3.11101 -0.126842 0)
(3.09831 -0.12616 0)
(3.08241 -0.123338 0)
(3.06756 -0.120083 0)
(3.05724 -0.115252 0)
(3.05233 -0.107744 0)
(3.05105 -0.0969676 0)
(3.04975 -0.0833404 0)
(3.04507 -0.069759 0)
(3.03951 -0.0564682 0)
(3.03502 -0.0420808 0)
(3.03166 -0.0305673 0)
(3.03088 -0.0196339 0)
(3.04158 -0.00677218 0)
(3.07172 0.0169344 0)
(3.10116 0.045939 0)
(3.10355 0.0575774 0)
(3.09948 0.0595822 0)
(3.09418 0.0614868 0)
(3.07753 0.0561112 0)
(3.04257 0.032676 0)
(3.00841 0.0060684 0)
(3.00024 0.000152 0)
(3 1.58476e-08 0)
(3 -1.84275e-07 0)
(3 -1.74855e-07 0)
(3 -1.41747e-07 0)
(3 -7.56584e-08 0)
(3 -1.51791e-08 0)
(3 -5.11865e-10 0)
(3 3.29585e-12 0)
(3 4.43523e-12 0)
(3 4.02092e-12 0)
(3 2.71825e-12 0)
(3 9.17464e-13 0)
(3 7.40522e-14 0)
(3 -4.96494e-17 0)
(3 5.03847e-16 0)
(3 1.54581e-15 0)
(3 4.20132e-16 0)
(3 2.77999e-16 0)
(3 6.08293e-16 0)
(3 6.96163e-16 0)
(3 1.30683e-15 0)
(3 1.96108e-15 0)
(3 1.93054e-15 0)
(2.92082 0.149321 0)
(2.40817 0.721086 0)
(2.10894 0.983682 0)
(2.03864 1.07374 0)
(2.0377 1.07164 0)
(2.09612 1.02261 0)
(2.1592 0.974419 0)
(2.2382 0.917235 0)
(2.30098 0.871146 0)
(2.34981 0.848018 0)
(2.40529 0.803137 0)
(2.46012 0.739257 0)
(2.5064 0.704133 0)
(2.53647 0.70498 0)
(2.56439 0.670487 0)
(2.62601 0.603905 0)
(2.67122 0.562279 0)
(2.72555 0.539551 0)
(2.76163 0.475075 0)
(2.76927 0.432123 0)
(2.7868 0.431064 0)
(2.81959 0.413525 0)
(2.87495 0.366308 0)
(2.90171 0.297696 0)
(2.90724 0.256495 0)
(2.93214 0.254546 0)
(2.97093 0.234916 0)
(2.99 0.21321 0)
(3.00657 0.183141 0)
(3.01814 0.146534 0)
(3.03891 0.128707 0)
(3.06517 0.0903924 0)
(3.06608 0.0642158 0)
(3.06501 0.0603183 0)
(3.0696 0.0541739 0)
(3.08855 0.0300751 0)
(3.09787 0.00686352 0)
(3.11182 -0.0204628 0)
(3.12246 -0.0335033 0)
(3.13145 -0.0336371 0)
(3.13855 -0.0321534 0)
(3.14556 -0.0425721 0)
(3.15103 -0.0564472 0)
(3.15822 -0.064194 0)
(3.15581 -0.0823884 0)
(3.15188 -0.103777 0)
(3.15396 -0.120012 0)
(3.14699 -0.131756 0)
(3.13906 -0.134292 0)
(3.12589 -0.133178 0)
(3.11826 -0.130182 0)
(3.10755 -0.128418 0)
(3.09463 -0.124837 0)
(3.08307 -0.117827 0)
(3.07373 -0.107911 0)
(3.06695 -0.0961291 0)
(3.06243 -0.0845886 0)
(3.05825 -0.0756875 0)
(3.05383 -0.0703658 0)
(3.05083 -0.066982 0)
(3.04808 -0.059243 0)
(3.04763 -0.0452949 0)
(3.05397 -0.0234797 0)
(3.0744 0.0114741 0)
(3.10615 0.0538641 0)
(3.1166 0.0755031 0)
(3.112 0.0785884 0)
(3.10751 0.0792472 0)
(3.08997 0.0715764 0)
(3.05094 0.0430251 0)
(3.01086 0.00875637 0)
(3.00036 0.000257461 0)
(3 2.59222e-07 0)
(3 -1.83971e-07 0)
(3 -1.75648e-07 0)
(3 -1.36453e-07 0)
(3 -6.80416e-08 0)
(3 -1.26929e-08 0)
(3 -4.0208e-10 0)
(3 2.9663e-12 0)
(3 3.89565e-12 0)
(3 3.52283e-12 0)
(3 2.31734e-12 0)
(3 7.48648e-13 0)
(3 5.90837e-14 0)
(3 5.68413e-16 0)
(3 -7.10031e-16 0)
(3 -5.29673e-16 0)
(3 -2.39986e-19 0)
(3 6.37828e-16 0)
(3 1.41815e-15 0)
(3 1.37035e-15 0)
(3 9.38683e-16 0)
(3 4.40612e-16 0)
(3 8.63924e-16 0)
(3 1.13661e-15 0)
(2.99859 0.00648712 0)
(2.91526 0.151753 0)
(2.50334 0.662625 0)
(2.19337 0.962702 0)
(2.10585 1.06419 0)
(2.12056 1.05744 0)
(2.15806 1.02687 0)
(2.22122 0.979031 0)
(2.30476 0.912317 0)
(2.35814 0.882991 0)
(2.40729 0.85435 0)
(2.45915 0.794068 0)
(2.494 0.757029 0)
(2.52574 0.746277 0)
(2.5576 0.717126 0)
(2.61726 0.656752 0)
(2.65787 0.6085 0)
(2.70142 0.592668 0)
(2.73999 0.555594 0)
(2.76022 0.493842 0)
(2.77481 0.472568 0)
(2.80163 0.457486 0)
(2.85971 0.416988 0)
(2.89423 0.366262 0)
(2.90442 0.31845 0)
(2.92208 0.312097 0)
(2.95331 0.302108 0)
(2.98789 0.278337 0)
(3.00746 0.241108 0)
(3.01328 0.198132 0)
(3.02419 0.174343 0)
(3.04549 0.13964 0)
(3.05376 0.128863 0)
(3.05663 0.127671 0)
(3.06993 0.111716 0)
(3.08794 0.0827083 0)
(3.09559 0.066636 0)
(3.10842 0.0470186 0)
(3.11591 0.038517 0)
(3.12566 0.0355516 0)
(3.13906 0.0260521 0)
(3.14475 0.00649298 0)
(3.14363 -0.00215976 0)
(3.14764 -0.0151893 0)
(3.1493 -0.0318896 0)
(3.14489 -0.0397978 0)
(3.14139 -0.0499073 0)
(3.13787 -0.0625292 0)
(3.13005 -0.0705968 0)
(3.11584 -0.0777901 0)
(3.10301 -0.0832691 0)
(3.09789 -0.083671 0)
(3.08797 -0.0813355 0)
(3.0786 -0.0751756 0)
(3.07151 -0.0667102 0)
(3.06547 -0.0567203 0)
(3.06022 -0.0466468 0)
(3.05568 -0.0370472 0)
(3.05194 -0.0267334 0)
(3.04959 -0.0160665 0)
(3.05195 -0.00623938 0)
(3.06158 0.00754752 0)
(3.08065 0.0340609 0)
(3.11035 0.0725107 0)
(3.12741 0.0982117 0)
(3.12502 0.102378 0)
(3.12031 0.100847 0)
(3.10005 0.0884315 0)
(3.05592 0.0518203 0)
(3.01177 0.0104569 0)
(3.00039 0.000312024 0)
(3 4.15606e-07 0)
(3 -1.48984e-07 0)
(3 -1.42567e-07 0)
(3 -1.07554e-07 0)
(3 -4.99221e-08 0)
(3 -8.21692e-09 0)
(3 -2.21128e-10 0)
(3 2.73042e-12 0)
(3 3.22232e-12 0)
(3 2.86368e-12 0)
(3 1.78187e-12 0)
(3 5.23246e-13 0)
(3 3.42059e-14 0)
(3 -1.57407e-15 0)
(3 -1.06229e-15 0)
(3 1.14441e-15 0)
(3 9.60922e-16 0)
(3 5.15568e-16 0)
(3 5.29446e-16 0)
(3 1.2646e-16 0)
(3 -3.1975e-17 0)
(3 5.91817e-17 0)
(3 3.29652e-16 0)
(3 4.68956e-16 0)
(3 -4.79269e-17 0)
(2.99999 3.27089e-05 0)
(2.99835 0.00584164 0)
(2.92923 0.134087 0)
(2.61281 0.568119 0)
(2.30557 0.908081 0)
(2.15417 1.04919 0)
(2.18793 1.04711 0)
(2.21969 1.02867 0)
(2.28035 0.987734 0)
(2.35657 0.930913 0)
(2.40873 0.898976 0)
(2.43884 0.865917 0)
(2.48848 0.805627 0)
(2.52772 0.769394 0)
(2.56572 0.746332 0)
(2.6111 0.705948 0)
(2.65501 0.6539 0)
(2.6875 0.622826 0)
(2.71788 0.6157 0)
(2.74739 0.575118 0)
(2.7803 0.517268 0)
(2.80254 0.495454 0)
(2.83569 0.474134 0)
(2.88391 0.433949 0)
(2.90687 0.388804 0)
(2.92065 0.368067 0)
(2.944 0.364308 0)
(2.97953 0.336437 0)
(3.00428 0.289477 0)
(3.00599 0.248701 0)
(3.00729 0.229389 0)
(3.03205 0.200833 0)
(3.04587 0.195434 0)
(3.05427 0.189907 0)
(3.07437 0.161882 0)
(3.08786 0.131601 0)
(3.09395 0.118057 0)
(3.10471 0.104588 0)
(3.11235 0.0986574 0)
(3.12235 0.0871085 0)
(3.13401 0.0753777 0)
(3.14001 0.0575663 0)
(3.13781 0.0468182 0)
(3.1338 0.0348693 0)
(3.1429 0.01255 0)
(3.14572 -0.00896797 0)
(3.14625 -0.0292717 0)
(3.14545 -0.0489843 0)
(3.1385 -0.065418 0)
(3.12505 -0.0827641 0)
(3.11539 -0.092531 0)
(3.11134 -0.0938906 0)
(3.10361 -0.0940334 0)
(3.09648 -0.0905233 0)
(3.0907 -0.0834272 0)
(3.08532 -0.0740474 0)
(3.08036 -0.0626251 0)
(3.07672 -0.0490728 0)
(3.07494 -0.0319726 0)
(3.0761 -0.010106 0)
(3.08198 0.0182492 0)
(3.09591 0.0555334 0)
(3.11977 0.0982404 0)
(3.13584 0.125392 0)
(3.13533 0.129147 0)
(3.12968 0.124054 0)
(3.10555 0.104447 0)
(3.05647 0.0571181 0)
(3.01083 0.0104722 0)
(3.00031 0.000279092 0)
(3 3.34816e-07 0)
(3 -1.21459e-07 0)
(3 -1.16391e-07 0)
(3 -8.2337e-08 0)
(3 -3.27848e-08 0)
(3 -4.24252e-09 0)
(3 -8.2705e-11 0)
(3 2.32902e-12 0)
(3 2.52204e-12 0)
(3 2.17398e-12 0)
(3 1.23976e-12 0)
(3 3.0727e-13 0)
(3 1.72948e-14 0)
(3 -4.84268e-16 0)
(3 -3.89699e-16 0)
(3 -1.16024e-16 0)
(3 9.90376e-16 0)
(3 1.08889e-15 0)
(3 7.22068e-16 0)
(3 9.36097e-16 0)
(3 -3.80587e-16 0)
(3 -1.72357e-15 0)
(3 -1.2374e-15 0)
(3 -3.55644e-16 0)
(3 -5.81256e-17 0)
(3 -7.90409e-16 0)
(3 2.16406e-08 0)
(2.99999 2.91764e-05 0)
(2.99866 0.00413478 0)
(2.95671 0.0939444 0)
(2.73657 0.449459 0)
(2.37138 0.85525 0)
(2.27508 0.96648 0)
(2.2788 1.02374 0)
(2.29187 1.02372 0)
(2.3274 1.00863 0)
(2.37875 0.975269 0)
(2.43963 0.908374 0)
(2.46717 0.866663 0)
(2.52521 0.805698 0)
(2.57532 0.75762 0)
(2.60524 0.749051 0)
(2.63721 0.721351 0)
(2.68475 0.668501 0)
(2.7179 0.626808 0)
(2.74074 0.623023 0)
(2.7625 0.599308 0)
(2.80789 0.544108 0)
(2.83249 0.516816 0)
(2.8637 0.491096 0)
(2.90367 0.456528 0)
(2.92223 0.427646 0)
(2.94267 0.414944 0)
(2.9647 0.396287 0)
(2.98811 0.348287 0)
(2.99836 0.29757 0)
(2.99953 0.282599 0)
(3.01874 0.265292 0)
(3.0452 0.254426 0)
(3.05682 0.244666 0)
(3.0752 0.213339 0)
(3.08187 0.18796 0)
(3.08586 0.177452 0)
(3.09988 0.163899 0)
(3.10893 0.15409 0)
(3.11989 0.133249 0)
(3.12277 0.126491 0)
(3.13217 0.11021 0)
(3.1341 0.0894893 0)
(3.13191 0.0710713 0)
(3.13552 0.0528227 0)
(3.13695 0.041527 0)
(3.13603 0.0338109 0)
(3.13275 0.026073 0)
(3.12477 0.0166677 0)
(3.1133 0.00687032 0)
(3.10907 0.00404711 0)
(3.10538 0.00365341 0)
(3.09994 0.0046403 0)
(3.09515 0.00728474 0)
(3.09151 0.0107183 0)
(3.08911 0.0148828 0)
(3.0879 0.0206899 0)
(3.08829 0.0299608 0)
(3.09125 0.0448215 0)
(3.09839 0.0681699 0)
(3.11244 0.101191 0)
(3.132 0.137025 0)
(3.14223 0.155428 0)
(3.14202 0.155625 0)
(3.13347 0.144839 0)
(3.10452 0.115751 0)
(3.05117 0.0564406 0)
(3.00815 0.00860435 0)
(3.00018 0.000182846 0)
(3 1.47859e-07 0)
(3 -8.84501e-08 0)
(3 -8.3494e-08 0)
(3 -5.41323e-08 0)
(3 -1.78918e-08 0)
(3 -1.69758e-09 0)
(3 -2.06301e-11 0)
(3 1.77709e-12 0)
(3 1.85274e-12 0)
(3 1.51637e-12 0)
(3 7.59879e-13 0)
(3 1.48606e-13 0)
(3 6.43648e-15 0)
(3 2.09956e-16 0)
(3 1.1496e-16 0)
(3 -1.16445e-16 0)
(3 -7.5633e-16 0)
(3 -3.72834e-16 0)
(3 -7.13165e-16 0)
(3 -4.76436e-16 0)
(3 -5.6674e-19 0)
(3 4.56621e-16 0)
(3 -2.44731e-16 0)
(3 3.46077e-16 0)
(3 1.83015e-16 0)
(3 -2.44414e-16 0)
(3 -2.0022e-16 0)
(3 1.62557e-12 0)
(3 1.72905e-08 0)
(3 1.72076e-05 0)
(2.9994 0.00205771 0)
(2.97843 0.0552964 0)
(2.83063 0.297737 0)
(2.5393 0.690476 0)
(2.36251 0.929739 0)
(2.33182 1.01052 0)
(2.34907 1.00721 0)
(2.37392 1.00186 0)
(2.41739 0.978002 0)
(2.45955 0.928814 0)
(2.49463 0.876537 0)
(2.5617 0.808965 0)
(2.60836 0.76825 0)
(2.63302 0.764784 0)
(2.67956 0.722454 0)
(2.71678 0.673248 0)
(2.74298 0.650561 0)
(2.75784 0.635904 0)
(2.79839 0.601012 0)
(2.82948 0.55638 0)
(2.85155 0.543122 0)
(2.89316 0.516334 0)
(2.92487 0.480703 0)
(2.9395 0.457592 0)
(2.95598 0.432119 0)
(2.97148 0.391645 0)
(2.98823 0.360252 0)
(2.99554 0.337601 0)
(3.00935 0.332291 0)
(3.04382 0.314475 0)
(3.05728 0.295306 0)
(3.07361 0.261168 0)
(3.07519 0.236432 0)
(3.07583 0.228285 0)
(3.09565 0.212943 0)
(3.10521 0.202448 0)
(3.11371 0.180687 0)
(3.11571 0.174205 0)
(3.12315 0.156248 0)
(3.12657 0.131843 0)
(3.12402 0.115266 0)
(3.1275 0.0991211 0)
(3.13234 0.0845143 0)
(3.1334 0.0708192 0)
(3.1315 0.0561811 0)
(3.12715 0.0402412 0)
(3.12401 0.032749 0)
(3.1225 0.0307418 0)
(3.1203 0.0287307 0)
(3.11824 0.0293762 0)
(3.11599 0.0336915 0)
(3.11359 0.0419694 0)
(3.11169 0.0539653 0)
(3.11093 0.0705377 0)
(3.11276 0.0926693 0)
(3.11911 0.121199 0)
(3.13106 0.153054 0)
(3.14319 0.177796 0)
(3.14641 0.184114 0)
(3.14434 0.178313 0)
(3.13042 0.160132 0)
(3.09529 0.117754 0)
(3.03967 0.0476863 0)
(3.00467 0.00544901 0)
(3.00007 8.23098e-05 0)
(3 1.69739e-08 0)
(3 -6.00216e-08 0)
(3 -5.50891e-08 0)
(3 -3.17056e-08 0)
(3 -8.20605e-09 0)
(3 -5.23769e-10 0)
(3 -2.89285e-12 0)
(3 1.26194e-12 0)
(3 1.27334e-12 0)
(3 9.57112e-13 0)
(3 3.95387e-13 0)
(3 5.80599e-14 0)
(3 2.99098e-15 0)
(3 8.37e-16 0)
(3 1.44704e-15 0)
(3 1.2448e-15 0)
(3 -7.65318e-20 0)
(3 5.74427e-17 0)
(3 4.76558e-16 0)
(3 5.3826e-16 0)
(3 1.2913e-16 0)
(3 5.23412e-16 0)
(3 2.41259e-15 0)
(3 3.18131e-15 0)
(3 2.61568e-15 0)
(3 1.37398e-15 0)
(3 -1.16703e-16 0)
(3 -2.22455e-16 0)
(3 2.00877e-16 0)
(3 1.12068e-12 0)
(3 8.08993e-09 0)
(3 5.95891e-06 0)
(2.99978 0.000769571 0)
(2.99271 0.021204 0)
(2.90927 0.170767 0)
(2.70968 0.499441 0)
(2.44162 0.884118 0)
(2.42313 0.93557 0)
(2.4276 0.969044 0)
(2.43729 0.969597 0)
(2.44906 0.978063 0)
(2.48101 0.947259 0)
(2.52767 0.89985 0)
(2.58156 0.850354 0)
(2.62896 0.815964 0)
(2.67009 0.782674 0)
(2.71685 0.719078 0)
(2.73656 0.695513 0)
(2.74908 0.673362 0)
(2.79275 0.638243 0)
(2.82791 0.596205 0)
(2.84829 0.577446 0)
(2.87626 0.574274 0)
(2.92089 0.535907 0)
(2.9344 0.496928 0)
(2.93958 0.467189 0)
(2.96175 0.429545 0)
(2.98071 0.414649 0)
(2.99475 0.391436 0)
(3.00892 0.381639 0)
(3.03393 0.372683 0)
(3.05674 0.34626 0)
(3.06756 0.310099 0)
(3.0679 0.282531 0)
(3.06428 0.276763 0)
(3.08691 0.259301 0)
(3.1022 0.245344 0)
(3.10887 0.224592 0)
(3.10863 0.217234 0)
(3.11372 0.198212 0)
(3.11829 0.171089 0)
(3.11869 0.155637 0)
(3.12152 0.145262 0)
(3.12481 0.135068 0)
(3.12561 0.124629 0)
(3.12389 0.114235 0)
(3.12214 0.108851 0)
(3.12153 0.107301 0)
(3.12124 0.105757 0)
(3.12128 0.106864 0)
(3.12158 0.110593 0)
(3.12208 0.11794 0)
(3.12332 0.128639 0)
(3.12569 0.14419 0)
(3.12995 0.164449 0)
(3.13687 0.187148 0)
(3.14495 0.205902 0)
(3.14815 0.212097 0)
(3.14767 0.207928 0)
(3.14007 0.193519 0)
(3.11934 0.165172 0)
(3.07765 0.105285 0)
(3.02447 0.0321059 0)
(3.00184 0.0024385 0)
(3.00002 2.31839e-05 0)
(3 -2.16968e-08 0)
(3 -3.76486e-08 0)
(3 -3.28222e-08 0)
(3 -1.61564e-08 0)
(3 -3.10865e-09 0)
(3 -1.23728e-10 0)
(3 2.49571e-13 0)
(3 8.38753e-13 0)
(3 8.20059e-13 0)
(3 5.34183e-13 0)
(3 1.72214e-13 0)
(3 1.6514e-14 0)
(3 1.89395e-16 0)
(3 8.12594e-18 0)
(3 5.02677e-16 0)
(3 1.18509e-15 0)
(3 1.40505e-15 0)
(3 1.63124e-15 0)
(3 2.20043e-15 0)
(3 2.09538e-15 0)
(3 2.36733e-15 0)
(3 1.89461e-15 0)
(3 1.96731e-15 0)
(3 1.96048e-15 0)
(3 1.20848e-15 0)
(3 8.91999e-16 0)
(3 -1.28368e-15 0)
(3 -2.98125e-15 0)
(3 -2.33342e-15 0)
(3 1.45124e-16 0)
(3 4.92735e-16 0)
(3 4.68454e-13 0)
(3 1.75115e-09 0)
(3 1.34436e-06 0)
(2.99996 0.00017238 0)
(2.99763 0.00658973 0)
(2.96286 0.0816236 0)
(2.83161 0.32719 0)
(2.59815 0.71428 0)
(2.55284 0.825144 0)
(2.47126 0.925384 0)
(2.4623 0.950738 0)
(2.49361 0.963292 0)
(2.52905 0.952422 0)
(2.56458 0.926834 0)
(2.61052 0.898665 0)
(2.65738 0.861608 0)
(2.69276 0.809871 0)
(2.72494 0.748813 0)
(2.73938 0.720699 0)
(2.77736 0.685645 0)
(2.82566 0.648839 0)
(2.84798 0.620245 0)
(2.86774 0.622758 0)
(2.90121 0.59164 0)
(2.9275 0.529098 0)
(2.92735 0.502556 0)
(2.94961 0.471635 0)
(2.97557 0.463753 0)
(2.99426 0.440481 0)
(3.00706 0.42823 0)
(3.02846 0.420623 0)
(3.04567 0.394066 0)
(3.05864 0.355189 0)
(3.06174 0.325757 0)
(3.06047 0.320796 0)
(3.07431 0.306604 0)
(3.09782 0.286233 0)
(3.10295 0.270235 0)
(3.10286 0.260663 0)
(3.10536 0.239618 0)
(3.10967 0.216924 0)
(3.11248 0.205467 0)
(3.11564 0.196576 0)
(3.11917 0.1859 0)
(3.12117 0.176308 0)
(3.12269 0.171614 0)
(3.12441 0.16928 0)
(3.12599 0.169642 0)
(3.12784 0.173383 0)
(3.13023 0.180579 0)
(3.13315 0.191236 0)
(3.13635 0.205013 0)
(3.14003 0.219922 0)
(3.14443 0.234132 0)
(3.14799 0.242661 0)
(3.14901 0.242939 0)
(3.14772 0.235832 0)
(3.14115 0.221226 0)
(3.12818 0.199474 0)
(3.10059 0.153474 0)
(3.05217 0.0768207 0)
(3.01055 0.0155113 0)
(3.00044 0.000698659 0)
(3 3.69815e-06 0)
(3 -1.88018e-08 0)
(3 -2.21279e-08 0)
(3 -1.7634e-08 0)
(3 -7.21183e-09 0)
(3 -9.75531e-10 0)
(3 -2.23701e-11 0)
(3 4.31155e-13 0)
(3 5.33341e-13 0)
(3 4.79815e-13 0)
(3 2.57554e-13 0)
(3 5.81359e-14 0)
(3 1.3609e-15 0)
(3 -1.82093e-15 0)
(3 -1.26398e-15 0)
(3 -1.83796e-16 0)
(3 1.02177e-15 0)
(3 1.28272e-15 0)
(3 1.25384e-15 0)
(3 1.36697e-15 0)
(3 1.21978e-15 0)
(3 6.7998e-16 0)
(3 6.44952e-16 0)
(3 1.23925e-15 0)
(3 1.35024e-15 0)
(3 1.45651e-16 0)
(3 -6.27013e-17 0)
(3 1.55526e-17 0)
(3 -1.34704e-16 0)
(3 -4.91563e-16 0)
(3 -8.46431e-16 0)
(3 -3.70543e-17 0)
(3 -6.09718e-16 0)
(3 -1.49388e-15 0)
(3 8.86952e-14 0)
(3 2.41019e-10 0)
(3 1.63957e-07 0)
(2.99999 3.24655e-05 0)
(2.99941 0.00168948 0)
(2.98964 0.0284068 0)
(2.92447 0.161614 0)
(2.78403 0.446025 0)
(2.64531 0.682521 0)
(2.53094 0.848326 0)
(2.52305 0.920765 0)
(2.56414 0.931978 0)
(2.59367 0.928508 0)
(2.61471 0.924612 0)
(2.64383 0.91792 0)
(2.6718 0.890266 0)
(2.69882 0.843274 0)
(2.7279 0.797551 0)
(2.76265 0.764529 0)
(2.80853 0.727281 0)
(2.84122 0.69137 0)
(2.86004 0.676665 0)
(2.87539 0.646692 0)
(2.91202 0.57861 0)
(2.92185 0.549271 0)
(2.93261 0.53215 0)
(2.97089 0.515608 0)
(2.99363 0.488065 0)
(3.00487 0.479167 0)
(3.01691 0.47524 0)
(3.03688 0.439228 0)
(3.04758 0.399582 0)
(3.0519 0.378767 0)
(3.05682 0.368673 0)
(3.07099 0.354525 0)
(3.08889 0.336234 0)
(3.0949 0.323955 0)
(3.0959 0.310541 0)
(3.09797 0.28887 0)
(3.10357 0.272672 0)
(3.10776 0.264274 0)
(3.11189 0.257259 0)
(3.11556 0.252108 0)
(3.12014 0.248819 0)
(3.12419 0.248454 0)
(3.12823 0.251689 0)
(3.13261 0.258146 0)
(3.13725 0.266565 0)
(3.14171 0.275616 0)
(3.14595 0.283179 0)
(3.14855 0.28648 0)
(3.14936 0.285207 0)
(3.14802 0.276108 0)
(3.14386 0.262216 0)
(3.13875 0.247601 0)
(3.12885 0.22678 0)
(3.10825 0.186818 0)
(3.07059 0.117377 0)
(3.02494 0.0405852 0)
(3.00277 0.00475917 0)
(3.00006 0.000113445 0)
(3 2.92566e-07 0)
(3 -1.1104e-08 0)
(3 -1.20006e-08 0)
(3 -8.48827e-09 0)
(3 -2.75448e-09 0)
(3 -2.47495e-10 0)
(3 -2.96495e-12 0)
(3 2.80093e-13 0)
(3 3.09675e-13 0)
(3 2.46901e-13 0)
(3 1.08554e-13 0)
(3 1.4471e-14 0)
(3 -3.77568e-15 0)
(3 -4.10002e-15 0)
(3 -3.65898e-15 0)
(3 -2.59954e-15 0)
(3 -1.11034e-15 0)
(3 1.08997e-16 0)
(3 3.49471e-16 0)
(3 8.3236e-16 0)
(3 9.28051e-16 0)
(3 -6.73636e-16 0)
(3 -8.83249e-16 0)
(3 -6.62367e-16 0)
(3 4.1143e-16 0)
(3 1.19252e-15 0)
(3 -2.94772e-16 0)
(3 -1.18892e-15 0)
(3 -1.29973e-15 0)
(3 3.89344e-16 0)
(3 1.89841e-15 0)
(3 5.42432e-16 0)
(3 -8.31492e-16 0)
(3 -1.41082e-15 0)
(3 -1.89306e-15 0)
(3 -1.36657e-15 0)
(3 1.1537e-14 0)
(3 1.56669e-11 0)
(3 1.84098e-08 0)
(3 4.39456e-06 0)
(2.99992 0.000269369 0)
(2.99791 0.00606742 0)
(2.97953 0.0499619 0)
(2.90354 0.212592 0)
(2.75623 0.490203 0)
(2.65962 0.69985 0)
(2.62876 0.821282 0)
(2.61148 0.888809 0)
(2.64207 0.902642 0)
(2.65645 0.897105 0)
(2.6746 0.891894 0)
(2.70047 0.882594 0)
(2.72688 0.865906 0)
(2.7527 0.845303 0)
(2.78759 0.817776 0)
(2.8208 0.787535 0)
(2.8417 0.763734 0)
(2.85995 0.719076 0)
(2.89211 0.658434 0)
(2.91147 0.63029 0)
(2.92757 0.617029 0)
(2.96019 0.592685 0)
(2.98605 0.562194 0)
(2.99736 0.548527 0)
(3.00654 0.536846 0)
(3.02358 0.49958 0)
(3.03629 0.461912 0)
(3.04209 0.444496 0)
(3.05082 0.433575 0)
(3.06511 0.420832 0)
(3.08052 0.405025 0)
(3.08855 0.392029 0)
(3.08962 0.377677 0)
(3.09389 0.358906 0)
(3.09964 0.34954 0)
(3.10436 0.344729 0)
(3.11064 0.341742 0)
(3.11736 0.340185 0)
(3.1237 0.340961 0)
(3.12984 0.343145 0)
(3.1359 0.345788 0)
(3.14113 0.346573 0)
(3.14446 0.344557 0)
(3.14644 0.337605 0)
(3.14542 0.323293 0)
(3.14261 0.307374 0)
(3.13933 0.291396 0)
(3.13341 0.274098 0)
(3.12321 0.249353 0)
(3.10547 0.208502 0)
(3.07556 0.14304 0)
(3.03507 0.0641581 0)
(3.00694 0.0130948 0)
(3.00038 0.000805111 0)
(3 9.22383e-06 0)
(3 6.21962e-09 0)
(3 -5.97766e-09 0)
(3 -6.08053e-09 0)
(3 -3.6459e-09 0)
(3 -8.75729e-10 0)
(3 -4.93962e-11 0)
(3 -2.02488e-13 0)
(3 1.61594e-13 0)
(3 1.67056e-13 0)
(3 1.12241e-13 0)
(3 3.60474e-14 0)
(3 2.74192e-15 0)
(3 -1.39539e-15 0)
(3 -2.16336e-15 0)
(3 -2.10557e-15 0)
(3 -1.97896e-15 0)
(3 -1.96039e-15 0)
(3 -8.68343e-16 0)
(3 -6.42126e-16 0)
(3 -4.74542e-16 0)
(3 1.39703e-15 0)
(3 1.97902e-15 0)
(3 3.97351e-16 0)
(3 3.02591e-16 0)
(3 2.56081e-16 0)
(3 3.22649e-16 0)
(3 -8.72749e-17 0)
(3 -1.31529e-15 0)
(3 -1.79555e-15 0)
(3 -2.02517e-15 0)
(3 2.85629e-16 0)
(3 1.33812e-15 0)
(3 8.61687e-16 0)
(3 -2.29554e-15 0)
(3 -1.81259e-15 0)
(3 -1.32355e-15 0)
(3 -1.81461e-15 0)
(3 -1.66756e-15 0)
(3 -1.15463e-15 0)
(3 1.08749e-12 0)
(3 1.15929e-09 0)
(3 2.74982e-07 0)
(2.99999 2.46394e-05 0)
(2.99976 0.00072887 0)
(2.99598 0.0108669 0)
(2.96982 0.074098 0)
(2.90312 0.232256 0)
(2.80635 0.460374 0)
(2.73589 0.645888 0)
(2.69164 0.783329 0)
(2.69299 0.813916 0)
(2.69434 0.860427 0)
(2.70919 0.860296 0)
(2.73899 0.851142 0)
(2.76433 0.84516 0)
(2.78835 0.837704 0)
(2.81073 0.827966 0)
(2.82783 0.813363 0)
(2.85537 0.783142 0)
(2.88213 0.751291 0)
(2.89763 0.73417 0)
(2.92101 0.714145 0)
(2.94939 0.685586 0)
(2.96988 0.660622 0)
(2.98449 0.642001 0)
(2.99842 0.618568 0)
(3.01247 0.583515 0)
(3.02348 0.552103 0)
(3.03273 0.53374 0)
(3.04385 0.521275 0)
(3.05746 0.509446 0)
(3.0713 0.496197 0)
(3.08164 0.481848 0)
(3.08679 0.467131 0)
(3.09018 0.453551 0)
(3.09534 0.442762 0)
(3.10333 0.435553 0)
(3.11132 0.429931 0)
(3.11896 0.423869 0)
(3.12514 0.416818 0)
(3.13096 0.407079 0)
(3.13479 0.393205 0)
(3.1363 0.376557 0)
(3.13609 0.358587 0)
(3.13472 0.340418 0)
(3.13027 0.321386 0)
(3.12291 0.29785 0)
(3.11173 0.265508 0)
(3.09502 0.217718 0)
(3.0691 0.150711 0)
(3.03548 0.0744193 0)
(3.0095 0.0202004 0)
(3.00093 0.00218113 0)
(3.00002 6.40174e-05 0)
(3 3.22434e-07 0)
(3 -2.42286e-09 0)
(3 -3.05768e-09 0)
(3 -2.82555e-09 0)
(3 -1.32879e-09 0)
(3 -2.21616e-10 0)
(3 -7.28403e-12 0)
(3 4.62415e-14 0)
(3 8.59528e-14 0)
(3 8.1748e-14 0)
(3 4.42354e-14 0)
(3 8.60205e-15 0)
(3 -1.25152e-15 0)
(3 -1.95595e-15 0)
(3 -1.49171e-15 0)
(3 -1.94826e-15 0)
(3 -2.36885e-15 0)
(3 -1.67194e-15 0)
(3 -1.42737e-15 0)
(3 4.17796e-17 0)
(3 5.63573e-16 0)
(3 1.32005e-15 0)
(3 2.98179e-15 0)
(3 3.74742e-15 0)
(3 2.8274e-15 0)
(3 8.60193e-16 0)
(3 4.06683e-16 0)
(3 -1.13988e-15 0)
(3 -3.43876e-15 0)
(3 -3.48027e-15 0)
(3 -2.67468e-15 0)
(3 -1.13877e-15 0)
(3 5.94441e-16 0)
(3 1.11428e-15 0)
(3 1.30591e-15 0)
(3 -1.5138e-15 0)
(3 -1.6217e-16 0)
(3 -1.87781e-16 0)
(3 -1.26393e-15 0)
(3 -2.00251e-15 0)
(3 -3.88288e-15 0)
(3 -3.64449e-15 0)
(3 5.31118e-14 0)
(3 2.47168e-11 0)
(3 1.00564e-08 0)
(3 1.15327e-06 0)
(2.99998 6.59964e-05 0)
(2.99957 0.00141075 0)
(2.99592 0.0123452 0)
(2.97748 0.0615678 0)
(2.9305 0.187601 0)
(2.86423 0.365408 0)
(2.80125 0.538438 0)
(2.76564 0.668472 0)
(2.74975 0.754697 0)
(2.7616 0.794101 0)
(2.77992 0.80529 0)
(2.79828 0.810238 0)
(2.81516 0.806988 0)
(2.82986 0.79658 0)
(2.85864 0.782247 0)
(2.88381 0.767715 0)
(2.89789 0.756677 0)
(2.91649 0.746174 0)
(2.94193 0.723843 0)
(2.95889 0.705603 0)
(2.97311 0.69173 0)
(2.99089 0.668257 0)
(3.00481 0.640532 0)
(3.01447 0.617786 0)
(3.0246 0.600943 0)
(3.03637 0.587307 0)
(3.0493 0.57399 0)
(3.0624 0.55894 0)
(3.07341 0.54188 0)
(3.08083 0.523647 0)
(3.08553 0.505264 0)
(3.09025 0.487915 0)
(3.09666 0.47222 0)
(3.10389 0.457606 0)
(3.11083 0.442723 0)
(3.11678 0.426707 0)
(3.12116 0.409532 0)
(3.12278 0.391294 0)
(3.12039 0.369982 0)
(3.11487 0.343906 0)
(3.10587 0.310281 0)
(3.0938 0.26544 0)
(3.07676 0.20701 0)
(3.05341 0.13649 0)
(3.02737 0.0670679 0)
(3.00825 0.0202749 0)
(3.00111 0.00295472 0)
(3.00005 0.000154743 0)
(3 2.02151e-06 0)
(3 3.29634e-09 0)
(3 -1.30172e-09 0)
(3 -1.47979e-09 0)
(3 -1.13766e-09 0)
(3 -3.91882e-10 0)
(3 -4.18767e-11 0)
(3 -7.2457e-13 0)
(3 3.42269e-14 0)
(3 4.13258e-14 0)
(3 3.51944e-14 0)
(3 1.42177e-14 0)
(3 -1.4354e-15 0)
(3 -3.46466e-15 0)
(3 -3.20994e-15 0)
(3 -3.40686e-15 0)
(3 -3.09809e-15 0)
(3 -2.03174e-15 0)
(3 -1.77904e-15 0)
(3 -3.33373e-16 0)
(3 7.94742e-16 0)
(3 1.02864e-15 0)
(3 1.09184e-15 0)
(3 2.20851e-15 0)
(3 3.12749e-15 0)
(3 3.707e-15 0)
(3 2.96574e-15 0)
(3 1.40382e-15 0)
(3 5.36587e-16 0)
(3 -7.69412e-16 0)
(3 -3.07357e-15 0)
(3 -3.68197e-15 0)
(3 -3.93713e-15 0)
(3 -2.86824e-15 0)
(3 -1.13791e-15 0)
(3 -1.82231e-16 0)
(3 5.29212e-16 0)
(3 -4.90653e-16 0)
(3 -8.23221e-17 0)
(3 6.23316e-16 0)
(3 6.28357e-16 0)
(3 -1.44914e-16 0)
(3 -1.13677e-15 0)
(3 -1.28448e-15 0)
(3 -1.28418e-15 0)
(3 -4.11293e-16 0)
(3 4.89693e-13 0)
(3 1.72532e-10 0)
(3 3.90508e-08 0)
(3 2.62698e-06 0)
(2.99998 6.78478e-05 0)
(2.99971 0.000961526 0)
(2.99762 0.00754617 0)
(2.9881 0.035413 0)
(2.96245 0.109308 0)
(2.91785 0.243692 0)
(2.87669 0.394261 0)
(2.84968 0.524233 0)
(2.83269 0.623355 0)
(2.82887 0.683065 0)
(2.83061 0.719192 0)
(2.84222 0.737269 0)
(2.86489 0.740443 0)
(2.88301 0.742747 0)
(2.90717 0.733252 0)
(2.92071 0.726708 0)
(2.93859 0.711155 0)
(2.9535 0.694693 0)
(2.96695 0.68163 0)
(2.98547 0.659333 0)
(2.99934 0.63573 0)
(3.00813 0.618011 0)
(3.01797 0.602999 0)
(3.02941 0.588858 0)
(3.04132 0.574515 0)
(3.05314 0.558618 0)
(3.06356 0.540551 0)
(3.07121 0.521017 0)
(3.07646 0.501201 0)
(3.08109 0.482321 0)
(3.08621 0.464924 0)
(3.09174 0.447776 0)
(3.09644 0.428959 0)
(3.09889 0.406421 0)
(3.09761 0.377695 0)
(3.09199 0.339874 0)
(3.08249 0.291596 0)
(3.06869 0.232539 0)
(3.05133 0.165482 0)
(3.0323 0.0987473 0)
(3.01525 0.0447722 0)
(3.00458 0.0134181 0)
(3.00072 0.00222329 0)
(3.00005 0.000161318 0)
(3 3.84004e-06 0)
(3 2.08983e-08 0)
(3 -4.56228e-10 0)
(3 -6.21166e-10 0)
(3 -6.2807e-10 0)
(3 -3.62422e-10 0)
(3 -8.69164e-11 0)
(3 -5.42274e-12 0)
(3 -3.68734e-14 0)
(3 1.75729e-14 0)
(3 1.92982e-14 0)
(3 1.24564e-14 0)
(3 1.52717e-15 0)
(3 -2.61687e-15 0)
(3 -3.64536e-15 0)
(3 -4.38114e-15 0)
(3 -5.25685e-15 0)
(3 -5.13685e-15 0)
(3 -3.85778e-15 0)
(3 -4.91538e-16 0)
(3 1.59002e-15 0)
(3 3.04627e-15 0)
(3 2.42961e-15 0)
(3 1.26437e-15 0)
(3 1.49364e-15 0)
(3 1.93693e-15 0)
(3 2.20602e-15 0)
(3 2.67949e-15 0)
(3 2.01305e-15 0)
(3 1.26272e-15 0)
(3 3.21092e-16 0)
(3 -1.15515e-16 0)
(3 8.35398e-17 0)
(3 2.82428e-16 0)
(3 -2.40862e-16 0)
(3 -5.25504e-16 0)
(3 -1.55332e-15 0)
(3 -1.22083e-15 0)
(3 -2.61047e-16 0)
(3 -6.5434e-16 0)
(3 -7.50913e-17 0)
(3 2.21883e-16 0)
(3 -2.78955e-17 0)
(3 -1.06989e-16 0)
(3 1.3934e-16 0)
(3 -6.74487e-16 0)
(3 -2.42354e-15 0)
(3 -2.79206e-15 0)
(3 -2.6896e-15 0)
(3 6.63543e-15 0)
(3 1.86524e-12 0)
(3 3.79747e-10 0)
(3 3.14498e-08 0)
(3 1.34195e-06 0)
(2.99999 2.93862e-05 0)
(2.99989 0.000370022 0)
(2.99915 0.00285869 0)
(2.99568 0.0143592 0)
(2.98657 0.0468701 0)
(2.96961 0.111228 0)
(2.94695 0.203931 0)
(2.9228 0.307715 0)
(2.9023 0.407422 0)
(2.89303 0.493187 0)
(2.89774 0.553307 0)
(2.9054 0.594549 0)
(2.91835 0.621543 0)
(2.92787 0.637206 0)
(2.93842 0.63567 0)
(2.94984 0.632197 0)
(2.95987 0.626602 0)
(2.97549 0.615009 0)
(2.99111 0.597913 0)
(3.0004 0.583506 0)
(3.00934 0.571056 0)
(3.0194 0.557775 0)
(3.02931 0.542751 0)
(3.03847 0.525034 0)
(3.04599 0.504036 0)
(3.05125 0.480039 0)
(3.05482 0.454139 0)
(3.05815 0.427269 0)
(3.06172 0.398594 0)
(3.06428 0.365693 0)
(3.06418 0.325622 0)
(3.05982 0.276233 0)
(3.05073 0.217898 0)
(3.03821 0.15517 0)
(3.02472 0.0960145 0)
(3.0131 0.049035 0)
(3.0053 0.0193171 0)
(3.00147 0.00533126 0)
(3.00024 0.000896965 0)
(3.00002 7.64194e-05 0)
(3 2.61466e-06 0)
(3 2.70439e-08 0)
(3 -8.0911e-11 0)
(3 -2.16771e-10 0)
(3 -2.6323e-10 0)
(3 -2.181e-10 0)
(3 -8.86023e-11 0)
(3 -1.32984e-11 0)
(3 -4.36632e-13 0)
(3 2.80559e-15 0)
(3 7.46103e-15 0)
(3 8.04428e-15 0)
(3 4.46715e-15 0)
(3 -1.0048e-15 0)
(3 -3.85349e-15 0)
(3 -4.17492e-15 0)
(3 -3.59653e-15 0)
(3 -4.13223e-15 0)
(3 -4.95376e-15 0)
(3 -4.66544e-15 0)
(3 -3.15626e-15 0)
(3 -7.71522e-16 0)
(3 4.71991e-16 0)
(3 1.1942e-15 0)
(3 1.53438e-15 0)
(3 1.04768e-15 0)
(3 9.05489e-16 0)
(3 2.23999e-15 0)
(3 2.55639e-15 0)
(3 2.02616e-15 0)
(3 1.20315e-15 0)
(3 5.56117e-16 0)
(3 -1.17304e-16 0)
(3 -4.57871e-16 0)
(3 2.76555e-17 0)
(3 4.89443e-16 0)
(3 1.3828e-15 0)
(3 7.6758e-16 0)
(3 -1.22251e-15 0)
(3 -1.35994e-15 0)
(3 -7.16534e-16 0)
(3 4.73953e-16 0)
(3 9.28735e-16 0)
(3 4.82566e-18 0)
(3 -7.13313e-16 0)
(3 2.39223e-16 0)
(3 1.00693e-16 0)
(3 -8.73832e-16 0)
(3 -2.20276e-15 0)
(3 -2.6093e-15 0)
(3 -2.20582e-15 0)
(3 -1.54423e-15 0)
(3 -1.68189e-15 0)
(3 1.24326e-14 0)
(3 1.26103e-12 0)
(3 1.33177e-10 0)
(3 8.99487e-09 0)
(3 3.36903e-07 0)
(3 6.83003e-06 0)
(2.99998 8.15079e-05 0)
(2.99986 0.000579223 0)
(2.9993 0.00278767 0)
(2.99758 0.00971356 0)
(2.9934 0.0264403 0)
(2.98567 0.0591942 0)
(2.97595 0.109872 0)
(2.96822 0.168787 0)
(2.96329 0.227786 0)
(2.96095 0.282039 0)
(2.96097 0.326029 0)
(2.96187 0.358009 0)
(2.96333 0.383157 0)
(2.96649 0.402753 0)
(2.97517 0.414765 0)
(2.98931 0.413855 0)
(2.99414 0.410531 0)
(3.00036 0.404078 0)
(3.00717 0.392559 0)
(3.01332 0.375814 0)
(3.01822 0.353743 0)
(3.02166 0.326421 0)
(3.02381 0.295121 0)
(3.02523 0.261286 0)
(3.02603 0.22502 0)
(3.02557 0.185614 0)
(3.02301 0.143224 0)
(3.01819 0.100243 0)
(3.01213 0.0614307 0)
(3.0066 0.0318133 0)
(3.00286 0.0134327 0)
(3.00095 0.00442058 0)
(3.00023 0.00106074 0)
(3.00004 0.000167522 0)
(3 1.50306e-05 0)
(3 6.33213e-07 0)
(3 9.90843e-09 0)
(3 1.52572e-11 0)
(3 -6.01131e-11 0)
(3 -8.79015e-11 0)
(3 -8.99375e-11 0)
(3 -5.38738e-11 0)
(3 -1.4477e-11 0)
(3 -1.22712e-12 0)
(3 -1.72387e-14 0)
(3 3.11932e-15 0)
(3 3.99046e-15 0)
(3 3.67458e-15 0)
(3 1.50133e-15 0)
(3 5.05362e-16 0)
(3 -1.37632e-15 0)
(3 -2.41754e-15 0)
(3 -2.94982e-15 0)
(3 -2.49091e-15 0)
(3 -1.75031e-15 0)
(3 -1.25875e-15 0)
(3 -1.79063e-15 0)
(3 -1.14801e-15 0)
(3 -4.93445e-16 0)
(3 -1.31614e-16 0)
(3 -8.14843e-16 0)
(3 -1.03757e-15 0)
(3 3.70821e-16 0)
(3 1.25066e-15 0)
(3 1.06535e-15 0)
(3 1.2815e-15 0)
(3 1.14035e-15 0)
(3 1.53609e-15 0)
(3 2.97685e-16 0)
(3 1.1367e-16 0)
(3 4.92743e-16 0)
(3 8.33428e-16 0)
(3 1.15622e-15 0)
(3 1.28129e-15 0)
(3 -7.77024e-18 0)
(3 -1.22605e-15 0)
(3 -1.54796e-15 0)
(3 -1.27573e-15 0)
(3 7.58114e-16 0)
(3 -2.30018e-16 0)
(3 -1.16269e-15 0)
(3 -1.95418e-15 0)
(3 -1.86538e-15 0)
(3 -1.00572e-15 0)
(3 -4.61012e-16 0)
(3 -6.39099e-16 0)
(3 -1.10307e-15 0)
(3 -1.02826e-15 0)
(3 -1.08077e-15 0)
(3 -1.83284e-15 0)
(3 -3.09267e-15 0)
(3 -3.36425e-15 0)
(3 1.60584e-15 0)
(3 3.38692e-13 0)
(3 2.10721e-11 0)
(3 1.13078e-09 0)
(3 3.31916e-08 0)
(3 5.37008e-07 0)
(3 5.55003e-06 0)
(2.99999 4.01478e-05 0)
(2.99995 0.000218976 0)
(2.99979 0.000932132 0)
(2.99937 0.00297893 0)
(2.99863 0.00723434 0)
(2.99758 0.0143571 0)
(2.99627 0.024479 0)
(2.99492 0.0369928 0)
(2.99362 0.0510886 0)
(2.9923 0.0665006 0)
(2.99132 0.0825946 0)
(2.99199 0.0967658 0)
(2.99534 0.105634 0)
(2.99745 0.107367 0)
(2.99836 0.106168 0)
(3.00006 0.101615 0)
(3.00164 0.0932085 0)
(3.00261 0.0817365 0)
(3.00305 0.0684644 0)
(3.00319 0.0547625 0)
(3.00315 0.0414851 0)
(3.00285 0.029099 0)
(3.00222 0.0182625 0)
(3.00141 0.00985236 0)
(3.0007 0.00438627 0)
(3.00026 0.00155212 0)
(3.00007 0.000421593 0)
(3.00001 8.43383e-05 0)
(3 1.16741e-05 0)
(3 1.01022e-06 0)
(3 4.69135e-08 0)
(3 9.61073e-10 0)
(3 4.77844e-12 0)
(3 -1.06967e-11 0)
(3 -1.99867e-11 0)
(3 -2.65201e-11 0)
(3 -2.09597e-11 0)
(3 -8.77732e-12 0)
(3 -1.43244e-12 0)
(3 -5.77376e-14 0)
(3 2.33083e-15 0)
(3 3.24317e-15 0)
(3 3.17728e-15 0)
(3 1.93133e-15 0)
(3 1.65688e-15 0)
(3 1.41796e-15 0)
(3 1.40177e-15 0)
(3 9.14238e-16 0)
(3 3.10919e-17 0)
(3 -1.08458e-15 0)
(3 -1.14579e-15 0)
(3 -1.17521e-15 0)
(3 -9.82089e-16 0)
(3 -3.00533e-16 0)
(3 1.17971e-16 0)
(3 3.03353e-16 0)
(3 -1.08548e-15 0)
(3 -2.79092e-15 0)
(3 -2.45249e-15 0)
(3 -4.47373e-16 0)
(3 1.42327e-16 0)
(3 -1.74348e-16 0)
(3 -6.73244e-16 0)
(3 -1.5463e-16 0)
(3 -5.75849e-16 0)
(3 -6.34668e-17 0)
(3 1.80092e-15 0)
(3 2.20921e-15 0)
(3 3.10519e-15 0)
(3 3.12419e-15 0)
(3 1.88329e-15 0)
(3 1.28877e-16 0)
(3 -1.98126e-16 0)
(3 -1.22012e-15 0)
(3 -1.1811e-15 0)
(3 -5.93351e-16 0)
(3 -1.96789e-15 0)
(3 -2.80437e-15 0)
(3 -3.81112e-15 0)
(3 -4.77251e-15 0)
(3 -2.58946e-15 0)
(3 6.02575e-16 0)
(3 8.99578e-16 0)
(3 2.79887e-16 0)
(3 -9.68919e-16 0)
(3 -1.75013e-15 0)
(3 -2.49723e-15 0)
(3 -2.47847e-15 0)
(3 -1.14063e-15 0)
(3 2.3791e-16 0)
(3 1.33113e-15 0)
(3 1.12264e-15 0)
(3 3.66282e-14 0)
(3 1.11407e-12 0)
(3 2.76067e-11 0)
(3 6.46856e-10 0)
(3 1.0699e-08 0)
(3 1.27612e-07 0)
(3 1.08657e-06 0)
(3 6.19495e-06 0)
(3 2.48413e-05 0)
(2.99999 7.59133e-05 0)
(2.99997 0.000188647 0)
(2.99994 0.000400586 0)
(2.9999 0.000755515 0)
(2.99983 0.00129886 0)
(2.99975 0.00206251 0)
(2.9997 0.00295374 0)
(2.99978 0.00365752 0)
(2.99986 0.00384437 0)
(2.99988 0.00380417 0)
(2.99994 0.00356643 0)
(3 0.00308012 0)
(3.00003 0.00244478 0)
(3.00005 0.00179391 0)
(3.00005 0.00121265 0)
(3.00005 0.00073593 0)
(3.00003 0.0003826 0)
(3.00002 0.000161039 0)
(3.00001 5.19746e-05 0)
(3 1.23124e-05 0)
(3 2.07444e-06 0)
(3 2.41206e-07 0)
(3 1.84325e-08 0)
(3 8.46948e-10 0)
(3 2.18956e-11 0)
(3 2.86469e-13 0)
(3 -1.16389e-12 0)
(3 -2.82388e-12 0)
(3 -5.24442e-12 0)
(3 -5.52601e-12 0)
(3 -3.19477e-12 0)
(3 -8.42022e-13 0)
(3 -7.34164e-14 0)
(3 9.99166e-17 0)
(3 2.12438e-15 0)
(3 2.90633e-15 0)
(3 2.55354e-15 0)
(3 1.80276e-15 0)
(3 8.02241e-16 0)
(3 6.41843e-16 0)
(3 2.13941e-15 0)
(3 2.43849e-15 0)
(3 1.63254e-15 0)
(3 4.80037e-16 0)
(3 -3.1045e-17 0)
(3 1.65288e-16 0)
(3 5.63779e-17 0)
(3 -5.71831e-16 0)
(3 -1.25143e-15 0)
(3 -8.2881e-16 0)
(3 -2.32744e-16 0)
(3 -1.54246e-15 0)
(3 -2.50646e-15 0)
(3 -2.72095e-15 0)
(3 -5.91732e-16 0)
(3 -3.88652e-16 0)
(3 6.65653e-17 0)
(3 6.31518e-17 0)
(3 -1.21915e-15 0)
(3 -2.02642e-15 0)
(3 5.87944e-16 0)
(3 3.73706e-15 0)
(3 2.56565e-15 0)
(3 1.38342e-15 0)
(3 1.96548e-15 0)
(3 2.26582e-15 0)
(3 1.63272e-15 0)
(3 2.128e-15 0)
(3 -4.45403e-16 0)
(3 -1.75375e-15 0)
(3 -6.90216e-16 0)
(3 -7.67125e-16 0)
(3 -1.75597e-15 0)
(3 -2.05408e-15 0)
(3 -1.34271e-15 0)
(3 -1.03569e-15 0)
(3 6.12195e-16 0)
(3 1.02071e-15 0)
(3 3.02995e-16 0)
(3 -2.96192e-17 0)
(3 -1.53151e-15 0)
(3 -1.80925e-15 0)
(3 -1.8046e-15 0)
(3 -5.08969e-16 0)
(3 2.64464e-16 0)
(3 8.04751e-16 0)
(3 -2.66863e-16 0)
(3 -5.55943e-16 0)
(3 -4.14469e-16 0)
(3 3.45076e-16 0)
(3 1.67135e-14 0)
(3 3.07804e-13 0)
(3 4.05361e-12 0)
(3 6.28628e-11 0)
(3 6.45378e-10 0)
(3 4.36722e-09 0)
(3 2.114e-08 0)
(3 8.0171e-08 0)
(3 2.53578e-07 0)
(3 6.91427e-07 0)
(3 1.65343e-06 0)
(3 3.50017e-06 0)
(3 6.35634e-06 0)
(3 8.95013e-06 0)
(3 9.59274e-06 0)
(3 9.45783e-06 0)
(3 8.61714e-06 0)
(3 6.90792e-06 0)
(3 4.86943e-06 0)
(3 3.05559e-06 0)
(3 1.67885e-06 0)
(3 7.63251e-07 0)
(3 2.64959e-07 0)
(3 6.47789e-08 0)
(3 1.04906e-08 0)
(3 1.09105e-09 0)
(3 7.32024e-11 0)
(3 4.25689e-12 0)
(3 2.74654e-13 0)
(3 -6.10022e-16 0)
(3 -5.03953e-14 0)
(3 -1.78708e-13 0)
(3 -4.84933e-13 0)
(3 -7.13377e-13 0)
(3 -5.8285e-13 0)
(3 -2.38275e-13 0)
(3 -3.64562e-14 0)
(3 -1.03958e-15 0)
(3 3.6311e-16 0)
(3 4.80778e-16 0)
(3 6.34863e-16 0)
(3 5.13504e-16 0)
(3 3.71726e-16 0)
(3 2.98064e-16 0)
(3 4.16472e-16 0)
(3 2.80463e-16 0)
(3 4.81189e-16 0)
(3 6.75957e-16 0)
(3 5.53575e-16 0)
(3 3.84898e-16 0)
(3 4.09609e-16 0)
(3 5.34309e-16 0)
(3 7.28559e-16 0)
(3 3.86499e-16 0)
(3 -1.66351e-16 0)
(3 -4.02352e-16 0)
(3 -1.78936e-16 0)
(3 -4.64393e-16 0)
(3 -1.11025e-15 0)
(3 -1.62179e-15 0)
(3 -1.64863e-15 0)
(3 -1.40463e-15 0)
(3 -2.5581e-16 0)
(3 9.66386e-16 0)
(3 -7.04285e-16 0)
(3 -5.08074e-16 0)
(3 1.12883e-15 0)
(3 2.17758e-15 0)
(3 1.18449e-15 0)
(3 6.81292e-16 0)
(3 5.90428e-16 0)
(3 1.63854e-15 0)
(3 2.13028e-15 0)
(3 1.92935e-15 0)
(3 6.56448e-16 0)
(3 -2.99189e-16 0)
)
;

boundaryField
{
    inlet
    {
        type            fixedValue;
        value           uniform (3 0 0);
    }
    outlet
    {
        type            inletOutlet;
        inletValue      uniform (3 0 0);
        value           nonuniform List<vector> 
32
(
(3 2.13732e-16 0)
(3 1.20273e-16 0)
(3 6.48333e-16 0)
(3 1.3045e-15 0)
(3 2.27127e-16 0)
(3 -1.89295e-15 0)
(3 -2.87184e-15 0)
(3 -1.32064e-15 0)
(3 1.64639e-15 0)
(3 3.12405e-15 0)
(3 3.49261e-15 0)
(3 3.939e-15 0)
(3 3.1371e-16 0)
(3 5.40178e-16 0)
(3 1.93054e-15 0)
(3 1.13661e-15 0)
(3 -4.79269e-17 0)
(3 -7.90409e-16 0)
(3 -2.0022e-16 0)
(3 -2.22455e-16 0)
(3 -2.33342e-15 0)
(3 -8.46431e-16 0)
(3 5.42432e-16 0)
(3 8.61687e-16 0)
(3 1.30591e-15 0)
(3 5.29212e-16 0)
(3 -2.61047e-16 0)
(3 -7.16534e-16 0)
(3 -1.27573e-15 0)
(3 -1.1811e-15 0)
(3 -1.75375e-15 0)
(3 -2.99189e-16 0)
)
;
    }
    bottom
    {
        type            symmetryPlane;
    }
    top
    {
        type            symmetryPlane;
    }
    obstacle
    {
        type            slip;
    }
    defaultFaces
    {
        type            empty;
    }
}


// ************************************************************************* //
