2 	-3.93236 	-1.24028e-18 	1.12415 	0.00013567 	0
2 	-3.79943 	-3.9291e-18 	1.12482 	0.000408576 	0
2 	-3.67115 	-4.53626e-18 	1.1261 	0.000651775 	0
2 	-3.54734 	-6.87813e-18 	1.12792 	0.000869463 	0
2 	-3.42786 	-8.61286e-18 	1.13023 	0.00104968 	0
2 	-3.31256 	-9.9139e-18 	1.13297 	0.0011859 	0
2 	-3.20128 	-1.19088e-17 	1.1361 	0.00126971 	0
2 	-3.09388 	-1.32966e-17 	1.13957 	0.00129142 	0
2 	-2.99024 	-1.52915e-17 	1.14333 	0.00124114 	0
2 	-2.89021 	-1.72865e-17 	1.14736 	0.00110772 	0
2 	-2.79368 	-1.79804e-17 	1.15159 	0.000878938 	0
2 	-2.70052 	-1.79804e-17 	1.15601 	0.000541969 	0
2 	-2.61061 	-2.12763e-17 	1.16055 	8.3346e-05 	0
2 	-2.52385 	-2.39652e-17 	1.16519 	-0.000511754 	0
2 	-2.44011 	-2.70877e-17 	1.16989 	-0.00125885 	0
2 	-2.35929 	-3.15112e-17 	1.17461 	-0.00217322 	0
2 	-2.2813 	-3.22051e-17 	1.17932 	-0.00327125 	0
2 	-2.20604 	-3.22051e-17 	1.18398 	-0.00457076 	0
2 	-2.1334 	-3.42e-17 	1.18856 	-0.00608852 	0
2 	-2.06329 	-3.6195e-17 	1.19304 	-0.00784085 	0
2 	-1.99564 	-3.6195e-17 	1.1974 	-0.00984523 	0
2 	-1.93035 	-3.6195e-17 	1.20161 	-0.0121183 	0
2 	-1.86734 	-3.6195e-17 	1.20564 	-0.0146754 	0
2 	-1.80652 	-3.55878e-17 	1.20945 	-0.0175306 	0
2 	-1.74784 	-3.49807e-17 	1.213 	-0.0206976 	0
2 	-1.6912 	-3.56745e-17 	1.21623 	-0.0241897 	0
2 	-1.63654 	-3.70623e-17 	1.21908 	-0.0280189 	0
2 	-1.58379 	-3.84501e-17 	1.22151 	-0.0321958 	0
2 	-1.53288 	-3.9144e-17 	1.22346 	-0.0367275 	0
2 	-1.48375 	-3.9144e-17 	1.22484 	-0.041615 	0
2 	-1.43633 	-3.98379e-17 	1.22555 	-0.0468509 	0
2 	-1.39057 	-4.05318e-17 	1.22542 	-0.052414 	0
2 	-1.34641 	-4.25267e-17 	1.22415 	-0.0582656 	0
2 	-1.30379 	-4.52155e-17 	1.22135 	-0.0643467 	0
2 	-1.26266 	-4.59094e-17 	1.21649 	-0.0705823 	0
2 	-1.22296 	-4.48686e-17 	1.20894 	-0.0768863 	0
2 	-1.18466 	-4.38277e-17 	1.19799 	-0.0831363 	0
2 	-1.14768 	-4.38277e-17 	1.18297 	-0.0891109 	0
2 	-1.112 	-4.38277e-17 	1.16327 	-0.0946132 	0
2 	-1.07757 	-4.38277e-17 	1.13839 	-0.100274 	0
2 	-1.03863 	-4.20514e-17 	1.09976 	-0.10991 	9.61337e-22
2 	-1.01586 	-3.9958e-17 	1.03735 	-0.124655 	-6.09017e-21
2 	-0.993217 	-4.09841e-17 	1.02864 	-0.106241 	-2.06191e-21
2 	-0.948059 	-4.40032e-17 	0.952133 	-0.116959 	5.58635e-22
2 	-0.900995 	-4.85292e-17 	0.859022 	-0.128293 	-1.41513e-21
2 	-0.876272 	-5.07208e-17 	0.752578 	-0.141818 	5.12369e-22
2 	-0.851886 	-4.48071e-17 	0.750921 	-0.109011 	-2.94221e-21
2 	-0.803473 	-3.76615e-17 	0.631889 	-0.12028 	1.39206e-21
2 	-0.753096 	-3.74524e-17 	0.510849 	-0.136209 	7.12645e-22
2 	-0.71814 	-3.83767e-17 	0.394665 	-0.157867 	2.61491e-21
2 	-0.692197 	-3.7545e-17 	0.385439 	-0.10351 	-4.76891e-21
2 	-0.649352 	-3.747e-17 	0.269932 	-0.123786 	1.46526e-22
2 	-0.596093 	-3.59978e-17 	0.167489 	-0.149793 	-3.38192e-21
2 	-0.541991 	-3.50827e-17 	0.0817379 	-0.18082 	1.22506e-20
2 	-0.502352 	-3.52256e-17 	0.0169298 	-0.216164 	-1.05896e-20
2 	-0.474727 	-3.50998e-17 	-0.0101309 	-0.138689 	1.84042e-20
2 	-0.431525 	-3.67761e-17 	-0.0565194 	-0.174398 	1.7304e-20
2 	-0.375304 	-3.95517e-17 	-0.0767201 	-0.211797 	2.04525e-20
2 	-0.318526 	-3.87104e-17 	-0.0722323 	-0.250883 	3.39887e-21
2 	-0.261272 	-3.63218e-17 	-0.0468764 	-0.292039 	2.54164e-20
2 	-0.203624 	-3.69048e-17 	-0.0053796 	-0.333805 	9.80124e-23
2 	-0.145668 	-3.87722e-17 	0.0481778 	-0.373789 	-4.98567e-20
2 	-0.0874897 	-3.70676e-17 	0.111699 	-0.410912 	-3.05766e-21
2 	-0.0291781 	-3.87305e-17 	0.183167 	-0.444967 	-4.87561e-21
2 	0.0291781 	-4.8098e-17 	0.261499 	-0.47545 	5.44326e-21
2 	0.0874897 	-4.85168e-17 	0.345624 	-0.501692 	2.64035e-21
2 	0.145668 	-4.38029e-17 	0.434157 	-0.523301 	7.19442e-20
2 	0.203624 	-4.08946e-17 	0.52548 	-0.540115 	1.05705e-21
2 	0.261272 	-4.15259e-17 	0.617923 	-0.552033 	-6.16075e-20
2 	0.318526 	-4.21799e-17 	0.709862 	-0.558964 	-6.92027e-21
2 	0.375304 	-3.7817e-17 	0.79975 	-0.560849 	-6.0253e-20
2 	0.431525 	-3.46945e-17 	0.886041 	-0.557653 	-6.892e-20
2 	0.474727 	-3.39422e-17 	0.967169 	-0.549355 	-1.17302e-19
2 	0.502352 	-3.37209e-17 	0.959375 	-0.59298 	5.50748e-20
2 	0.541991 	-3.71644e-17 	1.02691 	-0.575371 	-1.32181e-19
2 	0.596093 	-4.32836e-17 	1.08651 	-0.553291 	8.66933e-20
2 	0.649352 	-4.85723e-17 	1.13741 	-0.527398 	3.17216e-20
2 	0.692197 	-5.188e-17 	1.17936 	-0.49853 	5.57725e-20
2 	0.71814 	-5.30587e-17 	1.13777 	-0.516109 	8.51167e-20
2 	0.753096 	-5.38455e-17 	1.16875 	-0.484924 	4.00748e-21
2 	0.803473 	-5.30138e-17 	1.19305 	-0.45313 	3.09152e-20
2 	0.851886 	-5.30313e-17 	1.21156 	-0.421428 	-7.03581e-20
2 	0.876272 	-5.3047e-17 	1.16197 	-0.430826 	-9.42519e-21
2 	0.900995 	-5.11313e-17 	1.17775 	-0.401485 	-4.44069e-20
2 	0.948059 	-5.04217e-17 	1.19064 	-0.373715 	6.0751e-20
2 	0.993217 	-5.19971e-17 	1.20145 	-0.348519 	-6.56625e-20
2 	1.01586 	-5.37466e-17 	1.15705 	-0.35683 	9.31018e-20
2 	1.03863 	-5.34138e-17 	1.16958 	-0.331166 	-8.8879e-21
2 	1.07757 	-5.19809e-17 	1.17866 	-0.30297 	0
2 	1.112 	-5.19809e-17 	1.1793 	-0.289918 	0
2 	1.14768 	-5.19809e-17 	1.17785 	-0.277124 	0
2 	1.18466 	-5.19809e-17 	1.17551 	-0.264136 	0
2 	1.22296 	-5.19809e-17 	1.17278 	-0.251305 	0
2 	1.26266 	-5.06799e-17 	1.16985 	-0.23869 	0
2 	1.30379 	-4.87717e-17 	1.16681 	-0.226292 	0
2 	1.34641 	-4.88584e-17 	1.16372 	-0.214128 	0
2 	1.39057 	-4.95523e-17 	1.16059 	-0.202213 	0
2 	1.43633 	-5.02462e-17 	1.15744 	-0.190565 	0
2 	1.48375 	-5.09401e-17 	1.15429 	-0.179198 	0
2 	1.53288 	-5.22412e-17 	1.15115 	-0.16813 	0
2 	1.58379 	-5.2935e-17 	1.14805 	-0.157376 	0
2 	1.63654 	-5.30218e-17 	1.14499 	-0.146949 	0
2 	1.6912 	-5.57106e-17 	1.142 	-0.136863 	0
2 	1.74784 	-5.77055e-17 	1.13909 	-0.12713 	0
2 	1.80652 	-5.83994e-17 	1.13626 	-0.117759 	0
2 	1.86734 	-5.77923e-17 	1.13352 	-0.108758 	0
2 	1.93035 	-5.64912e-17 	1.13087 	-0.100135 	0
2 	1.99564 	-5.64912e-17 	1.12829 	-0.0918953 	0
2 	2.06329 	-5.47565e-17 	1.12579 	-0.0840444 	0
2 	2.1334 	-5.30218e-17 	1.12335 	-0.0765861 	0
2 	2.20604 	-5.17207e-17 	1.12097 	-0.0695225 	0
2 	2.2813 	-5.04197e-17 	1.11865 	-0.0628541 	0
2 	2.35929 	-5.04197e-17 	1.11639 	-0.0565795 	0
2 	2.44011 	-5.04197e-17 	1.11419 	-0.0506948 	0
2 	2.52385 	-5.17207e-17 	1.11205 	-0.0451943 	0
2 	2.61061 	-5.17207e-17 	1.10999 	-0.0400696 	0
2 	2.70052 	-5.04197e-17 	1.10801 	-0.0353101 	0
2 	2.79368 	-5.04197e-17 	1.10611 	-0.0309026 	0
2 	2.89021 	-5.11136e-17 	1.1043 	-0.0268314 	0
2 	2.99024 	-5.12003e-17 	1.1026 	-0.0230781 	0
2 	3.09388 	-5.05932e-17 	1.10101 	-0.0196212 	0
2 	3.20128 	-5.05932e-17 	1.09956 	-0.0164363 	0
2 	3.31256 	-5.05932e-17 	1.09824 	-0.0134956 	0
2 	3.42786 	-5.05932e-17 	1.0971 	-0.0107673 	0
2 	3.54734 	-5.12871e-17 	1.09613 	-0.00821472 	0
2 	3.67115 	-5.26748e-17 	1.09537 	-0.00579551 	0
2 	3.79943 	-5.33687e-17 	1.09483 	-0.00346262 	0
2 	3.93236 	-5.3603e-17 	1.09454 	-0.00115297 	0
