0.504591 	0 	0 	-5.52197e-05 	0.00015909 	-2.96056e-22
0.514047 	0 	1.73472e-18 	-0.000312459 	0.000445578 	4.56637e-21
0.524064 	0 	3.46945e-18 	-0.000877704 	0.000705683 	-1.70192e-21
0.534678 	0 	3.46945e-18 	-0.00172861 	0.000938507 	-1.29969e-21
0.545922 	0 	3.46945e-18 	-0.00284065 	0.00114321 	6.52253e-21
0.557836 	0 	3.46945e-18 	-0.00419988 	0.0013189 	-1.4012e-21
0.570457 	0 	3.46945e-18 	-0.00579001 	0.00146492 	9.83036e-23
0.583829 	0 	3.46945e-18 	-0.00758955 	0.00158092 	-5.43275e-21
0.597997 	0 	1.73472e-18 	-0.00957289 	0.0016669 	1.84712e-21
0.613006 	0 	1.73472e-18 	-0.0117111 	0.0017232 	-2.7446e-21
0.628908 	0 	1.73472e-18 	-0.0139721 	0.00175053 	-1.07812e-21
0.645756 	0 	0 	-0.0163214 	0.00175003 	4.05829e-21
0.663606 	0 	0 	-0.0187227 	0.00172327 	7.29589e-22
0.682517 	0 	0 	-0.0211385 	0.00167231 	3.10156e-21
0.702552 	0 	-1.38778e-18 	-0.0235316 	0.00159972 	-1.21039e-20
0.723779 	0 	-1.38778e-18 	-0.0258659 	0.00150857 	1.70949e-21
0.746268 	0 	1.73472e-18 	-0.0281077 	0.00140254 	1.14048e-20
0.770095 	0 	2.08167e-18 	-0.0302278 	0.00128583 	-6.33977e-21
0.795338 	0 	6.93889e-19 	-0.0322023 	0.00116321 	5.00656e-21
0.822082 	0 	6.93889e-19 	-0.034015 	0.00103993 	3.53388e-21
0.850417 	0 	-1.04083e-18 	-0.035659 	0.000921604 	3.26173e-21
0.880436 	0 	-2.77556e-18 	-0.0371383 	0.000813861 	4.713e-21
0.91224 	0 	-2.77556e-18 	-0.0384651 	0.000721836 	-1.13046e-20
0.945936 	0 	-1.38778e-18 	-0.0396564 	0.000650723 	9.21086e-21
0.981635 	0 	0 	-0.0407828 	0.000608088 	-4.23188e-21
1.04027 	0 	1.73472e-18 	-0.0426917 	0.000575274 	2.06882e-21
1.12228 	0 	3.46945e-18 	-0.0445241 	9.29526e-05 	-1.37673e-21
1.20725 	0 	3.46945e-18 	-0.0438522 	-0.000372813 	1.21996e-21
1.29529 	0 	5.20417e-18 	-0.0411798 	-0.000859833 	-1.65048e-22
1.38652 	0 	5.20417e-18 	-0.0361404 	-0.00131319 	-3.05791e-21
1.48106 	0 	1.73472e-18 	-0.0288543 	-0.00170982 	2.52269e-21
1.57901 	0 	0 	-0.01947 	-0.00204061 	6.55354e-23
1.68051 	0 	0 	-0.00819109 	-0.00230392 	-1.93165e-21
1.78568 	0 	0 	0.00475623 	-0.00250405 	8.09199e-22
1.89466 	0 	0 	0.019149 	-0.00264803 	9.84854e-22
2.00758 	0 	0 	0.0347771 	-0.00274384 	-6.93973e-23
2.12458 	0 	0 	0.0514499 	-0.0027993 	-6.31902e-22
2.24582 	0 	-1.38778e-18 	0.0689972 	-0.00282153 	6.82544e-22
2.37145 	0 	-1.38778e-18 	0.0872691 	-0.00281671 	-5.97196e-22
2.50162 	0 	0 	0.106133 	-0.00279006 	-2.84634e-23
2.6365 	0 	-1.04083e-18 	0.125474 	-0.00274595 	4.70778e-22
2.77627 	0 	-2.08167e-18 	0.145188 	-0.00268798 	-1.06341e-21
2.92109 	0 	-2.08167e-18 	0.165184 	-0.00261914 	5.28168e-22
3.07115 	0 	-3.46945e-19 	0.185382 	-0.0025419 	1.1434e-22
3.22664 	0 	-3.46945e-19 	0.205709 	-0.00245831 	-2.17997e-22
3.38776 	0 	-3.46945e-19 	0.2261 	-0.00237007 	-3.30258e-22
3.55471 	0 	1.38778e-18 	0.246497 	-0.00227861 	5.19596e-23
3.7277 	0 	1.38778e-18 	0.266846 	-0.00218512 	1.09295e-22
3.90695 	0 	1.38778e-18 	0.287103 	-0.00209058 	4.56103e-23
4.09268 	0 	-3.85186e-34 	0.307219 	-0.00199591 	5.87893e-23
4.28514 	0 	3.46945e-19 	0.327166 	-0.00190166 	-1.71589e-22
4.48456 	0 	2.42861e-18 	0.346891 	-0.00180874 	-1.48326e-23
4.69119 	0 	4.16334e-18 	0.3664 	-0.00171705 	-1.08875e-23
