2.92906e-18 	0.534505 	-6.93889e-18 	0.19987 	0.0103682 	3.3489e-20
2.92906e-18 	0.606277 	-2.08167e-18 	0.527565 	0.0631606 	-7.90705e-21
2.92906e-18 	0.683796 	2.77556e-18 	0.801656 	0.144016 	-6.68114e-22
2.92906e-18 	0.76752 	4.16334e-18 	1.01061 	0.211154 	-3.13513e-20
2.92906e-18 	0.857948 	2.77556e-18 	1.15273 	0.258049 	1.9777e-21
-2.08458e-18 	0.955615 	1.74518e-18 	1.23926 	0.300381 	-1.31993e-20
-2.08458e-18 	1.0611 	4.93728e-18 	1.27164 	0.296525 	-8.65957e-21
-2.08458e-18 	1.17503 	6.42847e-18 	1.27782 	0.279278 	-1.69582e-20
-2.08458e-18 	1.29809 	8.29518e-18 	1.27033 	0.255185 	-9.75061e-23
-2.08458e-18 	1.43099 	8.45153e-18 	1.25716 	0.229783 	1.12227e-21
-2.08458e-18 	1.52865 	7.12996e-18 	1.24554 	0.212311 	-1.87551e-22
-2.08458e-18 	1.58811 	9.02056e-18 	1.23814 	0.20196 	-1.71209e-22
-2.08458e-18 	1.65207 	1.04083e-17 	1.23037 	0.191186 	-8.46633e-23
-2.08458e-18 	1.72087 	1.04083e-17 	1.2226 	0.18013 	2.18755e-23
-2.08458e-18 	1.79489 	1.04083e-17 	1.21508 	0.168982 	7.90687e-23
-2.08458e-18 	1.8745 	1.04083e-17 	1.20792 	0.157869 	-2.20732e-22
-2.08458e-18 	1.96014 	9.02056e-18 	1.20112 	0.146857 	2.40323e-22
-7.90052e-18 	2.05226 	0 	1.19461 	0.135964 	3.01187e-22
-7.90052e-18 	2.15135 	0 	1.18829 	0.125179 	-4.83348e-22
-7.90052e-18 	2.25795 	-3.1225e-18 	1.1821 	0.114479 	-1.34254e-23
-7.90052e-18 	2.37261 	-6.59195e-18 	1.17602 	0.103846 	-5.12185e-22
-7.90052e-18 	2.49595 	-6.93889e-18 	1.17003 	0.093255 	7.45356e-22
-7.90052e-18 	2.62863 	-6.93889e-18 	1.1642 	0.082692 	3.96089e-22
-7.90052e-18 	2.77135 	-6.93889e-18 	1.15857 	0.072143 	-5.09195e-22
-7.90052e-18 	2.92488 	-8.32667e-18 	1.15324 	0.0615723 	5.58156e-22
-7.90052e-18 	3.09002 	-9.71445e-18 	1.14833 	0.0509364 	-7.7067e-23
-7.90052e-18 	3.26766 	-9.71445e-18 	1.14397 	0.0401778 	-4.46205e-22
