0 	0.502225 	1.38778e-18 	-1.73091 	-0.642133 	1.47791e-18
0 	0.50678 	1.04083e-18 	-2.34263 	-1.54596 	-5.6991e-18
0 	0.511549 	-2.42861e-18 	-0.284651 	-2.40773 	1.56882e-18
0 	0.516543 	-2.77556e-18 	2.69468 	-2.78084 	-1.42488e-19
0 	0.521771 	-1.38778e-18 	5.14102 	-2.63851 	2.28603e-18
0 	0.527245 	3.85186e-34 	6.43287 	-2.32051 	-1.65619e-18
0 	0.532976 	3.1225e-18 	6.18832 	-1.76982 	3.62664e-18
0 	0.538976 	5.89806e-18 	4.60926 	-1.04612 	-3.75503e-18
0 	0.545259 	6.93889e-18 	2.37135 	-0.337319 	3.50415e-18
0 	0.551837 	6.93889e-18 	0.245254 	0.167144 	-2.8826e-18
0 	0.558725 	6.93889e-18 	-1.23246 	0.392419 	1.78526e-18
0 	0.565936 	8.67362e-18 	-1.88809 	0.406631 	-2.51748e-19
0 	0.573486 	9.02056e-18 	-1.85953 	0.324563 	-1.21018e-18
0 	0.581392 	9.36751e-18 	-1.4354 	0.219417 	4.28282e-19
0 	0.589669 	1.11022e-17 	-0.895777 	0.120379 	-5.22834e-19
0 	0.598335 	1.11022e-17 	-0.419659 	0.036181 	5.56317e-19
-6.84809e-19 	0.607408 	6.98705e-18 	0.157339 	0.125616 	-5.56684e-21
-6.84809e-19 	0.616908 	6.96495e-18 	0.261555 	0.0972874 	1.73573e-19
-6.84809e-19 	0.626855 	6.94252e-18 	0.331645 	0.0643219 	2.73535e-19
-6.84809e-19 	0.637269 	6.91978e-18 	0.377372 	0.0354066 	-7.36041e-20
-6.84809e-19 	0.648173 	6.89677e-18 	0.410073 	0.0155176 	-3.52732e-19
-6.84809e-19 	0.65959 	6.87348e-18 	0.438685 	0.00505864 	2.30796e-19
-6.84809e-19 	0.671543 	6.84995e-18 	0.468703 	0.00218696 	-1.22504e-19
-6.84809e-19 	0.684059 	6.82619e-18 	0.502572 	0.00512851 	4.11012e-20
-6.84809e-19 	0.697162 	6.80223e-18 	0.540716 	0.0124349 	2.71544e-20
-6.84809e-19 	0.710882 	6.77809e-18 	0.582548 	0.0229953 	4.61777e-20
-6.84809e-19 	0.725247 	6.75379e-18 	0.627144 	0.03599 	6.0318e-19
-6.84809e-19 	0.740287 	6.72937e-18 	0.673577 	0.0508051 	-4.09487e-19
-6.84809e-19 	0.756034 	6.70483e-18 	0.721049 	0.0669622 	4.99013e-19
-6.84809e-19 	0.772522 	6.68021e-18 	0.7689 	0.0840721 	-4.55019e-19
-6.84809e-19 	0.789785 	6.65554e-18 	0.816575 	0.101803 	-4.97674e-19
-6.84809e-19 	0.807859 	6.63084e-18 	0.863592 	0.119861 	3.78703e-19
-6.84809e-19 	0.826783 	6.60613e-18 	0.909509 	0.137976 	-4.0651e-19
-6.84809e-19 	0.846597 	6.58145e-18 	0.953907 	0.155895 	6.69775e-20
-6.84809e-19 	0.867342 	6.55681e-18 	0.996383 	0.173375 	5.41209e-19
-6.84809e-19 	0.889063 	6.53225e-18 	1.03654 	0.190183 	1.40751e-19
-6.84809e-19 	0.911805 	6.50778e-18 	1.07402 	0.206052 	-3.313e-19
-6.84809e-19 	0.935616 	6.48344e-18 	1.10852 	0.220928 	-3.10985e-19
-6.84809e-19 	0.960546 	8.19397e-18 	1.13911 	0.234568 	2.27744e-19
-6.84809e-19 	0.986649 	9.90468e-18 	1.16467 	0.246518 	-4.55033e-19
-6.84809e-19 	1.02877 	9.45664e-18 	1.19813 	0.262643 	-1.1889e-19
-6.84809e-19 	1.08734 	9.02056e-18 	1.23164 	0.274349 	8.61691e-20
-6.84809e-19 	1.14803 	9.02056e-18 	1.25316 	0.280274 	-1.0081e-19
-6.84809e-19 	1.21092 	9.02056e-18 	1.26427 	0.280487 	1.31452e-19
-6.84809e-19 	1.27609 	9.02056e-18 	1.26779 	0.276303 	-1.23996e-19
-6.84809e-19 	1.34361 	7.63278e-18 	1.26617 	0.268903 	1.6067e-19
-1.92134e-18 	1.41358 	2.08167e-18 	1.26132 	0.25937 	1.70882e-19
-1.92134e-18 	1.48608 	2.08167e-18 	1.25459 	0.248575 	-3.30397e-20
-1.92134e-18 	1.5612 	3.81639e-18 	1.24689 	0.23715 	-9.77221e-20
-1.92134e-18 	1.63904 	5.55112e-18 	1.23872 	0.225523 	6.30143e-20
-1.92134e-18 	1.7197 	5.55112e-18 	1.2304 	0.213945 	6.50476e-21
-1.92134e-18 	1.80327 	5.55112e-18 	1.22208 	0.202582 	-3.09627e-20
-1.92134e-18 	1.88987 	7.28584e-18 	1.21383 	0.19153 	2.1754e-20
-1.92134e-18 	1.97961 	1.07553e-17 	1.20569 	0.180824 	2.97891e-20
-1.92134e-18 	2.07259 	1.249e-17 	1.19767 	0.170489 	-7.53049e-21
-1.92134e-18 	2.16893 	1.42247e-17 	1.18977 	0.16054 	-5.44224e-20
-1.92134e-18 	2.26876 	1.59595e-17 	1.18198 	0.150973 	2.76579e-20
-1.92134e-18 	2.37221 	1.59595e-17 	1.1743 	0.141777 	-4.18318e-20
-1.92134e-18 	2.47939 	1.76942e-17 	1.16673 	0.13294 	-7.89736e-22
-1.92134e-18 	2.59046 	1.94289e-17 	1.15928 	0.124448 	-6.89635e-21
-1.92134e-18 	2.70554 	1.94289e-17 	1.15195 	0.116286 	5.7053e-20
-1.92134e-18 	2.82479 	1.94289e-17 	1.14476 	0.108443 	-4.39846e-20
-1.92134e-18 	2.94835 	1.94289e-17 	1.13772 	0.100902 	-1.8394e-20
-1.92134e-18 	3.07639 	2.11636e-17 	1.13086 	0.0936481 	-4.27811e-21
-1.92134e-18 	3.20906 	2.28983e-17 	1.1242 	0.0866661 	1.72916e-20
-1.92134e-18 	3.34653 	2.28983e-17 	1.11775 	0.0799439 	-1.43835e-20
