-0.3568 	0.3568 	-2.08173e-18 	0.0288859 	0.02987 	-3.33201e-21
-0.363486 	0.363486 	-6.50183e-19 	0.0842614 	0.0865405 	-2.69572e-20
-0.37057 	0.37057 	1.19161e-18 	0.139113 	0.141389 	3.72603e-20
-0.378074 	0.378074 	6.51106e-18 	0.193205 	0.194103 	-1.98346e-20
-0.386025 	0.386025 	9.5489e-18 	0.246293 	0.24435 	-4.09584e-20
-0.394449 	0.394449 	1.40369e-17 	0.298153 	0.291767 	7.0585e-20
-0.403374 	0.403374 	1.56385e-17 	0.348559 	0.335987 	-4.74432e-20
-0.41283 	0.41283 	1.57785e-17 	0.397289 	0.376651 	-3.31231e-21
-0.422847 	0.422847 	1.5644e-17 	0.444122 	0.41342 	-5.52737e-20
-0.433461 	0.433461 	1.55566e-17 	0.488852 	0.445985 	3.16296e-20
-0.444705 	0.444705 	1.31542e-17 	0.53129 	0.474076 	7.30325e-20
-0.456619 	0.456619 	1.36208e-17 	0.571275 	0.497479 	-4.65068e-20
-0.46924 	0.46924 	1.47786e-17 	0.608678 	0.516049 	3.48118e-20
-0.482612 	0.482612 	1.25831e-17 	0.643409 	0.529723 	-4.54034e-20
-0.49678 	0.49678 	1.4364e-17 	0.675426 	0.538524 	-7.03751e-20
-0.511789 	0.511789 	1.63809e-17 	0.704738 	0.542576 	1.62813e-20
-0.527691 	0.527691 	1.62364e-17 	0.731406 	0.542099 	-9.74545e-20
-0.544539 	0.544539 	1.95627e-17 	0.755544 	0.537411 	-4.22691e-20
-0.555613 	0.555613 	-9.9962e-18 	0.77732 	0.528912 	1.29554e-19
-0.562389 	0.562389 	-7.97973e-18 	0.80812 	0.534563 	6.02319e-20
-0.56676 	0.56676 	-2.74672e-18 	0.77732 	0.528912 	1.29554e-19
-0.5813 	0.5813 	-8.55102e-18 	0.796944 	0.517075 	-2.32673e-19
-0.601335 	0.601335 	-1.31506e-17 	0.814654 	0.502429 	-4.89241e-20
-0.622562 	0.622562 	-1.53272e-17 	0.830683 	0.485547 	8.00598e-20
-0.645051 	0.645051 	-1.65262e-17 	0.84534 	0.46687 	-1.75982e-20
-0.668878 	0.668878 	-1.65802e-17 	0.859438 	0.446365 	6.62423e-20
-0.694121 	0.694121 	-2.20185e-17 	0.872856 	0.425134 	3.28928e-20
-0.707107 	0.707107 	-2.57261e-17 	0.880372 	0.390183 	-8.00894e-21
-0.737558 	0.737558 	-2.94903e-17 	0.901433 	0.397491 	0
-0.799564 	0.799564 	-3.07683e-17 	0.927531 	0.381422 	0
-0.8439 	0.8439 	-2.95762e-17 	0.953077 	0.363978 	0
-0.876595 	0.876595 	-2.86451e-17 	0.941525 	0.298008 	0
-0.930386 	0.930386 	-2.68999e-17 	0.960033 	0.289877 	0
-0.997716 	0.997716 	-2.41244e-17 	0.976581 	0.280747 	0
-1.03282 	1.03282 	-2.15106e-17 	0.952927 	0.230343 	0
-1.07085 	1.07085 	-2.32453e-17 	0.967199 	0.225466 	0
-1.14491 	1.14491 	-2.63761e-17 	0.980559 	0.219749 	0
-1.20866 	1.20866 	-2.74169e-17 	0.992883 	0.213359 	0
-1.24771 	1.24771 	-2.70617e-17 	0.981608 	0.17572 	0
-1.30118 	1.30118 	-2.84495e-17 	0.9909 	0.172209 	0
-1.38358 	1.38358 	-3.06302e-17 	0.999505 	0.168034 	0
-1.44883 	1.44883 	-2.92424e-17 	1.00739 	0.163291 	0
-1.49228 	1.49228 	-2.22045e-17 	0.996641 	0.133432 	0
-1.55743 	1.55743 	-1.9082e-17 	1.00292 	0.130765 	0
-1.64911 	1.64911 	-2.00432e-17 	1.00866 	0.127618 	0
-1.72244 	1.72244 	-2.00432e-17 	1.01382 	0.124042 	0
-1.77078 	1.77078 	-2.28983e-17 	1.00522 	0.100101 	0
-1.84252 	1.84252 	-2.94811e-17 	1.00888 	0.0978454 	0
-1.94451 	1.94451 	-2.06219e-17 	1.01217 	0.0952337 	0
-2.03432 	2.03432 	-2.02749e-17 	1.01509 	0.0923033 	0
-2.0881 	2.0881 	-2.15106e-17 	1.0077 	0.0720273 	0
-2.15969 	2.15969 	-1.66533e-17 	1.00964 	0.0701554 	0
-2.27316 	2.27316 	-1.51805e-17 	1.01134 	0.0680238 	0
-2.39002 	2.39002 	-1.69152e-17 	1.01279 	0.0656568 	0
-2.44985 	2.44985 	-1.52656e-17 	1.0062 	0.0480049 	0
