0.534505 	0 	0 	-0.00375824 	0.00127619 	-1.4499e-20
0.606277 	0 	0 	-0.0140977 	0.0019032 	-2.20855e-20
0.683796 	0 	1.38778e-18 	-0.0265491 	-0.00168934 	-8.94142e-22
0.683796 	0 	0 	-0.0265491 	0.00168933 	1.14211e-21
0.76752 	0 	2.77556e-18 	-0.0345851 	-0.001026 	2.1379e-20
0.76752 	0 	0 	-0.0345851 	0.00102599 	1.97843e-20
0.857948 	0 	3.1225e-18 	-0.0379713 	-0.000146355 	6.03551e-22
0.857948 	0 	0 	-0.0379713 	0.00014634 	1.02093e-21
0.955615 	0 	-3.1225e-18 	-0.0358803 	0.000834479 	-1.55907e-20
1.0611 	0 	0 	-0.0285518 	0.00184264 	-1.0115e-20
1.17503 	0 	2.77556e-18 	-0.0157854 	-0.00282384 	-1.90684e-21
1.17503 	0 	0 	-0.0157854 	0.00282383 	-9.44064e-21
1.29809 	0 	6.93889e-19 	0.000412405 	-0.00359881 	-2.96807e-20
1.29809 	0 	0 	0.000412406 	0.0035988 	-2.70787e-20
1.43099 	0 	0 	0.0220995 	0.00427067 	-8.47199e-21
1.43099 	0 	-4.85723e-18 	0.0220995 	-0.00427067 	-8.62106e-21
1.52865 	0 	0 	0.0352589 	0.00361647 	5.60127e-21
1.52865 	0 	-6.93889e-18 	0.0352589 	-0.00361648 	5.6048e-22
1.58811 	0 	0 	0.0421913 	0.00335699 	-1.74055e-21
1.58811 	0 	-6.93889e-18 	0.0421913 	-0.00335699 	1.22456e-21
1.65207 	0 	0 	0.0491571 	0.00320837 	-5.64923e-21
1.65207 	0 	-6.93889e-18 	0.0491571 	-0.00320837 	4.79032e-21
1.72087 	0 	0 	0.0564701 	0.00311901 	5.06225e-21
1.72087 	0 	-6.93889e-18 	0.0564701 	-0.003119 	-4.40972e-21
1.79489 	0 	0 	0.064202 	0.00307406 	-1.51083e-21
1.79489 	0 	-6.93889e-18 	0.064202 	-0.00307405 	1.02177e-21
1.8745 	0 	0 	0.0724731 	0.00306706 	1.73611e-21
1.8745 	0 	-6.93889e-18 	0.0724731 	-0.00306705 	-3.56666e-22
1.96014 	0 	0 	0.0814305 	-0.00308932 	5.50474e-22
1.96014 	0 	9.71445e-18 	0.0814305 	0.00308934 	7.63254e-22
2.05226 	0 	9.71445e-18 	0.0912151 	0.00313316 	1.56907e-22
2.05226 	0 	0 	0.0912151 	-0.00313315 	1.52952e-22
2.15135 	0 	9.71445e-18 	0.101968 	0.00319177 	6.41779e-22
2.15135 	0 	0 	0.101968 	-0.00319175 	-1.44571e-21
2.25795 	0 	9.71445e-18 	0.113827 	0.00325825 	-1.75546e-22
2.25795 	0 	0 	0.113827 	-0.00325822 	-3.29088e-22
2.37261 	0 	0 	0.126925 	-0.0033253 	1.08328e-21
2.37261 	0 	8.32667e-18 	0.126925 	0.00332533 	-1.11924e-21
2.49595 	0 	0 	0.14138 	-0.00338557 	-4.95019e-22
2.49595 	0 	6.93889e-18 	0.14138 	0.0033856 	-3.5988e-22
2.62863 	0 	-1.38778e-18 	0.157271 	-0.00343172 	-6.0342e-22
2.62863 	0 	6.93889e-18 	0.157271 	0.00343176 	-4.72269e-22
2.77135 	0 	6.93889e-18 	0.174706 	0.00345672 	-4.00639e-23
2.77135 	0 	-2.77556e-18 	0.174706 	-0.00345668 	-7.65283e-23
2.92488 	0 	6.245e-18 	0.19352 	0.0034559 	-4.22361e-22
2.92488 	0 	-1.04083e-18 	0.19352 	-0.00345586 	-1.96627e-22
3.09002 	0 	2.42861e-18 	0.214267 	-0.00341818 	-1.24262e-22
3.26766 	0 	2.77556e-18 	0.23514 	-0.00336269 	-1.21873e-22
3.45875 	0 	1.38778e-18 	0.260616 	-0.00320651 	1.15066e-22
3.6643 	0 	-3.85186e-34 	0.278705 	-0.00318201 	1.79486e-22
3.88541 	0 	-1.38778e-18 	0.317047 	-0.00258886 	4.68369e-23
