0.502225 	0 	0 	0.503698 	-0.238474 	-1.18951e-18
0.50678 	0 	0 	1.12906 	2.77305 	4.33617e-18
0.511549 	0 	0 	1.44149 	7.48727 	-1.17817e-18
0.516543 	0 	0 	1.5395 	9.84512 	-2.28922e-19
0.516543 	0 	6.93889e-18 	1.78625 	2.91007 	-3.94034e-18
0.521771 	0 	0 	1.57884 	8.98282 	-1.71928e-18
0.521771 	0 	6.93889e-18 	0.991491 	2.25097 	1.92265e-18
0.527245 	0 	0 	1.77381 	6.18346 	1.24393e-18
0.527245 	0 	6.93889e-18 	0.168558 	0.684544 	-1.21651e-18
0.532976 	0 	0 	1.9325 	2.71035 	-2.94768e-18
0.532976 	0 	6.93889e-18 	-0.547811 	-1.61296 	2.62991e-18
0.538976 	0 	6.245e-18 	-1.06332 	-4.00336 	-2.45037e-18
0.538976 	0 	0 	1.90283 	-0.447948 	2.92831e-18
0.545259 	0 	3.81639e-18 	-1.31207 	-5.73379 	6.27547e-19
0.545259 	0 	0 	1.65581 	-2.63273 	-7.23614e-19
0.551837 	0 	2.08167e-18 	-1.28179 	-6.32279 	9.77638e-19
0.551837 	0 	0 	1.26652 	-3.57673 	-1.47902e-18
0.558725 	0 	6.93889e-19 	-1.02814 	-5.79795 	-1.08027e-18
0.558725 	0 	0 	0.852662 	-3.43074 	1.66188e-18
0.565936 	0 	-6.93889e-19 	-0.668998 	-4.58577 	1.96051e-19
0.565936 	0 	0 	0.498126 	-2.6194 	-3.84272e-19
0.573486 	0 	-2.08167e-18 	-0.329967 	-3.20012 	7.12996e-19
0.573486 	0 	0 	0.238146 	-1.60642 	-1.18725e-18
0.581392 	0 	-3.46945e-18 	-0.0864786 	-2.00172 	-3.54177e-19
0.581392 	0 	0 	0.0747181 	-0.725353 	5.8093e-19
0.589669 	0 	-3.46945e-18 	0.0502131 	-1.14012 	-8.92422e-20
0.589669 	0 	-1.38778e-18 	-0.0077853 	-0.128073 	1.507e-19
0.598335 	0 	-3.46945e-18 	0.1068 	-0.607639 	1.78237e-19
0.598335 	0 	-2.08167e-18 	-0.0319378 	0.182562 	-2.91741e-19
0.607408 	0 	-1.38778e-18 	-0.0230668 	0.283578 	6.01755e-19
0.607408 	0 	-3.46945e-18 	0.11559 	-0.320023 	-3.76133e-19
0.616908 	0 	-1.38778e-18 	-0.00383511 	0.267869 	-1.93246e-19
0.616908 	0 	-3.46945e-18 	0.101068 	-0.181915 	1.19793e-19
0.626855 	0 	-3.85186e-34 	0.0119575 	0.20775 	-1.57265e-19
0.626855 	0 	-3.46945e-18 	0.0788375 	-0.119862 	1.00137e-19
0.637269 	0 	1.38778e-18 	0.0200574 	0.144412 	7.90715e-20
0.637269 	0 	-1.73472e-18 	0.0570105 	-0.0895604 	-5.22625e-20
0.648173 	0 	-1.73472e-18 	0.0211841 	0.0942248 	1.62242e-20
0.648173 	0 	-3.46945e-19 	0.0383028 	-0.0699033 	-1.03316e-20
0.65959 	0 	-2.42861e-18 	0.0230416 	-0.0533469 	2.14755e-20
0.65959 	0 	-4.85723e-18 	0.0177064 	0.0597532 	-3.42264e-20
0.671543 	0 	-6.245e-18 	0.0114676 	0.0381425 	-7.30491e-21
0.671543 	0 	-4.16334e-18 	0.0105954 	-0.0382858 	2.94374e-21
0.684059 	0 	-5.89806e-18 	0.00385206 	0.0256158 	9.15722e-21
0.684059 	0 	-2.77556e-18 	0.000521285 	-0.0253214 	-3.02751e-22
0.697162 	0 	-3.1225e-18 	-0.00737157 	-0.0148926 	3.98302e-21
0.697162 	0 	-5.89806e-18 	-0.00350177 	0.0188753 	-4.8974e-21
0.710882 	2.1784e-18 	3.90304e-18 	-0.00992857 	0.0156268 	1.22066e-21
0.725247 	2.1784e-18 	3.82576e-18 	-0.0154157 	0.014408 	-7.76421e-22
0.740287 	2.1784e-18 	2.78603e-19 	-0.0200931 	0.014338 	-2.31202e-22
0.756034 	2.1784e-18 	2.00556e-19 	-0.0241709 	0.0148789 	-1.03551e-21
0.772522 	2.1784e-18 	5.32642e-18 	-0.027835 	0.0157036 	-1.83782e-21
0.789785 	2.1784e-18 	5.24793e-18 	-0.0312354 	0.0166097 	-5.56898e-22
0.807859 	2.1784e-18 	3.43463e-18 	-0.0344764 	0.0174752 	4.0294e-21
0.826783 	2.1784e-18 	5.16711e-18 	-0.0376266 	0.0182316 	-2.09124e-21
0.846597 	2.23919e-19 	-1.21531e-17 	-0.0407255 	0.018843 	-3.62945e-21
0.867342 	0 	4.51028e-18 	-0.0431579 	0.0144736 	-1.97905e-20
0.867342 	2.23919e-19 	-1.07734e-17 	-0.0437915 	0.0192946 	5.50582e-21
0.889063 	0 	4.16334e-18 	-0.0460759 	0.0148774 	-4.75911e-21
0.889063 	2.23919e-19 	-8.00586e-18 	-0.0468302 	0.0195824 	-2.37706e-22
0.911805 	0 	2.77556e-18 	-0.0489945 	0.0151193 	6.59537e-21
0.911805 	2.23919e-19 	-6.62608e-18 	-0.0498398 	0.0197041 	-1.00819e-21
0.935616 	0 	1.38778e-18 	-0.0519035 	0.0152069 	1.86799e-21
0.935616 	2.23919e-19 	-6.63404e-18 	-0.0528101 	0.0196633 	-3.1853e-22
0.960546 	0 	1.38778e-18 	-0.0547753 	0.0156029 	3.46579e-21
0.960546 	2.23919e-19 	-6.64195e-18 	-0.0557659 	0.0199143 	1.95843e-21
0.986649 	0 	2.77556e-18 	-0.0575997 	0.0167894 	-1.00204e-20
0.986649 	2.23919e-19 	-6.64981e-18 	-0.0586378 	0.0209474 	-2.4378e-21
1.04027 	0 	4.16334e-18 	-0.0635536 	0.0190051 	2.93157e-21
1.04027 	2.23919e-19 	-6.65356e-18 	-0.0639336 	0.0228376 	-9.74919e-22
1.12228 	0 	2.77556e-18 	-0.0705951 	0.0181619 	-1.28973e-21
1.12228 	2.23919e-19 	-6.65322e-18 	-0.0710679 	0.0207583 	5.58734e-22
1.20725 	0 	1.38778e-18 	-0.0748742 	0.0165963 	1.75793e-21
1.20725 	2.23919e-19 	-6.65288e-18 	-0.0753924 	0.0180725 	-5.69622e-22
1.29529 	0 	2.77556e-18 	-0.0768743 	0.0148864 	6.22433e-22
1.29529 	2.23919e-19 	-8.0403e-18 	-0.0773978 	0.0151586 	-1.76922e-23
1.38652 	0 	3.81639e-18 	-0.0761837 	0.013048 	-4.70489e-21
1.38652 	2.23919e-19 	-8.03992e-18 	-0.0766869 	0.012243 	1.41494e-21
1.48106 	0 	3.46945e-18 	-0.0730635 	0.0111633 	2.56182e-21
1.48106 	2.23919e-19 	-6.65176e-18 	-0.0735372 	0.00941427 	-9.44446e-22
1.57901 	0 	5.20417e-18 	-0.0676467 	0.00929017 	8.04222e-22
1.57901 	2.23919e-19 	-8.03913e-18 	-0.0680956 	0.00674052 	-1.0952e-22
1.68051 	0 	6.93889e-18 	-0.0601047 	0.00747608 	-1.57352e-21
1.68051 	2.23919e-19 	-8.03871e-18 	-0.0605296 	0.00425436 	5.97237e-22
1.78568 	0 	6.93889e-18 	-0.0506926 	0.00582476 	2.36288e-22
1.78568 	2.23919e-19 	-6.6505e-18 	-0.0511082 	0.00208883 	-1.77634e-22
1.89466 	0 	6.93889e-18 	-0.0396297 	0.00432948 	4.96485e-22
1.89466 	2.23919e-19 	-6.65005e-18 	-0.0400509 	0.000168991 	-2.16256e-22
2.00758 	0 	6.93889e-18 	-0.0270651 	0.00312197 	-2.15009e-22
2.00758 	2.23919e-19 	-6.64958e-18 	-0.0275045 	-0.00134957 	5.24238e-23
2.12458 	0 	5.20417e-18 	-0.0132133 	0.00217962 	-1.53609e-21
2.12458 	2.23919e-19 	-6.64909e-18 	-0.0136851 	-0.00252943 	3.06294e-22
2.24582 	0 	3.46945e-18 	0.00177913 	0.00164101 	8.71018e-22
2.24582 	2.23919e-19 	-8.03636e-18 	0.0012564 	-0.0032172 	-2.03072e-22
2.37145 	0 	3.46945e-19 	0.0177532 	0.00142254 	2.48302e-22
2.37145 	2.23919e-19 	-8.03583e-18 	0.0171586 	-0.00354192 	1.3621e-23
2.50162 	0 	-1.38778e-18 	0.0346171 	0.00164706 	7.75397e-24
2.50162 	2.23919e-19 	-6.6475e-18 	0.0339495 	-0.00337441 	1.95421e-24
2.6365 	0 	0 	0.0522424 	0.00229987 	3.17446e-22
2.6365 	2.23919e-19 	-3.17748e-18 	0.0514898 	-0.00273209 	-7.16919e-23
2.77627 	0 	0 	0.0705297 	0.00340149 	-3.37412e-22
2.77627 	2.23919e-19 	1.46128e-19 	0.0696887 	-0.00161023 	9.68994e-23
2.92109 	0 	0 	0.0893881 	0.00493359 	-3.00499e-23
2.92109 	0 	0 	0.0884584 	-1.86092e-05 	8.54852e-24
3.07115 	0 	-1.73472e-18 	0.108731 	0.00689683 	-8.89925e-23
3.07115 	0 	0 	0.107718 	0.00200764 	1.62052e-23
3.22664 	0 	-5.20417e-18 	0.128474 	0.00922357 	-1.92761e-22
3.22664 	0 	1.73472e-18 	0.12739 	0.00443097 	3.45137e-23
3.38776 	0 	-6.93889e-18 	0.148544 	0.0118568 	3.1659e-23
3.38776 	0 	5.20417e-18 	0.147405 	0.00717082 	2.96701e-23
3.55471 	0 	-5.20417e-18 	0.168863 	0.0147085 	1.35301e-22
3.55471 	0 	6.93889e-18 	0.167694 	0.0101465 	-6.2426e-23
3.7277 	0 	6.93889e-18 	0.188192 	0.0132414 	-6.28885e-24
3.7277 	0 	-3.46945e-18 	0.189363 	0.0176669 	4.95946e-23
3.90695 	0 	6.93889e-18 	0.208842 	0.0163157 	3.98226e-23
3.90695 	0 	-3.46945e-18 	0.209978 	0.0205955 	-2.16395e-22
4.09268 	0 	-3.46945e-18 	0.230642 	0.0233363 	2.91702e-22
4.09268 	0 	6.93889e-18 	0.22958 	0.0192094 	-5.02783e-23
4.28514 	0 	-3.46945e-18 	0.25131 	0.0257121 	-9.72265e-23
4.28514 	0 	5.55112e-18 	0.250365 	0.0217428 	1.20599e-23
4.48456 	0 	4.16334e-18 	0.271132 	0.0237187 	-1.53502e-23
4.48456 	0 	-1.73472e-18 	0.271915 	0.027529 	8.42647e-23
4.69119 	0 	4.16334e-18 	0.291881 	0.0249408 	5.02105e-24
4.69119 	0 	0 	0.292459 	0.0285913 	-3.00244e-23
