-0.355127 	0.355127 	1.77221e-17 	0.0139729 	0.0144923 	1.40177e-21
-0.357142 	0.357142 	1.96555e-17 	0.0415994 	0.043008 	-2.20375e-21
-0.357584 	0.357584 	1.92554e-17 	0.0439645 	0.0420795 	9.49297e-22
-0.358789 	0.358789 	1.74413e-17 	0.0415994 	0.043008 	-2.20375e-21
-0.361353 	0.361353 	1.34246e-17 	0.0696059 	0.0716192 	-1.25555e-20
-0.363078 	0.363078 	1.08767e-17 	0.0735376 	0.0701253 	-6.30611e-21
-0.365251 	0.365251 	9.36751e-18 	0.103443 	0.0982478 	-7.05017e-21
-0.368948 	0.368948 	6.245e-18 	0.133632 	0.126381 	8.43034e-21
-0.372818 	0.372818 	4.51028e-18 	0.164054 	0.15445 	1.1013e-20
-0.376871 	0.376871 	2.77556e-18 	0.194658 	0.182371 	-1.59649e-21
-0.381114 	0.381114 	1.04083e-18 	0.225388 	0.210056 	-4.29333e-21
-0.385557 	0.385557 	-2.08167e-18 	0.256181 	0.237411 	-1.54165e-20
-0.390208 	0.390208 	-7.63278e-18 	0.286975 	0.264335 	3.09149e-21
-0.395078 	0.395078 	-1.38778e-17 	0.317699 	0.290722 	1.35466e-20
-0.400177 	0.400177 	-2.01228e-17 	0.348282 	0.316461 	-2.25194e-20
-0.405516 	0.405516 	-2.11636e-17 	0.37865 	0.341436 	1.05324e-20
-0.411106 	0.411106 	-1.94289e-17 	0.408724 	0.365529 	5.44467e-21
-0.416959 	0.416959 	-2.22045e-17 	0.438423 	0.388616 	8.86815e-21
-0.423087 	0.423087 	-2.84495e-17 	0.467667 	0.410575 	1.14543e-20
-0.427759 	0.427759 	-3.2244e-17 	0.496371 	0.431279 	-2.29265e-20
-0.429297 	0.429297 	-3.33284e-17 	0.496371 	0.431279 	-2.29265e-20
-0.429539 	0.429539 	-3.33502e-17 	0.496371 	0.431279 	-2.29265e-20
-0.429782 	0.429782 	-3.31489e-17 	0.496371 	0.431279 	-2.29265e-20
-0.431283 	0.431283 	-3.28019e-17 	0.496371 	0.431279 	-2.29265e-20
-0.435519 	0.435519 	-3.22659e-17 	0.524454 	0.450608 	5.22823e-21
-0.438955 	0.438955 	-3.25435e-17 	0.499614 	0.453449 	6.11185e-20
-0.443253 	0.443253 	-3.24234e-17 	0.525982 	0.470816 	-5.29778e-20
-0.450617 	0.450617 	-3.58504e-17 	0.551645 	0.486512 	2.01257e-21
-0.456739 	0.456739 	-3.94014e-17 	0.576535 	0.500439 	1.82118e-20
-0.459095 	0.459095 	-3.95132e-17 	0.604174 	0.499171 	-3.51479e-20
-0.460683 	0.460683 	-3.94653e-17 	0.576535 	0.500439 	1.82118e-20
-0.4664 	0.4664 	-4.08118e-17 	0.600584 	0.512506 	-1.15626e-22
-0.4664 	0.4664 	3.46945e-18 	0.628987 	0.511867 	3.34988e-20
-0.474853 	0.474853 	-4.08982e-17 	0.623736 	0.52264 	-2.78404e-21
-0.474853 	0.474853 	5.20417e-18 	0.652808 	0.522667 	-2.71172e-20
-0.479476 	0.479476 	6.15301e-18 	0.675583 	0.531503 	-2.15532e-20
-0.484002 	0.484002 	5.57471e-18 	0.645937 	0.530782 	-4.2612e-20
-0.492968 	0.492968 	2.3797e-18 	0.667145 	0.536892 	4.27107e-20
-0.499522 	0.499522 	-1.73868e-18 	0.687329 	0.54095 	-3.32583e-20
-0.501337 	0.501337 	-1.99493e-18 	0.717819 	0.543103 	-4.43472e-20
-0.504484 	0.504484 	-1.39365e-18 	0.687329 	0.54095 	-3.32583e-20
-0.512827 	0.512827 	-4.01007e-18 	0.706467 	0.54296 	2.6855e-20
-0.523462 	0.523462 	-6.55624e-18 	0.724551 	0.54295 	-4.81376e-20
-0.534597 	0.534597 	-3.86601e-18 	0.741585 	0.540971 	1.21519e-20
-0.546255 	0.546255 	4.1094e-19 	0.757587 	0.537098 	-4.63315e-21
-0.556479 	0.556479 	-5.83406e-18 	0.772587 	0.531432 	1.09654e-20
-0.564706 	0.564706 	9.36751e-18 	0.817266 	0.530031 	2.06069e-20
-0.571013 	0.571013 	8.37547e-18 	0.817266 	0.530031 	2.06069e-20
-0.57755 	0.57755 	8.72241e-18 	0.817266 	0.530031 	2.06069e-20
-0.577809 	0.577809 	9.70852e-18 	0.830157 	0.521586 	1.41256e-20
-0.584653 	0.584653 	9.47576e-18 	0.79977 	0.515232 	-1.02528e-19
-0.598634 	0.598634 	9.3794e-18 	0.812075 	0.504997 	7.50649e-21
-0.613304 	0.613304 	1.26137e-17 	0.82362 	0.493565 	5.44701e-20
-0.628662 	0.628662 	1.53178e-17 	0.834477 	0.481124 	-3.0511e-20
-0.644743 	0.644743 	1.23669e-17 	0.84471 	0.467857 	-5.18865e-20
-0.660418 	0.660418 	1.06463e-17 	0.854497 	0.4538 	-8.73757e-20
-0.667868 	0.667868 	1.12895e-17 	0.885241 	0.460431 	4.29727e-20
-0.66903 	0.66903 	1.11065e-17 	0.854497 	0.4538 	-8.73757e-20
-0.670306 	0.670306 	1.09505e-17 	0.864336 	0.438702 	1.451e-19
-0.67042 	0.67042 	1.05818e-17 	0.896767 	0.445708 	9.9897e-20
-0.679323 	0.679323 	1.10317e-17 	0.864336 	0.438702 	1.451e-19
-0.697666 	0.697666 	1.16776e-17 	0.87364 	0.423445 	-5.13487e-20
-0.707107 	0.707107 	1.13836e-17 	0.881899 	0.389786 	-3.8029e-21
-0.737558 	0.737558 	1.11022e-17 	0.901996 	0.397639 	0
-0.799564 	0.799564 	9.13031e-18 	0.927686 	0.381265 	0
-0.8439 	0.8439 	6.41933e-18 	0.953074 	0.363858 	0
-0.876595 	0.876595 	3.88097e-18 	0.941488 	0.297895 	0
-0.930386 	0.930386 	7.68927e-19 	0.960055 	0.289857 	0
-0.997716 	0.997716 	1.80976e-18 	0.976632 	0.280771 	0
-1.03282 	1.03282 	4.16334e-18 	0.952962 	0.230472 	0
-1.07085 	1.07085 	4.16334e-18 	0.967211 	0.225568 	0
-1.14491 	1.14491 	3.80808e-18 	0.980561 	0.21983 	0
-1.20866 	1.20866 	3.80808e-18 	0.992882 	0.213425 	0
-1.24771 	1.24771 	5.89806e-18 	0.98162 	0.17574 	0
-1.30118 	1.30118 	5.89806e-18 	0.990916 	0.172237 	0
-1.38358 	1.38358 	4.75814e-18 	0.999521 	0.168067 	0
-1.44883 	1.44883 	5.45203e-18 	1.0074 	0.163327 	0
-1.49228 	1.49228 	7.83454e-18 	0.99664 	0.133486 	0
-1.55743 	1.55743 	-1.73472e-18 	1.00292 	0.130813 	0
-1.64911 	1.64911 	-2.86947e-18 	1.00866 	0.127661 	0
-1.72244 	1.72244 	-5.64502e-18 	1.01383 	0.12408 	0
-1.77078 	1.77078 	-9.02056e-18 	1.00523 	0.100119 	0
-1.84252 	1.84252 	-1.17961e-17 	1.00888 	0.0978655 	0
-1.94451 	1.94451 	-1.17748e-17 	1.01217 	0.095255 	0
-2.03432 	2.03432 	-5.18285e-18 	1.0151 	0.0923251 	0
-2.0881 	2.0881 	-1.38778e-18 	1.0077 	0.0720547 	0
-2.15969 	2.15969 	-3.46945e-18 	1.00964 	0.0701803 	0
-2.27316 	2.27316 	-4.77213e-18 	1.01134 	0.0680465 	0
-2.39002 	2.39002 	-3.03741e-18 	1.01279 	0.0656776 	0
-2.44985 	2.44985 	-2.08167e-18 	1.00621 	0.0480127 	0
