0 	0.504591 	0 	0.0249284 	-0.000219181 	-2.93503e-21
0 	0.514047 	0 	0.0747045 	0.000174042 	7.98647e-21
0 	0.524064 	0 	0.12594 	0.00230286 	-9.27919e-21
0 	0.534678 	0 	0.1786 	0.00611923 	-1.23719e-21
0 	0.545922 	1.38778e-18 	0.232632 	0.0115722 	-5.14044e-23
0 	0.557836 	2.77556e-18 	0.287958 	0.0186707 	2.18415e-21
0 	0.570457 	4.16334e-18 	0.344473 	0.0274111 	-4.07475e-21
0 	0.583829 	6.93889e-18 	0.402037 	0.0377584 	-7.01374e-22
0 	0.597997 	8.32667e-18 	0.460475 	0.0496486 	1.66141e-22
0 	0.613006 	8.32667e-18 	0.519567 	0.0629878 	2.30894e-21
0 	0.628908 	6.93889e-18 	0.579049 	0.0776493 	-6.24345e-23
0 	0.645756 	4.51028e-18 	0.638608 	0.0934713 	2.69594e-21
-2.98798e-20 	0.663606 	-1.33042e-18 	0.72314 	0.133955 	5.50696e-22
-2.98798e-20 	0.682517 	-2.37285e-18 	0.781659 	0.152641 	-4.28453e-21
-2.98798e-20 	0.702552 	-5.14999e-18 	0.838641 	0.171549 	5.76681e-21
-2.98798e-20 	0.723779 	-8.27408e-18 	0.893599 	0.190353 	-2.468e-21
-2.98798e-20 	0.746268 	-8.27567e-18 	0.946031 	0.208707 	-1.45199e-20
-2.98798e-20 	0.770095 	-8.27725e-18 	0.995435 	0.226257 	-6.91789e-22
-2.98798e-20 	0.795338 	-8.27881e-18 	1.04133 	0.24265 	2.2288e-21
-2.98798e-20 	0.822082 	-8.28037e-18 	1.08326 	0.257553 	3.48323e-21
-2.98798e-20 	0.850417 	-8.28191e-18 	1.12083 	0.270664 	-1.01894e-20
-2.98798e-20 	0.880436 	-9.67122e-18 	1.15371 	0.281729 	1.25805e-21
-2.98798e-20 	0.91224 	-1.21013e-17 	1.18166 	0.290562 	-1.06104e-20
-2.98798e-20 	0.945936 	-1.31437e-17 	1.20449 	0.297079 	5.97291e-21
-2.98798e-20 	0.981635 	-1.31451e-17 	1.22203 	0.301254 	3.40014e-21
-2.98798e-20 	1.02877 	-1.31649e-17 	1.2372 	0.303109 	-2.0149e-21
-2.98798e-20 	1.08734 	-1.49186e-17 	1.24665 	0.300212 	1.44323e-21
-2.98798e-20 	1.14803 	-1.66533e-17 	1.24913 	0.29361 	-1.42031e-21
-2.98798e-20 	1.21092 	-1.66533e-17 	1.24673 	0.28405 	1.88129e-21
-2.98798e-20 	1.27609 	-1.66533e-17 	1.24138 	0.272534 	-1.55633e-21
-2.98798e-20 	1.34361 	-1.66533e-17 	1.23441 	0.259948 	1.95297e-21
-2.98798e-20 	1.41358 	-1.49186e-17 	1.22672 	0.246928 	5.56174e-22
-2.98798e-20 	1.48608 	-1.31839e-17 	1.21882 	0.23391 	-4.00225e-22
-2.98798e-20 	1.5612 	-1.49186e-17 	1.21096 	0.221162 	-9.09225e-22
-2.98798e-20 	1.63904 	-1.66533e-17 	1.20326 	0.208814 	5.56847e-22
-2.98798e-20 	1.7197 	-1.66533e-17 	1.19575 	0.196931 	2.68775e-23
-2.98798e-20 	1.80327 	-1.66533e-17 	1.18844 	0.185553 	-2.34861e-22
-2.98798e-20 	1.88987 	-1.52656e-17 	1.1813 	0.17467 	1.1842e-22
-2.98798e-20 	1.97961 	-1.38778e-17 	1.17431 	0.164281 	1.40511e-22
-2.3075e-18 	2.07259 	0 	1.16747 	0.154363 	4.20852e-22
-2.3075e-18 	2.16893 	-1.38778e-18 	1.16075 	0.144897 	-2.41935e-22
-2.3075e-18 	2.26876 	-2.77556e-18 	1.15415 	0.135869 	9.42212e-23
-2.3075e-18 	2.37221 	-2.77556e-18 	1.14765 	0.127251 	-1.31359e-22
-2.3075e-18 	2.47939 	-1.04083e-18 	1.14127 	0.119023 	8.03886e-24
-2.3075e-18 	2.59046 	2.42861e-18 	1.13499 	0.111163 	5.14526e-24
-2.3075e-18 	2.70554 	5.55112e-18 	1.12883 	0.103651 	7.03827e-23
-2.3075e-18 	2.82479 	6.93889e-18 	1.1228 	0.0964672 	-3.33728e-23
-2.3075e-18 	2.94835 	6.93889e-18 	1.1169 	0.0895918 	2.2859e-24
-2.3075e-18 	3.07639 	5.55112e-18 	1.11115 	0.0830076 	5.93632e-24
-2.3075e-18 	3.20906 	4.16334e-18 	1.10557 	0.0766964 	-1.62749e-23
-2.3075e-18 	3.34653 	2.77556e-18 	1.10017 	0.070641 	2.13486e-23
