0.3568 	0.3568 	-1.38778e-18 	-0.000206658 	0.000331648 	-2.78199e-20
0.363486 	0.363486 	-4.16334e-18 	0.000226069 	0.00052468 	-8.57624e-21
0.37057 	0.37057 	-6.93889e-18 	0.00176952 	0.000462325 	3.94167e-21
0.378074 	0.378074 	-6.93889e-18 	0.0044837 	0.000131829 	-2.07161e-20
0.386025 	0.386025 	-8.67362e-18 	0.00843528 	-0.000473687 	-1.28411e-20
0.394449 	0.394449 	-8.67362e-18 	0.0137092 	-0.00133946 	2.38274e-19
0.403374 	0.403374 	-6.93889e-18 	0.0203919 	-0.00244356 	-2.55992e-19
0.41283 	0.41283 	-1.00614e-17 	0.0285676 	-0.00376017 	1.32349e-19
0.433461 	0.433461 	6.19342e-18 	0.0627242 	-0.0117765 	-1.4982e-19
0.444705 	0.444705 	5.55112e-18 	0.0779443 	-0.013618 	9.72259e-21
0.456619 	0.456619 	5.55112e-18 	0.0951254 	-0.0154146 	1.35933e-19
0.46924 	0.46924 	5.55112e-18 	0.114343 	-0.017105 	1.836e-19
0.482612 	0.482612 	5.55112e-18 	0.135668 	-0.0186204 	-2.95316e-20
0.49678 	0.49678 	9.02056e-18 	0.159168 	-0.019884 	-9.06825e-20
0.511789 	0.511789 	1.249e-17 	0.184903 	-0.02081 	-1.03009e-19
0.527691 	0.527691 	1.249e-17 	0.212932 	-0.0213017 	-1.95586e-19
0.544539 	0.544539 	1.42247e-17 	0.243308 	-0.0212499 	-8.03921e-20
0.562389 	0.562389 	1.249e-17 	0.276093 	-0.0205282 	3.18812e-19
0.5813 	0.5813 	6.245e-18 	0.31136 	-0.0189885 	-4.06398e-19
0.601335 	0.601335 	3.46945e-18 	0.349235 	-0.0164616 	1.46616e-19
0.622562 	0.622562 	6.93889e-19 	0.389962 	-0.0127362 	-1.8969e-19
0.645051 	0.645051 	-7.28584e-18 	0.434171 	-0.00739293 	-2.09253e-20
0.668878 	0.668878 	-1.38778e-17 	0.48351 	-3.78246e-05 	9.98481e-20
0.694121 	0.694121 	-1.38778e-17 	0.54208 	0.00555763 	4.36465e-20
0.707107 	0.707107 	-1.11022e-17 	0.64682 	-0.00167766 	-5.39758e-20
0.737558 	0.737558 	-1.05482e-17 	0.602885 	-0.0210626 	0
0.779517 	0.779517 	-1.16614e-17 	0.712198 	-0.00678814 	0
0.81107 	0.81107 	-1.60858e-17 	0.709525 	-0.018562 	0
0.854547 	0.854547 	-2.15646e-17 	0.809047 	-0.00516052 	0
0.887242 	0.887242 	-2.26129e-17 	0.794865 	-0.0156553 	0
0.930386 	0.930386 	-2.18603e-17 	0.886062 	-0.00244896 	0
0.96617 	0.96617 	-2.11803e-17 	0.969556 	0.0119968 	0
1.00127 	1.00127 	-1.70218e-17 	0.950384 	0.000394082 	0
1.04795 	1.04795 	-1.52056e-17 	1.02506 	0.0142428 	0
1.08433 	1.08433 	1.17703e-19 	1.00718 	0.00275019 	0
1.1327 	1.1327 	5.31272e-20 	1.07278 	0.0158435 	0
1.17039 	1.17039 	-1.79666e-18 	1.05636 	0.00452755 	0
1.22051 	1.22051 	-4.28721e-18 	1.11293 	0.0167169 	0
1.25956 	1.25956 	-7.62264e-18 	1.09776 	0.0057535 	0
1.30118 	1.30118 	-6.27575e-18 	1.14555 	0.0169323 	0
1.35196 	1.35196 	-4.68933e-18 	1.1833 	0.0271865 	0
1.3939 	1.3939 	-6.07711e-18 	1.17115 	0.0165734 	0
1.44771 	1.44771 	-7.81041e-18 	1.2011 	0.0256386 	0
1.49116 	1.49116 	-7.99248e-18 	1.19039 	0.0157254 	0
1.54692 	1.54692 	-8.87843e-18 	1.21335 	0.0236622 	0
1.59194 	1.59194 	-1.06837e-17 	1.204 	0.0144765 	0
1.64911 	1.64911 	-6.84458e-18 	1.22084 	0.0213712 	0
1.69637 	1.69637 	-4.89397e-18 	1.2308 	0.0270707 	0
1.7447 	1.7447 	-4.89397e-18 	1.22436 	0.0188726 	0
1.80457 	1.80457 	-4.34748e-18 	1.23015 	0.0237325 	0
1.85466 	1.85466 	-6.0822e-18 	1.22466 	0.0162634 	0
1.91669 	1.91669 	-7.33578e-18 	1.22711 	0.0204101 	0
1.96859 	1.96859 	-5.89807e-18 	1.22241 	0.0136284 	0
2.03287 	2.03287 	-4.18693e-18 	1.22225 	0.0171788 	0
2.08665 	2.08665 	-3.73033e-18 	1.21821 	0.0110384 	0
2.15326 	2.15326 	-1.76176e-18 	1.21608 	0.0140966 	0
2.20898 	2.20898 	7.24764e-19 	1.21259 	0.00854924 	0
2.27316 	2.27316 	-1.76694e-18 	1.20901 	0.0112056 	0
2.33574 	2.33574 	-6.0461e-18 	1.2037 	0.0133107 	0
2.39557 	2.39557 	-8.82166e-18 	1.20135 	0.00853401 	0
