/*--------------------------------*- C++ -*----------------------------------*\
  =========                 |
  \\      /  F ield         | OpenFOAM: The Open Source CFD Toolbox
   \\    /   O peration     | Website:  https://openfoam.org
    \\  /    A nd           | Version:  7
     \\/     M anipulation  |
\*---------------------------------------------------------------------------*/
FoamFile
{
    version     2.0;
    format      ascii;
    class       labelList;
    note        "nPoints: 11660 nCells: 5600 nFaces: 22630 nInternalFaces: 10970";
    location    "constant/polyMesh";
    object      neighbour;
}
// * * * * * * * * * * * * * * * * * * * * * * * * * * * * * * * * * * * * * //


10970
(
1
10
1590
2
11
1591
3
12
1592
4
13
1593
5
14
1594
6
15
1595
7
16
1596
8
17
1597
9
18
1598
19
1599
1600
11
20
12
21
13
22
14
23
15
24
16
25
17
26
18
27
19
28
29
1620
21
30
22
31
23
32
24
33
25
34
26
35
27
36
28
37
29
38
39
1640
31
40
32
41
33
42
34
43
35
44
36
45
37
46
38
47
39
48
49
1660
41
50
42
51
43
52
44
53
45
54
46
55
47
56
48
57
49
58
59
1680
51
60
52
61
53
62
54
63
55
64
56
65
57
66
58
67
59
68
69
1700
61
70
62
71
63
72
64
73
65
74
66
75
67
76
68
77
69
78
79
1720
71
80
72
81
73
82
74
83
75
84
76
85
77
86
78
87
79
88
89
1740
81
90
82
91
83
92
84
93
85
94
86
95
87
96
88
97
89
98
99
1760
91
100
92
101
93
102
94
103
95
104
96
105
97
106
98
107
99
108
109
1780
101
110
102
111
103
112
104
113
105
114
106
115
107
116
108
117
109
118
119
1800
111
120
112
121
113
122
114
123
115
124
116
125
117
126
118
127
119
128
129
1820
121
130
122
131
123
132
124
133
125
134
126
135
127
136
128
137
129
138
139
1840
131
140
132
141
133
142
134
143
135
144
136
145
137
146
138
147
139
148
149
1860
141
150
142
151
143
152
144
153
145
154
146
155
147
156
148
157
149
158
159
1880
151
160
152
161
153
162
154
163
155
164
156
165
157
166
158
167
159
168
169
1900
161
170
162
171
163
172
164
173
165
174
166
175
167
176
168
177
169
178
179
1920
171
180
172
181
173
182
174
183
175
184
176
185
177
186
178
187
179
188
189
1940
181
190
182
191
183
192
184
193
185
194
186
195
187
196
188
197
189
198
199
1960
191
200
192
201
193
202
194
203
195
204
196
205
197
206
198
207
199
208
209
1980
201
210
202
211
203
212
204
213
205
214
206
215
207
216
208
217
209
218
219
2419
211
220
212
221
213
222
214
223
215
224
216
225
217
226
218
227
219
228
229
2418
221
230
222
231
223
232
224
233
225
234
226
235
227
236
228
237
229
238
239
2417
231
240
232
241
233
242
234
243
235
244
236
245
237
246
238
247
239
248
249
2416
241
250
242
251
243
252
244
253
245
254
246
255
247
256
248
257
249
258
259
2415
251
260
252
261
253
262
254
263
255
264
256
265
257
266
258
267
259
268
269
2414
261
270
262
271
263
272
264
273
265
274
266
275
267
276
268
277
269
278
279
2413
271
280
272
281
273
282
274
283
275
284
276
285
277
286
278
287
279
288
289
2412
281
290
282
291
283
292
284
293
285
294
286
295
287
296
288
297
289
298
299
2411
291
300
292
301
293
302
294
303
295
304
296
305
297
306
298
307
299
308
309
2410
301
310
302
311
303
312
304
313
305
314
306
315
307
316
308
317
309
318
319
2409
311
320
312
321
313
322
314
323
315
324
316
325
317
326
318
327
319
328
329
2408
321
330
322
331
323
332
324
333
325
334
326
335
327
336
328
337
329
338
339
2407
331
340
332
341
333
342
334
343
335
344
336
345
337
346
338
347
339
348
349
2406
341
350
342
351
343
352
344
353
345
354
346
355
347
356
348
357
349
358
359
2405
351
360
352
361
353
362
354
363
355
364
356
365
357
366
358
367
359
368
369
2404
361
370
362
371
363
372
364
373
365
374
366
375
367
376
368
377
369
378
379
2403
371
380
372
381
373
382
374
383
375
384
376
385
377
386
378
387
379
388
389
2402
381
390
382
391
383
392
384
393
385
394
386
395
387
396
388
397
389
398
399
2401
391
400
392
401
393
402
394
403
395
404
396
405
397
406
398
407
399
408
409
2400
401
410
402
411
403
412
404
413
405
414
406
415
407
416
408
417
409
418
419
2819
411
420
412
421
413
422
414
423
415
424
416
425
417
426
418
427
419
428
429
2818
421
430
422
431
423
432
424
433
425
434
426
435
427
436
428
437
429
438
439
2817
431
440
432
441
433
442
434
443
435
444
436
445
437
446
438
447
439
448
449
2816
441
450
442
451
443
452
444
453
445
454
446
455
447
456
448
457
449
458
459
2815
451
460
452
461
453
462
454
463
455
464
456
465
457
466
458
467
459
468
469
2814
461
470
462
471
463
472
464
473
465
474
466
475
467
476
468
477
469
478
479
2813
471
480
472
481
473
482
474
483
475
484
476
485
477
486
478
487
479
488
489
2812
481
490
482
491
483
492
484
493
485
494
486
495
487
496
488
497
489
498
499
2811
491
500
492
501
493
502
494
503
495
504
496
505
497
506
498
507
499
508
509
2810
501
510
502
511
503
512
504
513
505
514
506
515
507
516
508
517
509
518
519
2809
511
520
512
521
513
522
514
523
515
524
516
525
517
526
518
527
519
528
529
2808
521
530
522
531
523
532
524
533
525
534
526
535
527
536
528
537
529
538
539
2807
531
540
532
541
533
542
534
543
535
544
536
545
537
546
538
547
539
548
549
2806
541
550
542
551
543
552
544
553
545
554
546
555
547
556
548
557
549
558
559
2805
551
560
552
561
553
562
554
563
555
564
556
565
557
566
558
567
559
568
569
2804
561
570
562
571
563
572
564
573
565
574
566
575
567
576
568
577
569
578
579
2803
571
580
572
581
573
582
574
583
575
584
576
585
577
586
578
587
579
588
589
2802
581
590
582
591
583
592
584
593
585
594
586
595
587
596
588
597
589
598
599
2801
591
600
592
601
593
602
594
603
595
604
596
605
597
606
598
607
599
608
609
2800
601
610
602
611
603
612
604
613
605
614
606
615
607
616
608
617
609
618
619
3599
611
620
612
621
613
622
614
623
615
624
616
625
617
626
618
627
619
628
629
3589
621
630
622
631
623
632
624
633
625
634
626
635
627
636
628
637
629
638
639
3579
631
640
632
641
633
642
634
643
635
644
636
645
637
646
638
647
639
648
649
3569
641
650
642
651
643
652
644
653
645
654
646
655
647
656
648
657
649
658
659
3559
651
660
652
661
653
662
654
663
655
664
656
665
657
666
658
667
659
668
669
3549
661
670
662
671
663
672
664
673
665
674
666
675
667
676
668
677
669
678
679
3539
671
680
672
681
673
682
674
683
675
684
676
685
677
686
678
687
679
688
689
3529
681
690
682
691
683
692
684
693
685
694
686
695
687
696
688
697
689
698
699
3519
691
700
692
701
693
702
694
703
695
704
696
705
697
706
698
707
699
708
709
3509
701
710
702
711
703
712
704
713
705
714
706
715
707
716
708
717
709
718
719
3499
711
720
712
721
713
722
714
723
715
724
716
725
717
726
718
727
719
728
729
3489
721
730
722
731
723
732
724
733
725
734
726
735
727
736
728
737
729
738
739
3479
731
740
732
741
733
742
734
743
735
744
736
745
737
746
738
747
739
748
749
3469
741
750
742
751
743
752
744
753
745
754
746
755
747
756
748
757
749
758
759
3459
751
760
752
761
753
762
754
763
755
764
756
765
757
766
758
767
759
768
769
3449
761
770
762
771
763
772
764
773
765
774
766
775
767
776
768
777
769
778
779
3439
771
780
772
781
773
782
774
783
775
784
776
785
777
786
778
787
779
788
789
3429
781
790
782
791
783
792
784
793
785
794
786
795
787
796
788
797
789
798
799
3419
791
800
792
801
793
802
794
803
795
804
796
805
797
806
798
807
799
808
809
3409
801
810
802
811
803
812
804
813
805
814
806
815
807
816
808
817
809
818
819
3799
811
820
812
821
813
822
814
823
815
824
816
825
817
826
818
827
819
828
829
3789
821
830
822
831
823
832
824
833
825
834
826
835
827
836
828
837
829
838
839
3779
831
840
832
841
833
842
834
843
835
844
836
845
837
846
838
847
839
848
849
3769
841
850
842
851
843
852
844
853
845
854
846
855
847
856
848
857
849
858
859
3759
851
860
852
861
853
862
854
863
855
864
856
865
857
866
858
867
859
868
869
3749
861
870
862
871
863
872
864
873
865
874
866
875
867
876
868
877
869
878
879
3739
871
880
872
881
873
882
874
883
875
884
876
885
877
886
878
887
879
888
889
3729
881
890
882
891
883
892
884
893
885
894
886
895
887
896
888
897
889
898
899
3719
891
900
892
901
893
902
894
903
895
904
896
905
897
906
898
907
899
908
909
3709
901
910
902
911
903
912
904
913
905
914
906
915
907
916
908
917
909
918
919
3699
911
920
912
921
913
922
914
923
915
924
916
925
917
926
918
927
919
928
929
3689
921
930
922
931
923
932
924
933
925
934
926
935
927
936
928
937
929
938
939
3679
931
940
932
941
933
942
934
943
935
944
936
945
937
946
938
947
939
948
949
3669
941
950
942
951
943
952
944
953
945
954
946
955
947
956
948
957
949
958
959
3659
951
960
952
961
953
962
954
963
955
964
956
965
957
966
958
967
959
968
969
3649
961
970
962
971
963
972
964
973
965
974
966
975
967
976
968
977
969
978
979
3639
971
980
972
981
973
982
974
983
975
984
976
985
977
986
978
987
979
988
989
3629
981
990
982
991
983
992
984
993
985
994
986
995
987
996
988
997
989
998
999
3619
991
1000
992
1001
993
1002
994
1003
995
1004
996
1005
997
1006
998
1007
999
1008
1009
3609
1001
1010
1002
1011
1003
1012
1004
1013
1005
1014
1006
1015
1007
1016
1008
1017
1009
1018
1019
4380
1011
1020
1012
1021
1013
1022
1014
1023
1015
1024
1016
1025
1017
1026
1018
1027
1019
1028
1029
4381
1021
1030
1022
1031
1023
1032
1024
1033
1025
1034
1026
1035
1027
1036
1028
1037
1029
1038
1039
4382
1031
1040
1032
1041
1033
1042
1034
1043
1035
1044
1036
1045
1037
1046
1038
1047
1039
1048
1049
4383
1041
1050
1042
1051
1043
1052
1044
1053
1045
1054
1046
1055
1047
1056
1048
1057
1049
1058
1059
4384
1051
1060
1052
1061
1053
1062
1054
1063
1055
1064
1056
1065
1057
1066
1058
1067
1059
1068
1069
4385
1061
1070
1062
1071
1063
1072
1064
1073
1065
1074
1066
1075
1067
1076
1068
1077
1069
1078
1079
4386
1071
1080
1072
1081
1073
1082
1074
1083
1075
1084
1076
1085
1077
1086
1078
1087
1079
1088
1089
4387
1081
1090
1082
1091
1083
1092
1084
1093
1085
1094
1086
1095
1087
1096
1088
1097
1089
1098
1099
4388
1091
1100
1092
1101
1093
1102
1094
1103
1095
1104
1096
1105
1097
1106
1098
1107
1099
1108
1109
4389
1101
1110
1102
1111
1103
1112
1104
1113
1105
1114
1106
1115
1107
1116
1108
1117
1109
1118
1119
4390
1111
1120
1112
1121
1113
1122
1114
1123
1115
1124
1116
1125
1117
1126
1118
1127
1119
1128
1129
4391
1121
1130
1122
1131
1123
1132
1124
1133
1125
1134
1126
1135
1127
1136
1128
1137
1129
1138
1139
4392
1131
1140
1132
1141
1133
1142
1134
1143
1135
1144
1136
1145
1137
1146
1138
1147
1139
1148
1149
4393
1141
1150
1142
1151
1143
1152
1144
1153
1145
1154
1146
1155
1147
1156
1148
1157
1149
1158
1159
4394
1151
1160
1152
1161
1153
1162
1154
1163
1155
1164
1156
1165
1157
1166
1158
1167
1159
1168
1169
4395
1161
1170
1162
1171
1163
1172
1164
1173
1165
1174
1166
1175
1167
1176
1168
1177
1169
1178
1179
4396
1171
1180
1172
1181
1173
1182
1174
1183
1175
1184
1176
1185
1177
1186
1178
1187
1179
1188
1189
4397
1181
1190
1182
1191
1183
1192
1184
1193
1185
1194
1186
1195
1187
1196
1188
1197
1189
1198
1199
4398
1191
1200
1192
1201
1193
1202
1194
1203
1195
1204
1196
1205
1197
1206
1198
1207
1199
1208
1209
4399
1201
1210
1202
1211
1203
1212
1204
1213
1205
1214
1206
1215
1207
1216
1208
1217
1209
1218
1219
4780
1211
1220
1212
1221
1213
1222
1214
1223
1215
1224
1216
1225
1217
1226
1218
1227
1219
1228
1229
4781
1221
1230
1222
1231
1223
1232
1224
1233
1225
1234
1226
1235
1227
1236
1228
1237
1229
1238
1239
4782
1231
1240
1232
1241
1233
1242
1234
1243
1235
1244
1236
1245
1237
1246
1238
1247
1239
1248
1249
4783
1241
1250
1242
1251
1243
1252
1244
1253
1245
1254
1246
1255
1247
1256
1248
1257
1249
1258
1259
4784
1251
1260
1252
1261
1253
1262
1254
1263
1255
1264
1256
1265
1257
1266
1258
1267
1259
1268
1269
4785
1261
1270
1262
1271
1263
1272
1264
1273
1265
1274
1266
1275
1267
1276
1268
1277
1269
1278
1279
4786
1271
1280
1272
1281
1273
1282
1274
1283
1275
1284
1276
1285
1277
1286
1278
1287
1279
1288
1289
4787
1281
1290
1282
1291
1283
1292
1284
1293
1285
1294
1286
1295
1287
1296
1288
1297
1289
1298
1299
4788
1291
1300
1292
1301
1293
1302
1294
1303
1295
1304
1296
1305
1297
1306
1298
1307
1299
1308
1309
4789
1301
1310
1302
1311
1303
1312
1304
1313
1305
1314
1306
1315
1307
1316
1308
1317
1309
1318
1319
4790
1311
1320
1312
1321
1313
1322
1314
1323
1315
1324
1316
1325
1317
1326
1318
1327
1319
1328
1329
4791
1321
1330
1322
1331
1323
1332
1324
1333
1325
1334
1326
1335
1327
1336
1328
1337
1329
1338
1339
4792
1331
1340
1332
1341
1333
1342
1334
1343
1335
1344
1336
1345
1337
1346
1338
1347
1339
1348
1349
4793
1341
1350
1342
1351
1343
1352
1344
1353
1345
1354
1346
1355
1347
1356
1348
1357
1349
1358
1359
4794
1351
1360
1352
1361
1353
1362
1354
1363
1355
1364
1356
1365
1357
1366
1358
1367
1359
1368
1369
4795
1361
1370
1362
1371
1363
1372
1364
1373
1365
1374
1366
1375
1367
1376
1368
1377
1369
1378
1379
4796
1371
1380
1372
1381
1373
1382
1374
1383
1375
1384
1376
1385
1377
1386
1378
1387
1379
1388
1389
4797
1381
1390
1382
1391
1383
1392
1384
1393
1385
1394
1386
1395
1387
1396
1388
1397
1389
1398
1399
4798
1391
1400
1392
1401
1393
1402
1394
1403
1395
1404
1396
1405
1397
1406
1398
1407
1399
1408
1409
4799
1401
1410
1402
1411
1403
1412
1404
1413
1405
1414
1406
1415
1407
1416
1408
1417
1409
1418
1419
5200
1411
1420
1412
1421
1413
1422
1414
1423
1415
1424
1416
1425
1417
1426
1418
1427
1419
1428
1429
5220
1421
1430
1422
1431
1423
1432
1424
1433
1425
1434
1426
1435
1427
1436
1428
1437
1429
1438
1439
5240
1431
1440
1432
1441
1433
1442
1434
1443
1435
1444
1436
1445
1437
1446
1438
1447
1439
1448
1449
5260
1441
1450
1442
1451
1443
1452
1444
1453
1445
1454
1446
1455
1447
1456
1448
1457
1449
1458
1459
5280
1451
1460
1452
1461
1453
1462
1454
1463
1455
1464
1456
1465
1457
1466
1458
1467
1459
1468
1469
5300
1461
1470
1462
1471
1463
1472
1464
1473
1465
1474
1466
1475
1467
1476
1468
1477
1469
1478
1479
5320
1471
1480
1472
1481
1473
1482
1474
1483
1475
1484
1476
1485
1477
1486
1478
1487
1479
1488
1489
5340
1481
1490
1482
1491
1483
1492
1484
1493
1485
1494
1486
1495
1487
1496
1488
1497
1489
1498
1499
5360
1491
1500
1492
1501
1493
1502
1494
1503
1495
1504
1496
1505
1497
1506
1498
1507
1499
1508
1509
5380
1501
1510
1502
1511
1503
1512
1504
1513
1505
1514
1506
1515
1507
1516
1508
1517
1509
1518
1519
5400
1511
1520
1512
1521
1513
1522
1514
1523
1515
1524
1516
1525
1517
1526
1518
1527
1519
1528
1529
5420
1521
1530
1522
1531
1523
1532
1524
1533
1525
1534
1526
1535
1527
1536
1528
1537
1529
1538
1539
5440
1531
1540
1532
1541
1533
1542
1534
1543
1535
1544
1536
1545
1537
1546
1538
1547
1539
1548
1549
5460
1541
1550
1542
1551
1543
1552
1544
1553
1545
1554
1546
1555
1547
1556
1548
1557
1549
1558
1559
5480
1551
1560
1552
1561
1553
1562
1554
1563
1555
1564
1556
1565
1557
1566
1558
1567
1559
1568
1569
5500
1561
1570
1562
1571
1563
1572
1564
1573
1565
1574
1566
1575
1567
1576
1568
1577
1569
1578
1579
5520
1571
1580
1572
1581
1573
1582
1574
1583
1575
1584
1576
1585
1577
1586
1578
1587
1579
1588
1589
5540
1581
1590
1582
1591
1583
1592
1584
1593
1585
1594
1586
1595
1587
1596
1588
1597
1589
1598
1599
5560
1591
1592
1593
1594
1595
1596
1597
1598
1599
5580
1601
1620
5580
1602
1621
5581
1603
1622
5582
1604
1623
5583
1605
1624
5584
1606
1625
5585
1607
1626
5586
1608
1627
5587
1609
1628
5588
1610
1629
5589
1611
1630
5590
1612
1631
5591
1613
1632
5592
1614
1633
5593
1615
1634
5594
1616
1635
5595
1617
1636
5596
1618
1637
5597
1619
1638
5598
1639
5599
1621
1640
1622
1641
1623
1642
1624
1643
1625
1644
1626
1645
1627
1646
1628
1647
1629
1648
1630
1649
1631
1650
1632
1651
1633
1652
1634
1653
1635
1654
1636
1655
1637
1656
1638
1657
1639
1658
1659
1641
1660
1642
1661
1643
1662
1644
1663
1645
1664
1646
1665
1647
1666
1648
1667
1649
1668
1650
1669
1651
1670
1652
1671
1653
1672
1654
1673
1655
1674
1656
1675
1657
1676
1658
1677
1659
1678
1679
1661
1680
1662
1681
1663
1682
1664
1683
1665
1684
1666
1685
1667
1686
1668
1687
1669
1688
1670
1689
1671
1690
1672
1691
1673
1692
1674
1693
1675
1694
1676
1695
1677
1696
1678
1697
1679
1698
1699
1681
1700
1682
1701
1683
1702
1684
1703
1685
1704
1686
1705
1687
1706
1688
1707
1689
1708
1690
1709
1691
1710
1692
1711
1693
1712
1694
1713
1695
1714
1696
1715
1697
1716
1698
1717
1699
1718
1719
1701
1720
1702
1721
1703
1722
1704
1723
1705
1724
1706
1725
1707
1726
1708
1727
1709
1728
1710
1729
1711
1730
1712
1731
1713
1732
1714
1733
1715
1734
1716
1735
1717
1736
1718
1737
1719
1738
1739
1721
1740
1722
1741
1723
1742
1724
1743
1725
1744
1726
1745
1727
1746
1728
1747
1729
1748
1730
1749
1731
1750
1732
1751
1733
1752
1734
1753
1735
1754
1736
1755
1737
1756
1738
1757
1739
1758
1759
1741
1760
1742
1761
1743
1762
1744
1763
1745
1764
1746
1765
1747
1766
1748
1767
1749
1768
1750
1769
1751
1770
1752
1771
1753
1772
1754
1773
1755
1774
1756
1775
1757
1776
1758
1777
1759
1778
1779
1761
1780
1762
1781
1763
1782
1764
1783
1765
1784
1766
1785
1767
1786
1768
1787
1769
1788
1770
1789
1771
1790
1772
1791
1773
1792
1774
1793
1775
1794
1776
1795
1777
1796
1778
1797
1779
1798
1799
1781
1800
1782
1801
1783
1802
1784
1803
1785
1804
1786
1805
1787
1806
1788
1807
1789
1808
1790
1809
1791
1810
1792
1811
1793
1812
1794
1813
1795
1814
1796
1815
1797
1816
1798
1817
1799
1818
1819
1801
1820
1802
1821
1803
1822
1804
1823
1805
1824
1806
1825
1807
1826
1808
1827
1809
1828
1810
1829
1811
1830
1812
1831
1813
1832
1814
1833
1815
1834
1816
1835
1817
1836
1818
1837
1819
1838
1839
1821
1840
1822
1841
1823
1842
1824
1843
1825
1844
1826
1845
1827
1846
1828
1847
1829
1848
1830
1849
1831
1850
1832
1851
1833
1852
1834
1853
1835
1854
1836
1855
1837
1856
1838
1857
1839
1858
1859
1841
1860
1842
1861
1843
1862
1844
1863
1845
1864
1846
1865
1847
1866
1848
1867
1849
1868
1850
1869
1851
1870
1852
1871
1853
1872
1854
1873
1855
1874
1856
1875
1857
1876
1858
1877
1859
1878
1879
1861
1880
1862
1881
1863
1882
1864
1883
1865
1884
1866
1885
1867
1886
1868
1887
1869
1888
1870
1889
1871
1890
1872
1891
1873
1892
1874
1893
1875
1894
1876
1895
1877
1896
1878
1897
1879
1898
1899
1881
1900
1882
1901
1883
1902
1884
1903
1885
1904
1886
1905
1887
1906
1888
1907
1889
1908
1890
1909
1891
1910
1892
1911
1893
1912
1894
1913
1895
1914
1896
1915
1897
1916
1898
1917
1899
1918
1919
1901
1920
1902
1921
1903
1922
1904
1923
1905
1924
1906
1925
1907
1926
1908
1927
1909
1928
1910
1929
1911
1930
1912
1931
1913
1932
1914
1933
1915
1934
1916
1935
1917
1936
1918
1937
1919
1938
1939
1921
1940
1922
1941
1923
1942
1924
1943
1925
1944
1926
1945
1927
1946
1928
1947
1929
1948
1930
1949
1931
1950
1932
1951
1933
1952
1934
1953
1935
1954
1936
1955
1937
1956
1938
1957
1939
1958
1959
1941
1960
1942
1961
1943
1962
1944
1963
1945
1964
1946
1965
1947
1966
1948
1967
1949
1968
1950
1969
1951
1970
1952
1971
1953
1972
1954
1973
1955
1974
1956
1975
1957
1976
1958
1977
1959
1978
1979
1961
1980
1962
1981
1963
1982
1964
1983
1965
1984
1966
1985
1967
1986
1968
1987
1969
1988
1970
1989
1971
1990
1972
1991
1973
1992
1974
1993
1975
1994
1976
1995
1977
1996
1978
1997
1979
1998
1999
1981
2000
1982
2001
1983
2002
1984
2003
1985
2004
1986
2005
1987
2006
1988
2007
1989
2008
1990
2009
1991
2010
1992
2011
1993
2012
1994
2013
1995
2014
1996
2015
1997
2016
1998
2017
1999
2018
2019
2001
2020
2419
2002
2021
2003
2022
2004
2023
2005
2024
2006
2025
2007
2026
2008
2027
2009
2028
2010
2029
2011
2030
2012
2031
2013
2032
2014
2033
2015
2034
2016
2035
2017
2036
2018
2037
2019
2038
2039
2021
2040
2439
2022
2041
2023
2042
2024
2043
2025
2044
2026
2045
2027
2046
2028
2047
2029
2048
2030
2049
2031
2050
2032
2051
2033
2052
2034
2053
2035
2054
2036
2055
2037
2056
2038
2057
2039
2058
2059
2041
2060
2459
2042
2061
2043
2062
2044
2063
2045
2064
2046
2065
2047
2066
2048
2067
2049
2068
2050
2069
2051
2070
2052
2071
2053
2072
2054
2073
2055
2074
2056
2075
2057
2076
2058
2077
2059
2078
2079
2061
2080
2479
2062
2081
2063
2082
2064
2083
2065
2084
2066
2085
2067
2086
2068
2087
2069
2088
2070
2089
2071
2090
2072
2091
2073
2092
2074
2093
2075
2094
2076
2095
2077
2096
2078
2097
2079
2098
2099
2081
2100
2499
2082
2101
2083
2102
2084
2103
2085
2104
2086
2105
2087
2106
2088
2107
2089
2108
2090
2109
2091
2110
2092
2111
2093
2112
2094
2113
2095
2114
2096
2115
2097
2116
2098
2117
2099
2118
2119
2101
2120
2519
2102
2121
2103
2122
2104
2123
2105
2124
2106
2125
2107
2126
2108
2127
2109
2128
2110
2129
2111
2130
2112
2131
2113
2132
2114
2133
2115
2134
2116
2135
2117
2136
2118
2137
2119
2138
2139
2121
2140
2539
2122
2141
2123
2142
2124
2143
2125
2144
2126
2145
2127
2146
2128
2147
2129
2148
2130
2149
2131
2150
2132
2151
2133
2152
2134
2153
2135
2154
2136
2155
2137
2156
2138
2157
2139
2158
2159
2141
2160
2559
2142
2161
2143
2162
2144
2163
2145
2164
2146
2165
2147
2166
2148
2167
2149
2168
2150
2169
2151
2170
2152
2171
2153
2172
2154
2173
2155
2174
2156
2175
2157
2176
2158
2177
2159
2178
2179
2161
2180
2579
2162
2181
2163
2182
2164
2183
2165
2184
2166
2185
2167
2186
2168
2187
2169
2188
2170
2189
2171
2190
2172
2191
2173
2192
2174
2193
2175
2194
2176
2195
2177
2196
2178
2197
2179
2198
2199
2181
2200
2599
2182
2201
2183
2202
2184
2203
2185
2204
2186
2205
2187
2206
2188
2207
2189
2208
2190
2209
2191
2210
2192
2211
2193
2212
2194
2213
2195
2214
2196
2215
2197
2216
2198
2217
2199
2218
2219
2201
2220
2619
2202
2221
2203
2222
2204
2223
2205
2224
2206
2225
2207
2226
2208
2227
2209
2228
2210
2229
2211
2230
2212
2231
2213
2232
2214
2233
2215
2234
2216
2235
2217
2236
2218
2237
2219
2238
2239
2221
2240
2639
2222
2241
2223
2242
2224
2243
2225
2244
2226
2245
2227
2246
2228
2247
2229
2248
2230
2249
2231
2250
2232
2251
2233
2252
2234
2253
2235
2254
2236
2255
2237
2256
2238
2257
2239
2258
2259
2241
2260
2659
2242
2261
2243
2262
2244
2263
2245
2264
2246
2265
2247
2266
2248
2267
2249
2268
2250
2269
2251
2270
2252
2271
2253
2272
2254
2273
2255
2274
2256
2275
2257
2276
2258
2277
2259
2278
2279
2261
2280
2679
2262
2281
2263
2282
2264
2283
2265
2284
2266
2285
2267
2286
2268
2287
2269
2288
2270
2289
2271
2290
2272
2291
2273
2292
2274
2293
2275
2294
2276
2295
2277
2296
2278
2297
2279
2298
2299
2281
2300
2699
2282
2301
2283
2302
2284
2303
2285
2304
2286
2305
2287
2306
2288
2307
2289
2308
2290
2309
2291
2310
2292
2311
2293
2312
2294
2313
2295
2314
2296
2315
2297
2316
2298
2317
2299
2318
2319
2301
2320
2719
2302
2321
2303
2322
2304
2323
2305
2324
2306
2325
2307
2326
2308
2327
2309
2328
2310
2329
2311
2330
2312
2331
2313
2332
2314
2333
2315
2334
2316
2335
2317
2336
2318
2337
2319
2338
2339
2321
2340
2739
2322
2341
2323
2342
2324
2343
2325
2344
2326
2345
2327
2346
2328
2347
2329
2348
2330
2349
2331
2350
2332
2351
2333
2352
2334
2353
2335
2354
2336
2355
2337
2356
2338
2357
2339
2358
2359
2341
2360
2759
2342
2361
2343
2362
2344
2363
2345
2364
2346
2365
2347
2366
2348
2367
2349
2368
2350
2369
2351
2370
2352
2371
2353
2372
2354
2373
2355
2374
2356
2375
2357
2376
2358
2377
2359
2378
2379
2361
2380
2779
2362
2381
2363
2382
2364
2383
2365
2384
2366
2385
2367
2386
2368
2387
2369
2388
2370
2389
2371
2390
2372
2391
2373
2392
2374
2393
2375
2394
2376
2395
2377
2396
2378
2397
2379
2398
2399
2381
2799
2382
2383
2384
2385
2386
2387
2388
2389
2390
2391
2392
2393
2394
2395
2396
2397
2398
2399
2401
2420
2819
2402
2421
2403
2422
2404
2423
2405
2424
2406
2425
2407
2426
2408
2427
2409
2428
2410
2429
2411
2430
2412
2431
2413
2432
2414
2433
2415
2434
2416
2435
2417
2436
2418
2437
2419
2438
2439
2421
2440
2839
2422
2441
2423
2442
2424
2443
2425
2444
2426
2445
2427
2446
2428
2447
2429
2448
2430
2449
2431
2450
2432
2451
2433
2452
2434
2453
2435
2454
2436
2455
2437
2456
2438
2457
2439
2458
2459
2441
2460
2859
2442
2461
2443
2462
2444
2463
2445
2464
2446
2465
2447
2466
2448
2467
2449
2468
2450
2469
2451
2470
2452
2471
2453
2472
2454
2473
2455
2474
2456
2475
2457
2476
2458
2477
2459
2478
2479
2461
2480
2879
2462
2481
2463
2482
2464
2483
2465
2484
2466
2485
2467
2486
2468
2487
2469
2488
2470
2489
2471
2490
2472
2491
2473
2492
2474
2493
2475
2494
2476
2495
2477
2496
2478
2497
2479
2498
2499
2481
2500
2899
2482
2501
2483
2502
2484
2503
2485
2504
2486
2505
2487
2506
2488
2507
2489
2508
2490
2509
2491
2510
2492
2511
2493
2512
2494
2513
2495
2514
2496
2515
2497
2516
2498
2517
2499
2518
2519
2501
2520
2919
2502
2521
2503
2522
2504
2523
2505
2524
2506
2525
2507
2526
2508
2527
2509
2528
2510
2529
2511
2530
2512
2531
2513
2532
2514
2533
2515
2534
2516
2535
2517
2536
2518
2537
2519
2538
2539
2521
2540
2939
2522
2541
2523
2542
2524
2543
2525
2544
2526
2545
2527
2546
2528
2547
2529
2548
2530
2549
2531
2550
2532
2551
2533
2552
2534
2553
2535
2554
2536
2555
2537
2556
2538
2557
2539
2558
2559
2541
2560
2959
2542
2561
2543
2562
2544
2563
2545
2564
2546
2565
2547
2566
2548
2567
2549
2568
2550
2569
2551
2570
2552
2571
2553
2572
2554
2573
2555
2574
2556
2575
2557
2576
2558
2577
2559
2578
2579
2561
2580
2979
2562
2581
2563
2582
2564
2583
2565
2584
2566
2585
2567
2586
2568
2587
2569
2588
2570
2589
2571
2590
2572
2591
2573
2592
2574
2593
2575
2594
2576
2595
2577
2596
2578
2597
2579
2598
2599
2581
2600
2999
2582
2601
2583
2602
2584
2603
2585
2604
2586
2605
2587
2606
2588
2607
2589
2608
2590
2609
2591
2610
2592
2611
2593
2612
2594
2613
2595
2614
2596
2615
2597
2616
2598
2617
2599
2618
2619
2601
2620
3019
2602
2621
2603
2622
2604
2623
2605
2624
2606
2625
2607
2626
2608
2627
2609
2628
2610
2629
2611
2630
2612
2631
2613
2632
2614
2633
2615
2634
2616
2635
2617
2636
2618
2637
2619
2638
2639
2621
2640
3039
2622
2641
2623
2642
2624
2643
2625
2644
2626
2645
2627
2646
2628
2647
2629
2648
2630
2649
2631
2650
2632
2651
2633
2652
2634
2653
2635
2654
2636
2655
2637
2656
2638
2657
2639
2658
2659
2641
2660
3059
2642
2661
2643
2662
2644
2663
2645
2664
2646
2665
2647
2666
2648
2667
2649
2668
2650
2669
2651
2670
2652
2671
2653
2672
2654
2673
2655
2674
2656
2675
2657
2676
2658
2677
2659
2678
2679
2661
2680
3079
2662
2681
2663
2682
2664
2683
2665
2684
2666
2685
2667
2686
2668
2687
2669
2688
2670
2689
2671
2690
2672
2691
2673
2692
2674
2693
2675
2694
2676
2695
2677
2696
2678
2697
2679
2698
2699
2681
2700
3099
2682
2701
2683
2702
2684
2703
2685
2704
2686
2705
2687
2706
2688
2707
2689
2708
2690
2709
2691
2710
2692
2711
2693
2712
2694
2713
2695
2714
2696
2715
2697
2716
2698
2717
2699
2718
2719
2701
2720
3119
2702
2721
2703
2722
2704
2723
2705
2724
2706
2725
2707
2726
2708
2727
2709
2728
2710
2729
2711
2730
2712
2731
2713
2732
2714
2733
2715
2734
2716
2735
2717
2736
2718
2737
2719
2738
2739
2721
2740
3139
2722
2741
2723
2742
2724
2743
2725
2744
2726
2745
2727
2746
2728
2747
2729
2748
2730
2749
2731
2750
2732
2751
2733
2752
2734
2753
2735
2754
2736
2755
2737
2756
2738
2757
2739
2758
2759
2741
2760
3159
2742
2761
2743
2762
2744
2763
2745
2764
2746
2765
2747
2766
2748
2767
2749
2768
2750
2769
2751
2770
2752
2771
2753
2772
2754
2773
2755
2774
2756
2775
2757
2776
2758
2777
2759
2778
2779
2761
2780
3179
2762
2781
2763
2782
2764
2783
2765
2784
2766
2785
2767
2786
2768
2787
2769
2788
2770
2789
2771
2790
2772
2791
2773
2792
2774
2793
2775
2794
2776
2795
2777
2796
2778
2797
2779
2798
2799
2781
3199
2782
2783
2784
2785
2786
2787
2788
2789
2790
2791
2792
2793
2794
2795
2796
2797
2798
2799
2801
2820
3209
2802
2821
2803
2822
2804
2823
2805
2824
2806
2825
2807
2826
2808
2827
2809
2828
2810
2829
2811
2830
2812
2831
2813
2832
2814
2833
2815
2834
2816
2835
2817
2836
2818
2837
2819
2838
2839
2821
2840
3219
2822
2841
2823
2842
2824
2843
2825
2844
2826
2845
2827
2846
2828
2847
2829
2848
2830
2849
2831
2850
2832
2851
2833
2852
2834
2853
2835
2854
2836
2855
2837
2856
2838
2857
2839
2858
2859
2841
2860
3229
2842
2861
2843
2862
2844
2863
2845
2864
2846
2865
2847
2866
2848
2867
2849
2868
2850
2869
2851
2870
2852
2871
2853
2872
2854
2873
2855
2874
2856
2875
2857
2876
2858
2877
2859
2878
2879
2861
2880
3239
2862
2881
2863
2882
2864
2883
2865
2884
2866
2885
2867
2886
2868
2887
2869
2888
2870
2889
2871
2890
2872
2891
2873
2892
2874
2893
2875
2894
2876
2895
2877
2896
2878
2897
2879
2898
2899
2881
2900
3249
2882
2901
2883
2902
2884
2903
2885
2904
2886
2905
2887
2906
2888
2907
2889
2908
2890
2909
2891
2910
2892
2911
2893
2912
2894
2913
2895
2914
2896
2915
2897
2916
2898
2917
2899
2918
2919
2901
2920
3259
2902
2921
2903
2922
2904
2923
2905
2924
2906
2925
2907
2926
2908
2927
2909
2928
2910
2929
2911
2930
2912
2931
2913
2932
2914
2933
2915
2934
2916
2935
2917
2936
2918
2937
2919
2938
2939
2921
2940
3269
2922
2941
2923
2942
2924
2943
2925
2944
2926
2945
2927
2946
2928
2947
2929
2948
2930
2949
2931
2950
2932
2951
2933
2952
2934
2953
2935
2954
2936
2955
2937
2956
2938
2957
2939
2958
2959
2941
2960
3279
2942
2961
2943
2962
2944
2963
2945
2964
2946
2965
2947
2966
2948
2967
2949
2968
2950
2969
2951
2970
2952
2971
2953
2972
2954
2973
2955
2974
2956
2975
2957
2976
2958
2977
2959
2978
2979
2961
2980
3289
2962
2981
2963
2982
2964
2983
2965
2984
2966
2985
2967
2986
2968
2987
2969
2988
2970
2989
2971
2990
2972
2991
2973
2992
2974
2993
2975
2994
2976
2995
2977
2996
2978
2997
2979
2998
2999
2981
3000
3299
2982
3001
2983
3002
2984
3003
2985
3004
2986
3005
2987
3006
2988
3007
2989
3008
2990
3009
2991
3010
2992
3011
2993
3012
2994
3013
2995
3014
2996
3015
2997
3016
2998
3017
2999
3018
3019
3001
3020
3309
3002
3021
3003
3022
3004
3023
3005
3024
3006
3025
3007
3026
3008
3027
3009
3028
3010
3029
3011
3030
3012
3031
3013
3032
3014
3033
3015
3034
3016
3035
3017
3036
3018
3037
3019
3038
3039
3021
3040
3319
3022
3041
3023
3042
3024
3043
3025
3044
3026
3045
3027
3046
3028
3047
3029
3048
3030
3049
3031
3050
3032
3051
3033
3052
3034
3053
3035
3054
3036
3055
3037
3056
3038
3057
3039
3058
3059
3041
3060
3329
3042
3061
3043
3062
3044
3063
3045
3064
3046
3065
3047
3066
3048
3067
3049
3068
3050
3069
3051
3070
3052
3071
3053
3072
3054
3073
3055
3074
3056
3075
3057
3076
3058
3077
3059
3078
3079
3061
3080
3339
3062
3081
3063
3082
3064
3083
3065
3084
3066
3085
3067
3086
3068
3087
3069
3088
3070
3089
3071
3090
3072
3091
3073
3092
3074
3093
3075
3094
3076
3095
3077
3096
3078
3097
3079
3098
3099
3081
3100
3349
3082
3101
3083
3102
3084
3103
3085
3104
3086
3105
3087
3106
3088
3107
3089
3108
3090
3109
3091
3110
3092
3111
3093
3112
3094
3113
3095
3114
3096
3115
3097
3116
3098
3117
3099
3118
3119
3101
3120
3359
3102
3121
3103
3122
3104
3123
3105
3124
3106
3125
3107
3126
3108
3127
3109
3128
3110
3129
3111
3130
3112
3131
3113
3132
3114
3133
3115
3134
3116
3135
3117
3136
3118
3137
3119
3138
3139
3121
3140
3369
3122
3141
3123
3142
3124
3143
3125
3144
3126
3145
3127
3146
3128
3147
3129
3148
3130
3149
3131
3150
3132
3151
3133
3152
3134
3153
3135
3154
3136
3155
3137
3156
3138
3157
3139
3158
3159
3141
3160
3379
3142
3161
3143
3162
3144
3163
3145
3164
3146
3165
3147
3166
3148
3167
3149
3168
3150
3169
3151
3170
3152
3171
3153
3172
3154
3173
3155
3174
3156
3175
3157
3176
3158
3177
3159
3178
3179
3161
3180
3389
3162
3181
3163
3182
3164
3183
3165
3184
3166
3185
3167
3186
3168
3187
3169
3188
3170
3189
3171
3190
3172
3191
3173
3192
3174
3193
3175
3194
3176
3195
3177
3196
3178
3197
3179
3198
3199
3181
3399
3182
3183
3184
3185
3186
3187
3188
3189
3190
3191
3192
3193
3194
3195
3196
3197
3198
3199
3201
3210
3590
3202
3211
3591
3203
3212
3592
3204
3213
3593
3205
3214
3594
3206
3215
3595
3207
3216
3596
3208
3217
3597
3209
3218
3598
3219
3599
3211
3220
3212
3221
3213
3222
3214
3223
3215
3224
3216
3225
3217
3226
3218
3227
3219
3228
3229
3221
3230
3222
3231
3223
3232
3224
3233
3225
3234
3226
3235
3227
3236
3228
3237
3229
3238
3239
3231
3240
3232
3241
3233
3242
3234
3243
3235
3244
3236
3245
3237
3246
3238
3247
3239
3248
3249
3241
3250
3242
3251
3243
3252
3244
3253
3245
3254
3246
3255
3247
3256
3248
3257
3249
3258
3259
3251
3260
3252
3261
3253
3262
3254
3263
3255
3264
3256
3265
3257
3266
3258
3267
3259
3268
3269
3261
3270
3262
3271
3263
3272
3264
3273
3265
3274
3266
3275
3267
3276
3268
3277
3269
3278
3279
3271
3280
3272
3281
3273
3282
3274
3283
3275
3284
3276
3285
3277
3286
3278
3287
3279
3288
3289
3281
3290
3282
3291
3283
3292
3284
3293
3285
3294
3286
3295
3287
3296
3288
3297
3289
3298
3299
3291
3300
3292
3301
3293
3302
3294
3303
3295
3304
3296
3305
3297
3306
3298
3307
3299
3308
3309
3301
3310
3302
3311
3303
3312
3304
3313
3305
3314
3306
3315
3307
3316
3308
3317
3309
3318
3319
3311
3320
3312
3321
3313
3322
3314
3323
3315
3324
3316
3325
3317
3326
3318
3327
3319
3328
3329
3321
3330
3322
3331
3323
3332
3324
3333
3325
3334
3326
3335
3327
3336
3328
3337
3329
3338
3339
3331
3340
3332
3341
3333
3342
3334
3343
3335
3344
3336
3345
3337
3346
3338
3347
3339
3348
3349
3341
3350
3342
3351
3343
3352
3344
3353
3345
3354
3346
3355
3347
3356
3348
3357
3349
3358
3359
3351
3360
3352
3361
3353
3362
3354
3363
3355
3364
3356
3365
3357
3366
3358
3367
3359
3368
3369
3361
3370
3362
3371
3363
3372
3364
3373
3365
3374
3366
3375
3367
3376
3368
3377
3369
3378
3379
3371
3380
3372
3381
3373
3382
3374
3383
3375
3384
3376
3385
3377
3386
3378
3387
3379
3388
3389
3381
3390
3382
3391
3383
3392
3384
3393
3385
3394
3386
3395
3387
3396
3388
3397
3389
3398
3399
3391
3392
3393
3394
3395
3396
3397
3398
3399
3401
3410
3790
3402
3411
3791
3403
3412
3792
3404
3413
3793
3405
3414
3794
3406
3415
3795
3407
3416
3796
3408
3417
3797
3409
3418
3798
3419
3799
3411
3420
3412
3421
3413
3422
3414
3423
3415
3424
3416
3425
3417
3426
3418
3427
3419
3428
3429
3421
3430
3422
3431
3423
3432
3424
3433
3425
3434
3426
3435
3427
3436
3428
3437
3429
3438
3439
3431
3440
3432
3441
3433
3442
3434
3443
3435
3444
3436
3445
3437
3446
3438
3447
3439
3448
3449
3441
3450
3442
3451
3443
3452
3444
3453
3445
3454
3446
3455
3447
3456
3448
3457
3449
3458
3459
3451
3460
3452
3461
3453
3462
3454
3463
3455
3464
3456
3465
3457
3466
3458
3467
3459
3468
3469
3461
3470
3462
3471
3463
3472
3464
3473
3465
3474
3466
3475
3467
3476
3468
3477
3469
3478
3479
3471
3480
3472
3481
3473
3482
3474
3483
3475
3484
3476
3485
3477
3486
3478
3487
3479
3488
3489
3481
3490
3482
3491
3483
3492
3484
3493
3485
3494
3486
3495
3487
3496
3488
3497
3489
3498
3499
3491
3500
3492
3501
3493
3502
3494
3503
3495
3504
3496
3505
3497
3506
3498
3507
3499
3508
3509
3501
3510
3502
3511
3503
3512
3504
3513
3505
3514
3506
3515
3507
3516
3508
3517
3509
3518
3519
3511
3520
3512
3521
3513
3522
3514
3523
3515
3524
3516
3525
3517
3526
3518
3527
3519
3528
3529
3521
3530
3522
3531
3523
3532
3524
3533
3525
3534
3526
3535
3527
3536
3528
3537
3529
3538
3539
3531
3540
3532
3541
3533
3542
3534
3543
3535
3544
3536
3545
3537
3546
3538
3547
3539
3548
3549
3541
3550
3542
3551
3543
3552
3544
3553
3545
3554
3546
3555
3547
3556
3548
3557
3549
3558
3559
3551
3560
3552
3561
3553
3562
3554
3563
3555
3564
3556
3565
3557
3566
3558
3567
3559
3568
3569
3561
3570
3562
3571
3563
3572
3564
3573
3565
3574
3566
3575
3567
3576
3568
3577
3569
3578
3579
3571
3580
3572
3581
3573
3582
3574
3583
3575
3584
3576
3585
3577
3586
3578
3587
3579
3588
3589
3581
3590
3582
3591
3583
3592
3584
3593
3585
3594
3586
3595
3587
3596
3588
3597
3589
3598
3599
3591
3592
3593
3594
3595
3596
3597
3598
3599
3601
3610
3990
3602
3611
3991
3603
3612
3992
3604
3613
3993
3605
3614
3994
3606
3615
3995
3607
3616
3996
3608
3617
3997
3609
3618
3998
3619
3999
3611
3620
3612
3621
3613
3622
3614
3623
3615
3624
3616
3625
3617
3626
3618
3627
3619
3628
3629
3621
3630
3622
3631
3623
3632
3624
3633
3625
3634
3626
3635
3627
3636
3628
3637
3629
3638
3639
3631
3640
3632
3641
3633
3642
3634
3643
3635
3644
3636
3645
3637
3646
3638
3647
3639
3648
3649
3641
3650
3642
3651
3643
3652
3644
3653
3645
3654
3646
3655
3647
3656
3648
3657
3649
3658
3659
3651
3660
3652
3661
3653
3662
3654
3663
3655
3664
3656
3665
3657
3666
3658
3667
3659
3668
3669
3661
3670
3662
3671
3663
3672
3664
3673
3665
3674
3666
3675
3667
3676
3668
3677
3669
3678
3679
3671
3680
3672
3681
3673
3682
3674
3683
3675
3684
3676
3685
3677
3686
3678
3687
3679
3688
3689
3681
3690
3682
3691
3683
3692
3684
3693
3685
3694
3686
3695
3687
3696
3688
3697
3689
3698
3699
3691
3700
3692
3701
3693
3702
3694
3703
3695
3704
3696
3705
3697
3706
3698
3707
3699
3708
3709
3701
3710
3702
3711
3703
3712
3704
3713
3705
3714
3706
3715
3707
3716
3708
3717
3709
3718
3719
3711
3720
3712
3721
3713
3722
3714
3723
3715
3724
3716
3725
3717
3726
3718
3727
3719
3728
3729
3721
3730
3722
3731
3723
3732
3724
3733
3725
3734
3726
3735
3727
3736
3728
3737
3729
3738
3739
3731
3740
3732
3741
3733
3742
3734
3743
3735
3744
3736
3745
3737
3746
3738
3747
3739
3748
3749
3741
3750
3742
3751
3743
3752
3744
3753
3745
3754
3746
3755
3747
3756
3748
3757
3749
3758
3759
3751
3760
3752
3761
3753
3762
3754
3763
3755
3764
3756
3765
3757
3766
3758
3767
3759
3768
3769
3761
3770
3762
3771
3763
3772
3764
3773
3765
3774
3766
3775
3767
3776
3768
3777
3769
3778
3779
3771
3780
3772
3781
3773
3782
3774
3783
3775
3784
3776
3785
3777
3786
3778
3787
3779
3788
3789
3781
3790
3782
3791
3783
3792
3784
3793
3785
3794
3786
3795
3787
3796
3788
3797
3789
3798
3799
3791
3792
3793
3794
3795
3796
3797
3798
3799
3801
3810
3802
3811
3803
3812
3804
3813
3805
3814
3806
3815
3807
3816
3808
3817
3809
3818
3819
4000
3811
3820
3812
3821
3813
3822
3814
3823
3815
3824
3816
3825
3817
3826
3818
3827
3819
3828
3829
4020
3821
3830
3822
3831
3823
3832
3824
3833
3825
3834
3826
3835
3827
3836
3828
3837
3829
3838
3839
4040
3831
3840
3832
3841
3833
3842
3834
3843
3835
3844
3836
3845
3837
3846
3838
3847
3839
3848
3849
4060
3841
3850
3842
3851
3843
3852
3844
3853
3845
3854
3846
3855
3847
3856
3848
3857
3849
3858
3859
4080
3851
3860
3852
3861
3853
3862
3854
3863
3855
3864
3856
3865
3857
3866
3858
3867
3859
3868
3869
4100
3861
3870
3862
3871
3863
3872
3864
3873
3865
3874
3866
3875
3867
3876
3868
3877
3869
3878
3879
4120
3871
3880
3872
3881
3873
3882
3874
3883
3875
3884
3876
3885
3877
3886
3878
3887
3879
3888
3889
4140
3881
3890
3882
3891
3883
3892
3884
3893
3885
3894
3886
3895
3887
3896
3888
3897
3889
3898
3899
4160
3891
3900
3892
3901
3893
3902
3894
3903
3895
3904
3896
3905
3897
3906
3898
3907
3899
3908
3909
4180
3901
3910
3902
3911
3903
3912
3904
3913
3905
3914
3906
3915
3907
3916
3908
3917
3909
3918
3919
4200
3911
3920
3912
3921
3913
3922
3914
3923
3915
3924
3916
3925
3917
3926
3918
3927
3919
3928
3929
4220
3921
3930
3922
3931
3923
3932
3924
3933
3925
3934
3926
3935
3927
3936
3928
3937
3929
3938
3939
4240
3931
3940
3932
3941
3933
3942
3934
3943
3935
3944
3936
3945
3937
3946
3938
3947
3939
3948
3949
4260
3941
3950
3942
3951
3943
3952
3944
3953
3945
3954
3946
3955
3947
3956
3948
3957
3949
3958
3959
4280
3951
3960
3952
3961
3953
3962
3954
3963
3955
3964
3956
3965
3957
3966
3958
3967
3959
3968
3969
4300
3961
3970
3962
3971
3963
3972
3964
3973
3965
3974
3966
3975
3967
3976
3968
3977
3969
3978
3979
4320
3971
3980
3972
3981
3973
3982
3974
3983
3975
3984
3976
3985
3977
3986
3978
3987
3979
3988
3989
4340
3981
3990
3982
3991
3983
3992
3984
3993
3985
3994
3986
3995
3987
3996
3988
3997
3989
3998
3999
4360
3991
3992
3993
3994
3995
3996
3997
3998
3999
4380
4001
4020
4002
4021
4003
4022
4004
4023
4005
4024
4006
4025
4007
4026
4008
4027
4009
4028
4010
4029
4011
4030
4012
4031
4013
4032
4014
4033
4015
4034
4016
4035
4017
4036
4018
4037
4019
4038
4039
4400
4021
4040
4022
4041
4023
4042
4024
4043
4025
4044
4026
4045
4027
4046
4028
4047
4029
4048
4030
4049
4031
4050
4032
4051
4033
4052
4034
4053
4035
4054
4036
4055
4037
4056
4038
4057
4039
4058
4059
4420
4041
4060
4042
4061
4043
4062
4044
4063
4045
4064
4046
4065
4047
4066
4048
4067
4049
4068
4050
4069
4051
4070
4052
4071
4053
4072
4054
4073
4055
4074
4056
4075
4057
4076
4058
4077
4059
4078
4079
4440
4061
4080
4062
4081
4063
4082
4064
4083
4065
4084
4066
4085
4067
4086
4068
4087
4069
4088
4070
4089
4071
4090
4072
4091
4073
4092
4074
4093
4075
4094
4076
4095
4077
4096
4078
4097
4079
4098
4099
4460
4081
4100
4082
4101
4083
4102
4084
4103
4085
4104
4086
4105
4087
4106
4088
4107
4089
4108
4090
4109
4091
4110
4092
4111
4093
4112
4094
4113
4095
4114
4096
4115
4097
4116
4098
4117
4099
4118
4119
4480
4101
4120
4102
4121
4103
4122
4104
4123
4105
4124
4106
4125
4107
4126
4108
4127
4109
4128
4110
4129
4111
4130
4112
4131
4113
4132
4114
4133
4115
4134
4116
4135
4117
4136
4118
4137
4119
4138
4139
4500
4121
4140
4122
4141
4123
4142
4124
4143
4125
4144
4126
4145
4127
4146
4128
4147
4129
4148
4130
4149
4131
4150
4132
4151
4133
4152
4134
4153
4135
4154
4136
4155
4137
4156
4138
4157
4139
4158
4159
4520
4141
4160
4142
4161
4143
4162
4144
4163
4145
4164
4146
4165
4147
4166
4148
4167
4149
4168
4150
4169
4151
4170
4152
4171
4153
4172
4154
4173
4155
4174
4156
4175
4157
4176
4158
4177
4159
4178
4179
4540
4161
4180
4162
4181
4163
4182
4164
4183
4165
4184
4166
4185
4167
4186
4168
4187
4169
4188
4170
4189
4171
4190
4172
4191
4173
4192
4174
4193
4175
4194
4176
4195
4177
4196
4178
4197
4179
4198
4199
4560
4181
4200
4182
4201
4183
4202
4184
4203
4185
4204
4186
4205
4187
4206
4188
4207
4189
4208
4190
4209
4191
4210
4192
4211
4193
4212
4194
4213
4195
4214
4196
4215
4197
4216
4198
4217
4199
4218
4219
4580
4201
4220
4202
4221
4203
4222
4204
4223
4205
4224
4206
4225
4207
4226
4208
4227
4209
4228
4210
4229
4211
4230
4212
4231
4213
4232
4214
4233
4215
4234
4216
4235
4217
4236
4218
4237
4219
4238
4239
4600
4221
4240
4222
4241
4223
4242
4224
4243
4225
4244
4226
4245
4227
4246
4228
4247
4229
4248
4230
4249
4231
4250
4232
4251
4233
4252
4234
4253
4235
4254
4236
4255
4237
4256
4238
4257
4239
4258
4259
4620
4241
4260
4242
4261
4243
4262
4244
4263
4245
4264
4246
4265
4247
4266
4248
4267
4249
4268
4250
4269
4251
4270
4252
4271
4253
4272
4254
4273
4255
4274
4256
4275
4257
4276
4258
4277
4259
4278
4279
4640
4261
4280
4262
4281
4263
4282
4264
4283
4265
4284
4266
4285
4267
4286
4268
4287
4269
4288
4270
4289
4271
4290
4272
4291
4273
4292
4274
4293
4275
4294
4276
4295
4277
4296
4278
4297
4279
4298
4299
4660
4281
4300
4282
4301
4283
4302
4284
4303
4285
4304
4286
4305
4287
4306
4288
4307
4289
4308
4290
4309
4291
4310
4292
4311
4293
4312
4294
4313
4295
4314
4296
4315
4297
4316
4298
4317
4299
4318
4319
4680
4301
4320
4302
4321
4303
4322
4304
4323
4305
4324
4306
4325
4307
4326
4308
4327
4309
4328
4310
4329
4311
4330
4312
4331
4313
4332
4314
4333
4315
4334
4316
4335
4317
4336
4318
4337
4319
4338
4339
4700
4321
4340
4322
4341
4323
4342
4324
4343
4325
4344
4326
4345
4327
4346
4328
4347
4329
4348
4330
4349
4331
4350
4332
4351
4333
4352
4334
4353
4335
4354
4336
4355
4337
4356
4338
4357
4339
4358
4359
4720
4341
4360
4342
4361
4343
4362
4344
4363
4345
4364
4346
4365
4347
4366
4348
4367
4349
4368
4350
4369
4351
4370
4352
4371
4353
4372
4354
4373
4355
4374
4356
4375
4357
4376
4358
4377
4359
4378
4379
4740
4361
4380
4362
4381
4363
4382
4364
4383
4365
4384
4366
4385
4367
4386
4368
4387
4369
4388
4370
4389
4371
4390
4372
4391
4373
4392
4374
4393
4375
4394
4376
4395
4377
4396
4378
4397
4379
4398
4399
4760
4381
4382
4383
4384
4385
4386
4387
4388
4389
4390
4391
4392
4393
4394
4395
4396
4397
4398
4399
4780
4401
4420
4402
4421
4403
4422
4404
4423
4405
4424
4406
4425
4407
4426
4408
4427
4409
4428
4410
4429
4411
4430
4412
4431
4413
4432
4414
4433
4415
4434
4416
4435
4417
4436
4418
4437
4419
4438
4439
4800
4421
4440
4422
4441
4423
4442
4424
4443
4425
4444
4426
4445
4427
4446
4428
4447
4429
4448
4430
4449
4431
4450
4432
4451
4433
4452
4434
4453
4435
4454
4436
4455
4437
4456
4438
4457
4439
4458
4459
4820
4441
4460
4442
4461
4443
4462
4444
4463
4445
4464
4446
4465
4447
4466
4448
4467
4449
4468
4450
4469
4451
4470
4452
4471
4453
4472
4454
4473
4455
4474
4456
4475
4457
4476
4458
4477
4459
4478
4479
4840
4461
4480
4462
4481
4463
4482
4464
4483
4465
4484
4466
4485
4467
4486
4468
4487
4469
4488
4470
4489
4471
4490
4472
4491
4473
4492
4474
4493
4475
4494
4476
4495
4477
4496
4478
4497
4479
4498
4499
4860
4481
4500
4482
4501
4483
4502
4484
4503
4485
4504
4486
4505
4487
4506
4488
4507
4489
4508
4490
4509
4491
4510
4492
4511
4493
4512
4494
4513
4495
4514
4496
4515
4497
4516
4498
4517
4499
4518
4519
4880
4501
4520
4502
4521
4503
4522
4504
4523
4505
4524
4506
4525
4507
4526
4508
4527
4509
4528
4510
4529
4511
4530
4512
4531
4513
4532
4514
4533
4515
4534
4516
4535
4517
4536
4518
4537
4519
4538
4539
4900
4521
4540
4522
4541
4523
4542
4524
4543
4525
4544
4526
4545
4527
4546
4528
4547
4529
4548
4530
4549
4531
4550
4532
4551
4533
4552
4534
4553
4535
4554
4536
4555
4537
4556
4538
4557
4539
4558
4559
4920
4541
4560
4542
4561
4543
4562
4544
4563
4545
4564
4546
4565
4547
4566
4548
4567
4549
4568
4550
4569
4551
4570
4552
4571
4553
4572
4554
4573
4555
4574
4556
4575
4557
4576
4558
4577
4559
4578
4579
4940
4561
4580
4562
4581
4563
4582
4564
4583
4565
4584
4566
4585
4567
4586
4568
4587
4569
4588
4570
4589
4571
4590
4572
4591
4573
4592
4574
4593
4575
4594
4576
4595
4577
4596
4578
4597
4579
4598
4599
4960
4581
4600
4582
4601
4583
4602
4584
4603
4585
4604
4586
4605
4587
4606
4588
4607
4589
4608
4590
4609
4591
4610
4592
4611
4593
4612
4594
4613
4595
4614
4596
4615
4597
4616
4598
4617
4599
4618
4619
4980
4601
4620
4602
4621
4603
4622
4604
4623
4605
4624
4606
4625
4607
4626
4608
4627
4609
4628
4610
4629
4611
4630
4612
4631
4613
4632
4614
4633
4615
4634
4616
4635
4617
4636
4618
4637
4619
4638
4639
5000
4621
4640
4622
4641
4623
4642
4624
4643
4625
4644
4626
4645
4627
4646
4628
4647
4629
4648
4630
4649
4631
4650
4632
4651
4633
4652
4634
4653
4635
4654
4636
4655
4637
4656
4638
4657
4639
4658
4659
5020
4641
4660
4642
4661
4643
4662
4644
4663
4645
4664
4646
4665
4647
4666
4648
4667
4649
4668
4650
4669
4651
4670
4652
4671
4653
4672
4654
4673
4655
4674
4656
4675
4657
4676
4658
4677
4659
4678
4679
5040
4661
4680
4662
4681
4663
4682
4664
4683
4665
4684
4666
4685
4667
4686
4668
4687
4669
4688
4670
4689
4671
4690
4672
4691
4673
4692
4674
4693
4675
4694
4676
4695
4677
4696
4678
4697
4679
4698
4699
5060
4681
4700
4682
4701
4683
4702
4684
4703
4685
4704
4686
4705
4687
4706
4688
4707
4689
4708
4690
4709
4691
4710
4692
4711
4693
4712
4694
4713
4695
4714
4696
4715
4697
4716
4698
4717
4699
4718
4719
5080
4701
4720
4702
4721
4703
4722
4704
4723
4705
4724
4706
4725
4707
4726
4708
4727
4709
4728
4710
4729
4711
4730
4712
4731
4713
4732
4714
4733
4715
4734
4716
4735
4717
4736
4718
4737
4719
4738
4739
5100
4721
4740
4722
4741
4723
4742
4724
4743
4725
4744
4726
4745
4727
4746
4728
4747
4729
4748
4730
4749
4731
4750
4732
4751
4733
4752
4734
4753
4735
4754
4736
4755
4737
4756
4738
4757
4739
4758
4759
5120
4741
4760
4742
4761
4743
4762
4744
4763
4745
4764
4746
4765
4747
4766
4748
4767
4749
4768
4750
4769
4751
4770
4752
4771
4753
4772
4754
4773
4755
4774
4756
4775
4757
4776
4758
4777
4759
4778
4779
5140
4761
4780
4762
4781
4763
4782
4764
4783
4765
4784
4766
4785
4767
4786
4768
4787
4769
4788
4770
4789
4771
4790
4772
4791
4773
4792
4774
4793
4775
4794
4776
4795
4777
4796
4778
4797
4779
4798
4799
5160
4781
4782
4783
4784
4785
4786
4787
4788
4789
4790
4791
4792
4793
4794
4795
4796
4797
4798
4799
5180
4801
4820
4802
4821
4803
4822
4804
4823
4805
4824
4806
4825
4807
4826
4808
4827
4809
4828
4810
4829
4811
4830
4812
4831
4813
4832
4814
4833
4815
4834
4816
4835
4817
4836
4818
4837
4819
4838
4839
4821
4840
4822
4841
4823
4842
4824
4843
4825
4844
4826
4845
4827
4846
4828
4847
4829
4848
4830
4849
4831
4850
4832
4851
4833
4852
4834
4853
4835
4854
4836
4855
4837
4856
4838
4857
4839
4858
4859
4841
4860
4842
4861
4843
4862
4844
4863
4845
4864
4846
4865
4847
4866
4848
4867
4849
4868
4850
4869
4851
4870
4852
4871
4853
4872
4854
4873
4855
4874
4856
4875
4857
4876
4858
4877
4859
4878
4879
4861
4880
4862
4881
4863
4882
4864
4883
4865
4884
4866
4885
4867
4886
4868
4887
4869
4888
4870
4889
4871
4890
4872
4891
4873
4892
4874
4893
4875
4894
4876
4895
4877
4896
4878
4897
4879
4898
4899
4881
4900
4882
4901
4883
4902
4884
4903
4885
4904
4886
4905
4887
4906
4888
4907
4889
4908
4890
4909
4891
4910
4892
4911
4893
4912
4894
4913
4895
4914
4896
4915
4897
4916
4898
4917
4899
4918
4919
4901
4920
4902
4921
4903
4922
4904
4923
4905
4924
4906
4925
4907
4926
4908
4927
4909
4928
4910
4929
4911
4930
4912
4931
4913
4932
4914
4933
4915
4934
4916
4935
4917
4936
4918
4937
4919
4938
4939
4921
4940
4922
4941
4923
4942
4924
4943
4925
4944
4926
4945
4927
4946
4928
4947
4929
4948
4930
4949
4931
4950
4932
4951
4933
4952
4934
4953
4935
4954
4936
4955
4937
4956
4938
4957
4939
4958
4959
4941
4960
4942
4961
4943
4962
4944
4963
4945
4964
4946
4965
4947
4966
4948
4967
4949
4968
4950
4969
4951
4970
4952
4971
4953
4972
4954
4973
4955
4974
4956
4975
4957
4976
4958
4977
4959
4978
4979
4961
4980
4962
4981
4963
4982
4964
4983
4965
4984
4966
4985
4967
4986
4968
4987
4969
4988
4970
4989
4971
4990
4972
4991
4973
4992
4974
4993
4975
4994
4976
4995
4977
4996
4978
4997
4979
4998
4999
4981
5000
4982
5001
4983
5002
4984
5003
4985
5004
4986
5005
4987
5006
4988
5007
4989
5008
4990
5009
4991
5010
4992
5011
4993
5012
4994
5013
4995
5014
4996
5015
4997
5016
4998
5017
4999
5018
5019
5001
5020
5002
5021
5003
5022
5004
5023
5005
5024
5006
5025
5007
5026
5008
5027
5009
5028
5010
5029
5011
5030
5012
5031
5013
5032
5014
5033
5015
5034
5016
5035
5017
5036
5018
5037
5019
5038
5039
5021
5040
5022
5041
5023
5042
5024
5043
5025
5044
5026
5045
5027
5046
5028
5047
5029
5048
5030
5049
5031
5050
5032
5051
5033
5052
5034
5053
5035
5054
5036
5055
5037
5056
5038
5057
5039
5058
5059
5041
5060
5042
5061
5043
5062
5044
5063
5045
5064
5046
5065
5047
5066
5048
5067
5049
5068
5050
5069
5051
5070
5052
5071
5053
5072
5054
5073
5055
5074
5056
5075
5057
5076
5058
5077
5059
5078
5079
5061
5080
5062
5081
5063
5082
5064
5083
5065
5084
5066
5085
5067
5086
5068
5087
5069
5088
5070
5089
5071
5090
5072
5091
5073
5092
5074
5093
5075
5094
5076
5095
5077
5096
5078
5097
5079
5098
5099
5081
5100
5082
5101
5083
5102
5084
5103
5085
5104
5086
5105
5087
5106
5088
5107
5089
5108
5090
5109
5091
5110
5092
5111
5093
5112
5094
5113
5095
5114
5096
5115
5097
5116
5098
5117
5099
5118
5119
5101
5120
5102
5121
5103
5122
5104
5123
5105
5124
5106
5125
5107
5126
5108
5127
5109
5128
5110
5129
5111
5130
5112
5131
5113
5132
5114
5133
5115
5134
5116
5135
5117
5136
5118
5137
5119
5138
5139
5121
5140
5122
5141
5123
5142
5124
5143
5125
5144
5126
5145
5127
5146
5128
5147
5129
5148
5130
5149
5131
5150
5132
5151
5133
5152
5134
5153
5135
5154
5136
5155
5137
5156
5138
5157
5139
5158
5159
5141
5160
5142
5161
5143
5162
5144
5163
5145
5164
5146
5165
5147
5166
5148
5167
5149
5168
5150
5169
5151
5170
5152
5171
5153
5172
5154
5173
5155
5174
5156
5175
5157
5176
5158
5177
5159
5178
5179
5161
5180
5162
5181
5163
5182
5164
5183
5165
5184
5166
5185
5167
5186
5168
5187
5169
5188
5170
5189
5171
5190
5172
5191
5173
5192
5174
5193
5175
5194
5176
5195
5177
5196
5178
5197
5179
5198
5199
5181
5200
5182
5201
5183
5202
5184
5203
5185
5204
5186
5205
5187
5206
5188
5207
5189
5208
5190
5209
5191
5210
5192
5211
5193
5212
5194
5213
5195
5214
5196
5215
5197
5216
5198
5217
5199
5218
5219
5201
5220
5202
5221
5203
5222
5204
5223
5205
5224
5206
5225
5207
5226
5208
5227
5209
5228
5210
5229
5211
5230
5212
5231
5213
5232
5214
5233
5215
5234
5216
5235
5217
5236
5218
5237
5219
5238
5239
5221
5240
5222
5241
5223
5242
5224
5243
5225
5244
5226
5245
5227
5246
5228
5247
5229
5248
5230
5249
5231
5250
5232
5251
5233
5252
5234
5253
5235
5254
5236
5255
5237
5256
5238
5257
5239
5258
5259
5241
5260
5242
5261
5243
5262
5244
5263
5245
5264
5246
5265
5247
5266
5248
5267
5249
5268
5250
5269
5251
5270
5252
5271
5253
5272
5254
5273
5255
5274
5256
5275
5257
5276
5258
5277
5259
5278
5279
5261
5280
5262
5281
5263
5282
5264
5283
5265
5284
5266
5285
5267
5286
5268
5287
5269
5288
5270
5289
5271
5290
5272
5291
5273
5292
5274
5293
5275
5294
5276
5295
5277
5296
5278
5297
5279
5298
5299
5281
5300
5282
5301
5283
5302
5284
5303
5285
5304
5286
5305
5287
5306
5288
5307
5289
5308
5290
5309
5291
5310
5292
5311
5293
5312
5294
5313
5295
5314
5296
5315
5297
5316
5298
5317
5299
5318
5319
5301
5320
5302
5321
5303
5322
5304
5323
5305
5324
5306
5325
5307
5326
5308
5327
5309
5328
5310
5329
5311
5330
5312
5331
5313
5332
5314
5333
5315
5334
5316
5335
5317
5336
5318
5337
5319
5338
5339
5321
5340
5322
5341
5323
5342
5324
5343
5325
5344
5326
5345
5327
5346
5328
5347
5329
5348
5330
5349
5331
5350
5332
5351
5333
5352
5334
5353
5335
5354
5336
5355
5337
5356
5338
5357
5339
5358
5359
5341
5360
5342
5361
5343
5362
5344
5363
5345
5364
5346
5365
5347
5366
5348
5367
5349
5368
5350
5369
5351
5370
5352
5371
5353
5372
5354
5373
5355
5374
5356
5375
5357
5376
5358
5377
5359
5378
5379
5361
5380
5362
5381
5363
5382
5364
5383
5365
5384
5366
5385
5367
5386
5368
5387
5369
5388
5370
5389
5371
5390
5372
5391
5373
5392
5374
5393
5375
5394
5376
5395
5377
5396
5378
5397
5379
5398
5399
5381
5400
5382
5401
5383
5402
5384
5403
5385
5404
5386
5405
5387
5406
5388
5407
5389
5408
5390
5409
5391
5410
5392
5411
5393
5412
5394
5413
5395
5414
5396
5415
5397
5416
5398
5417
5399
5418
5419
5401
5420
5402
5421
5403
5422
5404
5423
5405
5424
5406
5425
5407
5426
5408
5427
5409
5428
5410
5429
5411
5430
5412
5431
5413
5432
5414
5433
5415
5434
5416
5435
5417
5436
5418
5437
5419
5438
5439
5421
5440
5422
5441
5423
5442
5424
5443
5425
5444
5426
5445
5427
5446
5428
5447
5429
5448
5430
5449
5431
5450
5432
5451
5433
5452
5434
5453
5435
5454
5436
5455
5437
5456
5438
5457
5439
5458
5459
5441
5460
5442
5461
5443
5462
5444
5463
5445
5464
5446
5465
5447
5466
5448
5467
5449
5468
5450
5469
5451
5470
5452
5471
5453
5472
5454
5473
5455
5474
5456
5475
5457
5476
5458
5477
5459
5478
5479
5461
5480
5462
5481
5463
5482
5464
5483
5465
5484
5466
5485
5467
5486
5468
5487
5469
5488
5470
5489
5471
5490
5472
5491
5473
5492
5474
5493
5475
5494
5476
5495
5477
5496
5478
5497
5479
5498
5499
5481
5500
5482
5501
5483
5502
5484
5503
5485
5504
5486
5505
5487
5506
5488
5507
5489
5508
5490
5509
5491
5510
5492
5511
5493
5512
5494
5513
5495
5514
5496
5515
5497
5516
5498
5517
5499
5518
5519
5501
5520
5502
5521
5503
5522
5504
5523
5505
5524
5506
5525
5507
5526
5508
5527
5509
5528
5510
5529
5511
5530
5512
5531
5513
5532
5514
5533
5515
5534
5516
5535
5517
5536
5518
5537
5519
5538
5539
5521
5540
5522
5541
5523
5542
5524
5543
5525
5544
5526
5545
5527
5546
5528
5547
5529
5548
5530
5549
5531
5550
5532
5551
5533
5552
5534
5553
5535
5554
5536
5555
5537
5556
5538
5557
5539
5558
5559
5541
5560
5542
5561
5543
5562
5544
5563
5545
5564
5546
5565
5547
5566
5548
5567
5549
5568
5550
5569
5551
5570
5552
5571
5553
5572
5554
5573
5555
5574
5556
5575
5557
5576
5558
5577
5559
5578
5579
5561
5580
5562
5581
5563
5582
5564
5583
5565
5584
5566
5585
5567
5586
5568
5587
5569
5588
5570
5589
5571
5590
5572
5591
5573
5592
5574
5593
5575
5594
5576
5595
5577
5596
5578
5597
5579
5598
5599
5581
5582
5583
5584
5585
5586
5587
5588
5589
5590
5591
5592
5593
5594
5595
5596
5597
5598
5599
)


// ************************************************************************* //
